Barcode,Topic 1,Topic 2to4,Topic 5,Topic 6to8,Topic 9,Topic 10,Topic 11to12
AAACAAGTATCTCCCA-1,0.000011,0.121214,0.037538,0.80437,0.01181,0.01102,0.014037
AAACAATCTACTAGCA-1,0.000033,0.000098,0.000033,0.000098,0.641923,0.057065,0.300751
AAACACCAATAACTGC-1,0.00001,0.77171,0.008279,0.146595,0.00629,0.034379,0.032737
AAACAGAGCGACTCCT-1,0.000108,0.000325,0.000108,0.000325,0.000108,0.503326,0.495699
AAACAGCTTTCAGAAG-1,0.000009,0.824315,0.008538,0.077679,0.016128,0.042932,0.030398
AAACAGGGTCTATATT-1,0.000011,0.707628,0.020263,0.078534,0.013914,0.039452,0.140199
AAACATTTCCCGGATT-1,0.000013,0.195088,0.019345,0.661166,0.024943,0.019773,0.079672
AAACCACTACACAGAT-1,0.000106,0.294996,0.000106,0.028924,0.111862,0.070146,0.493861
AAACCCGAACGAAATC-1,0.000011,0.169235,0.037019,0.725023,0.024937,0.016509,0.027267
AAACCGGAAATGTTAA-1,0.053194,0.116771,0.087762,0.242997,0.030984,0.097759,0.370533
AAACCGGGTAGGTACC-1,0.00002,0.562835,0.00455,0.243165,0.015195,0.079004,0.095232
AAACCGTTCGTCCAGG-1,0.000021,0.239932,0.006893,0.272058,0.067564,0.098852,0.31468
AAACCTAAGCAGCCGG-1,0.000016,0.177266,0.026333,0.303724,0.026705,0.33892,0.127035
AAACCTCATGAAGTTG-1,0.00001,0.687257,0.013894,0.226719,0.015237,0.023397,0.033487
AAACGAAGAACATACC-1,0.000011,0.004245,0.000011,0.326261,0.66944,0.000011,0.000022
AAACGACAGTCTTGCC-1,0.000163,0.013429,0.000163,0.038529,0.000163,0.575728,0.371824
AAACGAGACGGTTGAT-1,0.334898,0.125442,0.226583,0.173877,0.008228,0.018303,0.112669
AAACGCCCGAGATCGG-1,0.000185,0.000554,0.000185,0.000554,0.000185,0.250361,0.747976
AAACGGGTTGGTATCC-1,0.000074,0.000222,0.000074,0.000222,0.861028,0.049944,0.088435
AAACGTGTTCGCCCTA-1,0.019578,0.063396,0.009128,0.368421,0.000078,0.021507,0.517892
AAACTAACGTGGCGAC-1,0.000152,0.000455,0.000152,0.477996,0.000152,0.337072,0.184023
AAACTCGGTTCGCAAT-1,0.000017,0.381836,0.009008,0.225716,0.026847,0.237409,0.119166
AAACTCGTGATATAAG-1,0.03674,0.000221,0.084003,0.44036,0.016036,0.109429,0.313212
AAACTGCTGGCTCCAA-1,0.006403,0.129076,0.049095,0.213627,0.009876,0.304482,0.287442
AAACTTGCAAACGTAT-1,0.000007,0.863928,0.005325,0.054157,0.014074,0.013616,0.048893
AAAGACATGAAGTTTA-1,0.000017,0.194977,0.000017,0.125414,0.617887,0.054268,0.00742
AAAGACCCAAGTCGCG-1,0.000033,0.018496,0.004709,0.001589,0.460466,0.29103,0.223677
AAAGACTGGGCGCTTT-1,0.065221,0.40502,0.075886,0.175004,0.0167,0.199722,0.062447
AAAGCTTGCCTACATA-1,0.021913,0.000169,0.000056,0.000169,0.073474,0.694752,0.209467
AAAGGCTACGGACCAT-1,0.000015,0.300521,0.001015,0.433707,0.042464,0.154511,0.067767
AAAGGCTCTCGCGCCG-1,0.000015,0.272794,0.000965,0.523167,0.046788,0.094417,0.061855
AAAGGGATGTAGCAAG-1,0.000066,0.000199,0.000066,0.000199,0.265781,0.59441,0.139279
AAAGGGCAGCTTGAAT-1,0.000047,0.141089,0.000047,0.000141,0.023261,0.81614,0.019275
AAAGGTAAGCTGTACC-1,0.000075,0.079987,0.000075,0.323082,0.000075,0.069318,0.527387
AAAGGTCAACGACATG-1,0.000014,0.034813,0.000014,0.5787,0.386416,0.000014,0.000029
AAAGTAGCATTGCTCA-1,0.000022,0.458535,0.000022,0.036067,0.008371,0.143522,0.353459
AAAGTCACTGATGTAA-1,0.000038,0.034994,0.000038,0.161358,0.333844,0.099919,0.369809
AAAGTCGACCCTCAGT-1,0.002482,0.623767,0.004016,0.323721,0.038478,0.001214,0.006322
AAAGTGTGATTTATCT-1,0.000022,0.043476,0.059613,0.666109,0.00176,0.139843,0.089176
AAAGTTGACTCCCGTA-1,0.00003,0.058188,0.071185,0.323029,0.032531,0.316369,0.198669
AAATAACCATACGGGA-1,0.00006,0.000181,0.00006,0.029225,0.00006,0.060599,0.909814
AAATAAGGTAGTGCCC-1,0.014261,0.154243,0.339994,0.140578,0.049888,0.106946,0.194089
AAATACCTATAAGCAT-1,0.000021,0.27164,0.017561,0.469527,0.009669,0.114485,0.117099
AAATAGCTTAGACTTT-1,0.028387,0.083273,0.171882,0.159389,0.037494,0.329349,0.190227
AAATAGGGTGCTATTG-1,0.000023,0.140872,0.043057,0.479408,0.013494,0.221615,0.10153
AAATCACTCCTAAACG-1,0.000156,0.000469,0.000156,0.284238,0.003389,0.36105,0.350541
AAATCCGATACACGCC-1,0.000009,0.054619,0.014316,0.614191,0.061937,0.033483,0.221445
AAATCGTGTACCACAA-1,0.000028,0.228533,0.003839,0.443932,0.035508,0.157095,0.131066
AAATCTAGCCCTGCTA-1,0.000011,0.138606,0.014777,0.744004,0.024933,0.021957,0.055711
AAATGATTCGATCAGC-1,0.000138,0.037815,0.000138,0.168138,0.000138,0.38174,0.411894
AAATGCTCGTTACGTT-1,0.00005,0.000151,0.00005,0.000151,0.759862,0.037955,0.20178
AAATGGCATGTCTTGT-1,0.000035,0.006369,0.023031,0.423849,0.15932,0.023381,0.364015
AAATGGCCCGTGCCCT-1,0.025708,0.708037,0.006551,0.057463,0.038472,0.044955,0.118814
AAATGGTCAATGTGCC-1,0.000047,0.00014,0.000047,0.00014,0.047365,0.864086,0.088176
AAATGTATCTTATCCC-1,0.244111,0.119509,0.000077,0.000231,0.000077,0.635841,0.000154
AAATGTGGGTGCTCCT-1,0.000037,0.00011,0.000037,0.00011,0.611403,0.039276,0.349026
AAATTAACGGGTAGCT-1,0.000086,0.000257,0.000086,0.000257,0.000086,0.999058,0.000171
AAATTAATAAGCGCGA-1,0.010103,0.379261,0.001033,0.019244,0.031575,0.462904,0.095881
AAATTACACGACTCTG-1,0.00005,0.077092,0.00005,0.054553,0.256831,0.033139,0.578286
AAATTACCTATCGATG-1,0.048703,0.000139,0.000046,0.050508,0.000046,0.810865,0.089692
AAATTCCAGGTCCAAA-1,0.002857,0.127972,0.268082,0.375447,0.046301,0.062784,0.116558
AAATTGATAGTCCTTT-1,0.000021,0.340219,0.001075,0.353403,0.031727,0.112048,0.161507
AAATTGCGGCGGTTCT-1,0.000098,0.000294,0.000098,0.000294,0.278286,0.175675,0.545254
AAATTGGTGAGAAGCA-1,0.000027,0.059608,0.000027,0.871175,0.000027,0.000027,0.069107
AAATTTACCGAAATCC-1,0.000039,0.082123,0.000039,0.01045,0.085665,0.807169,0.014514
AAATTTGCGGGTGTGG-1,0.000024,0.439716,0.010637,0.169869,0.002551,0.078911,0.298293
AACAACTGGTAGTTGC-1,0.000082,0.000247,0.000082,0.000247,0.080198,0.865772,0.05337
AACAATACATTGTCGA-1,0.00001,0.291011,0.007024,0.569592,0.023705,0.041985,0.066673
AACAATTACTCTACGC-1,0.000045,0.34993,0.000045,0.000364,0.017358,0.476452,0.155806
AACACACGCTCGCCGC-1,0.000012,0.095291,0.009435,0.824,0.011367,0.010687,0.049209
AACACGACTGTACTGA-1,0.000022,0.040319,0.000022,0.289143,0.510527,0.002214,0.157751
AACACGAGACGCGGCC-1,0.00002,0.448807,0.001626,0.094128,0.011028,0.190209,0.254182
AACACGCGGCCGCGAA-1,0.000028,0.000085,0.001309,0.000085,0.663189,0.000028,0.335277
AACAGCTGTGTGGCAA-1,0.000014,0.541444,0.002605,0.081411,0.02071,0.129574,0.224242
AACAGGAAATCGAATA-1,0.000024,0.000072,0.001822,0.231747,0.674976,0.08372,0.007639
AACAGGATGGGCCGCG-1,0.000038,0.383329,0.018447,0.042541,0.085127,0.267545,0.202973
AACAGGTAGTATGGAT-1,0.000021,0.042569,0.212766,0.441293,0.01106,0.145532,0.14676
AACATATCAACTGGTG-1,0.100813,0.000133,0.000044,0.000133,0.000044,0.889946,0.008886
AACATCGATACGTCTA-1,0.000101,0.026957,0.006982,0.295985,0.000101,0.094174,0.5757
AACATTGTGACTCGAG-1,0.000007,0.494398,0.003925,0.455492,0.022012,0.014296,0.00987
AACCAAGACTTCTCTG-1,0.000024,0.433153,0.000024,0.019079,0.008095,0.348048,0.191578
AACCAGTATCACTCTT-1,0.000069,0.235,0.000069,0.000207,0.391562,0.13949,0.233604
AACCATGGGATCGCTA-1,0.000056,0.000167,0.000056,0.000167,0.743312,0.010541,0.245701
AACCCAGAGACGGAGA-1,0.000032,0.000097,0.000032,0.000097,0.789608,0.000032,0.2101
AACCCATCCCATGATC-1,0.000011,0.868876,0.001632,0.043404,0.003399,0.007623,0.075055
AACCCGAGCAGAATCG-1,0.012536,0.12834,0.037585,0.762416,0.01648,0.027947,0.014695
AACCCGATAGGGCTTC-1,0.000041,0.00305,0.000443,0.488733,0.021522,0.129824,0.356387
AACCCTACTGTCAATA-1,0.000028,0.056598,0.137811,0.3676,0.034944,0.139236,0.263784
AACCCTGGTGGAACCA-1,0.000025,0.035677,0.000025,0.000075,0.438829,0.142842,0.382527
AACCGAGCTTGGTCAT-1,0.009528,0.004008,0.00005,0.073061,0.290441,0.488978,0.133935
AACCGCTAAGGGATGC-1,0.000018,0.142871,0.003456,0.584576,0.002217,0.090569,0.176293
AACCGTTGTGTTTGCT-1,0.000069,0.000206,0.000069,0.000206,0.604666,0.254155,0.14063
AACCTAAAGCCGTCCG-1,0.00002,0.061774,0.003619,0.058458,0.644178,0.026416,0.205534
AACCTCGCTTTAGCCC-1,0.000022,0.283069,0.005897,0.318008,0.024784,0.082323,0.285897
AACCTGTCACGGAATT-1,0.001791,0.168725,0.107606,0.567198,0.031386,0.071834,0.05146
AACCTTTAAATACGGT-1,0.000025,0.254956,0.00391,0.258353,0.097356,0.229542,0.155859
AACCTTTACGACGTCT-1,0.019814,0.000307,0.000102,0.000307,0.000102,0.187849,0.791519
AACGATAATGCCGTAG-1,0.00002,0.225278,0.001807,0.444005,0.004223,0.09969,0.224976
AACGATAGAAGGGCCG-1,0.000054,0.06719,0.049528,0.0427,0.198244,0.134042,0.508242
AACGATATGTCAACTG-1,0.019987,0.002382,0.00156,0.401302,0.025957,0.223955,0.324856
AACGCATGATCTGGGT-1,0.000055,0.026189,0.001433,0.426086,0.000055,0.121173,0.425008
AACGCGAACGGCAACA-1,0.000019,0.000057,0.005265,0.138717,0.536701,0.000262,0.31898
AACGCGGTCTCCAGCC-1,0.009428,0.000167,0.000056,0.000167,0.362918,0.383449,0.243816
AACGCTGTTGCTGAAA-1,0.000023,0.069999,0.018363,0.527411,0.022567,0.038782,0.322855
AACGGACGTACGTATA-1,0.000021,0.095507,0.008867,0.450982,0.005253,0.055814,0.383557
AACGGCCATCTCCGGT-1,0.000031,0.213781,0.000031,0.025319,0.028673,0.281802,0.450362
AACGTACTGTGGGTAC-1,0.000037,0.287683,0.00558,0.128882,0.050986,0.248901,0.277931
AACGTAGTCTACCCAT-1,0.000038,0.000114,0.000038,0.000114,0.780664,0.000038,0.218993
AACGTCAGACTAGTGG-1,0.000039,0.08575,0.000039,0.175866,0.664308,0.073919,0.000078
AACGTGATGAAGGACA-1,0.000051,0.004192,0.001674,0.080663,0.248023,0.052612,0.612784
AACGTGCGAAAGTCTC-1,0.082546,0.064693,0.052619,0.436631,0.040146,0.216348,0.107016
AACGTTATCAGCACCT-1,0.019007,0.000181,0.00006,0.000181,0.024314,0.956135,0.000121
AACTACCCGTTTGTCA-1,0.000026,0.092848,0.05645,0.346717,0.041174,0.140389,0.322395
AACTAGCGTATCGCAC-1,0.000047,0.006694,0.000047,0.000142,0.432043,0.13802,0.423008
AACTAGGCTTGGGTGT-1,0.000042,0.259091,0.000042,0.022023,0.02206,0.43154,0.265201
AACTCAAGTTAATTGC-1,0.000026,0.394267,0.001281,0.102952,0.000268,0.206952,0.294254
AACTCCAGAGCGTGTT-1,0.00001,0.135568,0.00745,0.848578,0.00379,0.000032,0.004571
AACTCCTAATCCCATG-1,0.000044,0.039039,0.000298,0.131486,0.000044,0.143788,0.685302
AACTCGATGGCGCAGT-1,0.000044,0.000133,0.000044,0.000133,0.732542,0.001347,0.265756
AACTCTCAATAGAGCG-1,0.073851,0.126142,0.23204,0.090048,0.087206,0.157985,0.232728
AACTCTCAGTGTGCTC-1,0.000021,0.218506,0.003717,0.456147,0.034964,0.082698,0.203946
AACTGAGGTCAGCGTC-1,0.000311,0.284444,0.000311,0.000933,0.000311,0.358267,0.355423
AACTGAGTTATACTGA-1,0.000009,0.107845,0.008232,0.883074,0.000724,0.000009,0.000108
AACTGATATTAGGCCT-1,0.000034,0.022795,0.000034,0.098012,0.816466,0.011561,0.051098
AACTGGGTCCCGACGT-1,0.004648,0.010948,0.000016,0.365193,0.608299,0.010864,0.000032
AACTGGGTTCGAGCCG-1,0.000018,0.07815,0.000018,0.257665,0.658248,0.000018,0.005882
AACTGGTGTGGGCCTT-1,0.000016,0.000592,0.000016,0.605023,0.056429,0.093721,0.244203
AACTTCTGCGTCTATC-1,0.000071,0.000214,0.000071,0.000214,0.36099,0.618647,0.019793
AACTTGCCCGTATGCA-1,0.002952,0.59883,0.02193,0.093338,0.007493,0.19391,0.081548
AACTTGCGTTCTCGCG-1,0.000024,0.004629,0.000024,0.228051,0.764296,0.002928,0.000048
AACTTTACGGGAGCTT-1,0.00722,0.34751,0.000035,0.248804,0.027219,0.267148,0.102064
AACTTTAGCTGCTGAG-1,0.000051,0.000154,0.000051,0.000154,0.592714,0.133821,0.273054
AACTTTCTCGATCATG-1,0.000113,0.000338,0.000113,0.181584,0.000113,0.639211,0.178528
AAGAAATCACCAGATT-1,0.000294,0.000883,0.000294,0.54918,0.000294,0.409948,0.039106
AAGAAGGATCAGTTAG-1,0.000041,0.000122,0.000041,0.000122,0.891572,0.050001,0.058101
AAGACCCAACTGAACA-1,0.000016,0.357448,0.002713,0.184446,0.042924,0.159424,0.253028
AAGACTAACCCGTTGT-1,0.000014,0.000043,0.000014,0.009674,0.924304,0.000014,0.065937
AAGACTCACGCCCACT-1,0.000031,0.093971,0.000031,0.066205,0.459844,0.000031,0.379888
AAGACTGCAAGCTACT-1,0.05509,0.252402,0.01947,0.168096,0.024917,0.455214,0.024811
AAGAGATGAATCGGTA-1,0.000042,0.173235,0.000085,0.071071,0.063456,0.535758,0.156354
AAGAGCTCTTTATCGG-1,0.38594,0.101463,0.204207,0.032363,0.02984,0.060983,0.185204
AAGAGGATGTACGCGA-1,0.000015,0.564658,0.01316,0.282361,0.001464,0.113553,0.024789
AAGAGGCATGGATCGC-1,0.053575,0.218095,0.196177,0.476618,0.022015,0.000019,0.033501
AAGAGGCCCTTTGGAA-1,0.016273,0.107773,0.059615,0.543447,0.034559,0.107827,0.130506
AAGATGGCACCGGACC-1,0.000015,0.39863,0.00541,0.241735,0.058372,0.133613,0.162225
AAGATTGGCGGAACGT-1,0.04206,0.002667,0.000059,0.104482,0.081987,0.489378,0.279368
AAGCACCCTGCGTATC-1,0.000021,0.097231,0.005318,0.39431,0.062993,0.334659,0.105467
AAGCATACTCTCCTGA-1,0.005249,0.200748,0.000811,0.5511,0.034462,0.088714,0.118917
AAGCCGAAGCGGTTTA-1,0.000012,0.025343,0.019995,0.892649,0.04478,0.007202,0.010019
AAGCCGCTTTACCTTG-1,0.000147,0.000441,0.000147,0.709258,0.000147,0.000147,0.289713
AAGCGGAGTGCGCGCA-1,0.007399,0.000172,0.000057,0.758921,0.000057,0.034388,0.199005
AAGCGGCGTCATGGGT-1,0.000076,0.001106,0.000076,0.081391,0.055083,0.328284,0.533984
AAGCGTCCCTCATCGA-1,0.00002,0.429805,0.014308,0.302286,0.056083,0.11276,0.084739
AAGCTAGATCGAGTAA-1,0.000014,0.720349,0.000014,0.010891,0.048874,0.143839,0.07602
AAGCTCGTGCCAAGTC-1,0.217386,0.137245,0.047981,0.343557,0.048994,0.119489,0.085347
AAGCTCTTTCATGGTG-1,0.000033,0.180621,0.076463,0.314602,0.024032,0.171323,0.232926
AAGGAGAACTTATAAG-1,0.000017,0.000092,0.000017,0.200212,0.776448,0.022231,0.000983
AAGGAGCGGTTGGTGC-1,0.000079,0.000238,0.000079,0.000238,0.000079,0.999129,0.000158
AAGGATCGATCGCTTG-1,0.003737,0.116035,0.03913,0.705907,0.029805,0.00002,0.105365
AAGGATGAGGGACCTC-1,0.048048,0.007358,0.022565,0.632178,0.007546,0.165698,0.116608
AAGGCAGGCTGTCTCC-1,0.00002,0.179168,0.20343,0.378583,0.019489,0.00874,0.21057
AAGGCGCGTAAAGCTT-1,0.000072,0.003839,0.000072,0.015599,0.328866,0.288487,0.363065
AAGGCTGTGCTCATCG-1,0.000051,0.000154,0.000051,0.000154,0.025322,0.972279,0.001989
AAGGGACAGATTCTGT-1,0.054536,0.000182,0.000061,0.000182,0.074893,0.771989,0.098157
AAGGGACTATGCATTC-1,0.000009,0.533969,0.006136,0.228934,0.01245,0.050929,0.167573
AAGGTATCCTAATATA-1,0.022924,0.043153,0.118847,0.080632,0.000073,0.380229,0.354143
AAGGTGATAAACCAGC-1,0.000014,0.086579,0.280767,0.55685,0.025521,0.002704,0.047565
AAGTAAGCTTCCAAAC-1,0.000027,0.00008,0.000027,0.001197,0.689755,0.000027,0.308889
AAGTAGAAGACCGGGT-1,0.000041,0.000122,0.000041,0.001066,0.601128,0.078127,0.319474
AAGTAGTGACGCGAGG-1,0.000046,0.156319,0.000046,0.000139,0.036227,0.528862,0.27836
AAGTCAATTGTCGTCA-1,0.000016,0.100496,0.053997,0.732658,0.005365,0.065278,0.042192
AAGTCTAGTAGCTGCC-1,0.052813,0.000397,0.000132,0.375386,0.000132,0.293445,0.277695
AAGTCTTCTGTGGCCT-1,0.000017,0.749862,0.000017,0.001205,0.000017,0.241528,0.007354
AAGTGACGACCGAATT-1,0.000021,0.548781,0.01622,0.094436,0.006759,0.230979,0.102805
AAGTGAGTCGGGTTTA-1,0.000014,0.361351,0.003571,0.523333,0.030697,0.04286,0.038174
AAGTGCAAAGGTAGAC-1,0.084887,0.289026,0.015861,0.133606,0.000029,0.476533,0.000058
AAGTGCCTTGACTGTA-1,0.000028,0.129946,0.057396,0.440825,0.006761,0.170307,0.194737
AAGTGCGTTAGAATCT-1,0.006426,0.457379,0.037521,0.298979,0.016438,0.035654,0.147603
AAGTGTTTGGAGACGG-1,0.000031,0.193054,0.090253,0.321178,0.005354,0.205598,0.184531
AAGTTCACTCCAAGCT-1,0.000019,0.233314,0.003053,0.564635,0.002392,0.077753,0.118835
AAGTTCAGTCTGCGTA-1,0.000028,0.039008,0.000028,0.73467,0.000028,0.099456,0.126782
AAGTTCGGCCAACAGG-1,0.002421,0.582319,0.00002,0.06752,0.00002,0.084085,0.263615
AAGTTTACTAATGGCA-1,0.000021,0.025915,0.000021,0.114486,0.831337,0.004061,0.024159
AAGTTTATGGGCCCAA-1,0.000038,0.202455,0.009597,0.383602,0.034177,0.11317,0.256962
AATAACAACGCTCGGC-1,0.000013,0.474161,0.024701,0.278392,0.040786,0.098304,0.083642
AATAACACTAGAACAA-1,0.000016,0.181757,0.001378,0.389521,0.008395,0.301306,0.117627
AATAAGTCCTCGAGAC-1,0.000016,0.095825,0.000016,0.101579,0.750535,0.021387,0.030642
AATAATCTTCGTATCG-1,0.010467,0.114061,0.052184,0.540106,0.009286,0.075307,0.19859
AATACAATGTTTCAGG-1,0.000067,0.005656,0.000067,0.0002,0.037696,0.956182,0.000133
AATAGAACAGAGTGGC-1,0.000025,0.314672,0.000025,0.203927,0.052614,0.127219,0.301519
AATAGAATCTGTTTCA-1,0.000024,0.075503,0.064028,0.51858,0.017289,0.027399,0.297176
AATAGCAAGCCTCCTG-1,0.000178,0.000533,0.000178,0.000533,0.000178,0.498424,0.499977
AATAGCTACCGCGTGC-1,0.005378,0.059928,0.000027,0.906436,0.000027,0.009527,0.018678
AATAGTCCGTCCCGAC-1,0.00002,0.159797,0.053068,0.548557,0.062039,0.124803,0.051715
AATAGTCGCGAGTCGG-1,0.225598,0.232553,0.001279,0.001328,0.002643,0.536533,0.000067
AATATCAAGGTCGGAT-1,0.000057,0.00017,0.000057,0.00017,0.476024,0.028874,0.494647
AATATCCTAGCAAACT-1,0.000007,0.958024,0.000007,0.041933,0.000007,0.000007,0.000014
AATATCGAATCAATGC-1,0.000013,0.0778,0.017944,0.79085,0.006144,0.074344,0.032906
AATATCGAGGGTTCTC-1,0.154323,0.000207,0.000069,0.000207,0.000469,0.843176,0.001548
AATATTGGAGTATTGA-1,0.000015,0.46574,0.014446,0.45575,0.000626,0.036382,0.02704
AATCAGACTGCAGGAC-1,0.000057,0.00017,0.000057,0.00017,0.278349,0.019183,0.702015
AATCATGTAAAGACTC-1,0.000019,0.239573,0.002766,0.218789,0.040317,0.182006,0.31653
AATCCAAGGGCCTGAG-1,0.000053,0.000158,0.000053,0.000158,0.341653,0.080061,0.577864
AATCCATGCAAGGGTG-1,0.000062,0.000185,0.000062,0.000185,0.662587,0.02962,0.307299
AATCGCCTCAGCGCCA-1,0.000043,0.025484,0.270764,0.017009,0.007178,0.221366,0.458155
AATCGCGCAGAGGACT-1,0.00002,0.108435,0.096915,0.520141,0.039717,0.049192,0.185581
AATCGGGACACTACGA-1,0.000016,0.010548,0.000016,0.294,0.695373,0.000016,0.000032
AATCTAGGTTTACTTG-1,0.008295,0.731841,0.01876,0.073593,0.016906,0.028562,0.122042
AATCTATGCCGGAGCC-1,0.053863,0.000156,0.000052,0.000156,0.00672,0.938947,0.000104
AATCTCTACTGTGGTT-1,0.000019,0.684024,0.007898,0.052408,0.005875,0.101708,0.148068
AATCTGCGTTGGGACG-1,0.229545,0.155653,0.092377,0.310027,0.012386,0.07485,0.125162
AATCTGGCTTTCTAGT-1,0.015747,0.907579,0.002882,0.043445,0.006015,0.003301,0.021032
AATCTGGGTAGACCCT-1,0.000029,0.139458,0.000029,0.31007,0.445113,0.003062,0.102239
AATGACAGCAATGTCT-1,0.005018,0.475056,0.006131,0.246198,0.031803,0.085855,0.149938
AATGACGTAGGATGTC-1,0.000038,0.091123,0.003902,0.084682,0.006487,0.166953,0.646815
AATGACTGTCAGCCGG-1,0.000033,0.021491,0.007063,0.114492,0.690123,0.015155,0.151643
AATGAGTTCGCATATG-1,0.000039,0.000116,0.000039,0.000116,0.838621,0.020766,0.140304
AATGATGATACGCTAT-1,0.000043,0.024105,0.000043,0.331945,0.015365,0.272705,0.355793
AATGATGCGACTCCTG-1,0.011745,0.000243,0.000081,0.000243,0.006028,0.834717,0.146942
AATGCAACCGGGTACC-1,0.000055,0.003423,0.000055,0.000164,0.361753,0.438212,0.196339
AATGCACCAAGCAATG-1,0.000081,0.06357,0.000081,0.117761,0.000191,0.338518,0.479798
AATGGCCGCCAATGCG-1,0.000022,0.078086,0.000022,0.206393,0.572531,0.050565,0.092382
AATGGTCCACCGTTCA-1,0.057116,0.489518,0.017931,0.129717,0.039861,0.130655,0.135201
AATGGTTCTCACAAGC-1,0.000064,0.000193,0.000064,0.000193,0.725037,0.000064,0.274384
AATGTGCCCGAGGTGT-1,0.000025,0.456559,0.011042,0.078236,0.006222,0.143679,0.304238
AATGTGCTAATCTGAG-1,0.000011,0.455039,0.006827,0.396592,0.03588,0.046793,0.058858
AATTAAAGGTCGGCGT-1,0.000051,0.122939,0.000051,0.00394,0.043666,0.41415,0.415203
AATTAACGGATTTCCA-1,0.000008,0.106859,0.000868,0.887715,0.002193,0.000008,0.002349
AATTAGCGCTGCAGCG-1,0.000015,0.229433,0.007207,0.617751,0.038143,0.028032,0.079419
AATTCATAAGGGATCT-1,0.010803,0.039298,0.102382,0.53347,0.000103,0.209998,0.103947
AATTCGATTCGAGGAT-1,0.000041,0.214722,0.009265,0.362902,0.019781,0.200627,0.192663
AATTCTAGAGTTAGGC-1,0.000021,0.299813,0.00475,0.392575,0.048243,0.164934,0.089664
AATTGAACGCTCTGGT-1,0.000044,0.036114,0.250937,0.109087,0.027449,0.205944,0.370425
AATTGCAGCAATCGAC-1,0.000025,0.132557,0.011672,0.145032,0.021144,0.204404,0.485166
AATTTGGGACATAGTA-1,0.00005,0.000149,0.00005,0.620082,0.003328,0.334388,0.041954
AATTTGGTTCCAAAGA-1,0.000037,0.108494,0.000037,0.014714,0.252664,0.301529,0.322525
ACAAACCGACAAGGCG-1,0.000028,0.049,0.000028,0.008899,0.594329,0.051822,0.295894
ACAAAGAAGGTAGGCC-1,0.000004,0.976238,0.00192,0.021824,0.000004,0.000004,0.000007
ACAAAGCATGACCTAG-1,0.010046,0.370304,0.027604,0.424639,0.009642,0.113132,0.044634
ACAAATCGCACCGAAT-1,0.000019,0.302258,0.030087,0.515199,0.005793,0.011827,0.134817
ACAAATGGTAGTGTTT-1,0.000045,0.026563,0.058744,0.26647,0.004762,0.215272,0.428145
ACAAATTCAGATCTGA-1,0.000131,0.000394,0.000131,0.000394,0.000131,0.864591,0.134228
ACAACAGCATGAGCTA-1,0.907867,0.006379,0.000202,0.007449,0.010482,0.011476,0.056146
ACAACGGTCCCTGCGA-1,0.000062,0.000185,0.000062,0.000185,0.46797,0.239807,0.291729
ACAAGCAGTGCCTAGC-1,0.006599,0.270134,0.006349,0.364504,0.019833,0.286111,0.04647
ACAAGCTATATGGAAG-1,0.000023,0.755916,0.000023,0.002196,0.000023,0.241771,0.000047
ACAAGGAAATCCGCCC-1,0.00003,0.132861,0.004171,0.050853,0.030801,0.176161,0.605121
ACAAGGACAAGAGGTT-1,0.000026,0.559878,0.024101,0.072997,0.000026,0.218879,0.124094
ACAAGGATGCTTTAGG-1,0.00002,0.145423,0.017049,0.353529,0.018938,0.149129,0.315911
ACAAGGCCTACCAGCC-1,0.000109,0.032203,0.000109,0.000328,0.000109,0.000109,0.967032
ACAAGGGCAGGCTCTG-1,0.000012,0.169987,0.010896,0.719542,0.017683,0.067987,0.013894
ACAATAGTCGTACGTT-1,0.000027,0.447001,0.012587,0.024872,0.05691,0.337734,0.120868
ACAATCCATTTAAACC-1,0.004851,0.23165,0.011278,0.036738,0.036441,0.307972,0.371071
ACAATCGATCTTTATA-1,0.000017,0.058771,0.000017,0.176233,0.709415,0.053897,0.001651
ACAATGAATACGGAGA-1,0.000014,0.445692,0.002123,0.423675,0.032526,0.028515,0.067455
ACAATGATTCTTCTAC-1,0.000308,0.000923,0.109945,0.014739,0.000308,0.155578,0.7182
ACAATTGTGTCTCTTT-1,0.000024,0.17062,0.094866,0.377157,0.030581,0.059238,0.267515
ACAATTTAGGAGGCTC-1,0.000016,0.323848,0.000141,0.404821,0.104066,0.114221,0.052887
ACAATTTGAGCAGTGG-1,0.126363,0.00024,0.00008,0.00024,0.036219,0.702361,0.134497
ACAATTTGGCCATATT-1,0.005991,0.121065,0.057266,0.421279,0.014003,0.036979,0.343416
ACACAAAGACGGGTGG-1,0.000041,0.000222,0.000041,0.010827,0.755368,0.047181,0.186319
ACACAAATATTCCTAG-1,0.000077,0.026584,0.000077,0.640899,0.029433,0.076648,0.226282
ACACACCAGGACCAGT-1,0.000025,0.073681,0.018165,0.465017,0.024616,0.177093,0.241403
ACACACTTTCTACACG-1,0.000053,0.011444,0.000053,0.0894,0.202922,0.060662,0.635465
ACACCACATAATTAGC-1,0.01572,0.121567,0.322926,0.282972,0.044928,0.021741,0.190146
ACACCCAGCATGCAGC-1,0.000027,0.011646,0.000027,0.251727,0.720818,0.013137,0.002619
ACACCCGAGAAATCCG-1,0.000032,0.007377,0.000032,0.000095,0.753992,0.044055,0.194417
ACACCCGTAAATCTGT-1,0.001791,0.234376,0.001426,0.138311,0.562262,0.05473,0.007102
ACACCGAGCGCTCTTT-1,0.000096,0.000289,0.000096,0.000289,0.245625,0.267356,0.486249
ACACCTTAAGTAGGGC-1,0.000085,0.000256,0.000085,0.074694,0.334803,0.451371,0.138705
ACACCTTACTACTTGC-1,0.000035,0.047763,0.252662,0.26026,0.044121,0.050082,0.345076
ACACGAGACTCCTTCT-1,0.765863,0.023424,0.000011,0.21066,0.000011,0.000011,0.000021
ACACGGCACTATGCAT-1,0.000034,0.000101,0.000034,0.000101,0.657546,0.098925,0.243259
ACACGGGAACTTAGGG-1,0.069112,0.000274,0.000091,0.000274,0.055234,0.686959,0.188057
ACACGTAGGCCACAAG-1,0.004658,0.123513,0.010225,0.85203,0.001758,0.001226,0.006589
ACACTCCAATGTCACT-1,0.000061,0.000183,0.000061,0.000183,0.457818,0.274284,0.267411
ACACTGATCAAGGTGT-1,0.000024,0.142525,0.000024,0.325864,0.053787,0.087134,0.390643
ACACTGGGACAGTCGT-1,0.021267,0.238715,0.014351,0.638851,0.016975,0.016635,0.053206
ACAGAACTGAGAACAA-1,0.000018,0.426038,0.02245,0.095883,0.010291,0.1742,0.27112
ACAGATTAGGTTAGTG-1,0.000017,0.007516,0.000017,0.301051,0.691351,0.000017,0.000033
ACAGCATAGAGCCAGT-1,0.000025,0.127562,0.000025,0.006437,0.672663,0.022638,0.17065
ACAGCGACATTCTCAT-1,0.000032,0.179524,0.019645,0.216409,0.024218,0.159246,0.400926
ACAGCGCACCCGCAGC-1,0.000034,0.104122,0.000688,0.000823,0.403997,0.15832,0.332016
ACAGGCTTGCCCGACT-1,0.000017,0.013289,0.010797,0.895558,0.056587,0.001004,0.022748
ACAGGTGGAGGTGAGG-1,0.000016,0.510386,0.004078,0.164204,0.008246,0.199793,0.113277
ACAGGTGTGTTGTTGC-1,0.000427,0.766874,0.000427,0.001282,0.000427,0.163102,0.06746
ACAGTAATACAACTTG-1,0.000014,0.679374,0.006914,0.142598,0.017399,0.056689,0.097012
ACAGTATACCGTGGGA-1,0.000228,0.000685,0.000228,0.08148,0.000228,0.310767,0.606383
ACAGTGCAGCGCATTT-1,0.000066,0.039923,0.000066,0.496039,0.446636,0.000066,0.017205
ACATAATAAGGCGGTG-1,0.000042,0.000127,0.000042,0.000127,0.657136,0.127287,0.21524
ACATCAGCTGGGACGC-1,0.000025,0.378795,0.088341,0.218715,0.016603,0.161191,0.136329
ACATCCCGGCCATACG-1,0.000028,0.126301,0.000028,0.373475,0.038657,0.164932,0.29658
ACATCCTGGTAACTGT-1,0.000019,0.083482,0.087645,0.764057,0.005629,0.000019,0.059149
ACATCGATCGTTTACC-1,0.007736,0.192863,0.012908,0.244793,0.001694,0.336703,0.203303
ACATCGGTCAGCCGCG-1,0.000041,0.29526,0.000041,0.000123,0.000041,0.197313,0.507181
ACATCGTATGCAATGG-1,0.000033,0.137504,0.015741,0.43047,0.03888,0.058803,0.318569
ACATCGTTAACCTAGT-1,0.000018,0.001941,0.000018,0.335594,0.602314,0.060081,0.000035
ACATCTCAACGCGTAA-1,0.000017,0.040944,0.000017,0.240655,0.717093,0.000017,0.001257
ACATGGCGCCAAAGTA-1,0.000022,0.122861,0.3471,0.22282,0.052201,0.104679,0.150317
ACATTAGTTTATATCC-1,0.000036,0.262178,0.003595,0.136197,0.043045,0.325284,0.229664
ACCAAACACCCAGCGA-1,0.000111,0.000332,0.000111,0.310285,0.000111,0.283112,0.405938
ACCAAACTAGAAATCC-1,0.000014,0.017759,0.000014,0.169168,0.805804,0.003015,0.004226
ACCAACACCACACACT-1,0.000082,0.000245,0.086696,0.184902,0.007092,0.275596,0.445386
ACCAACGCTTATTTAT-1,0.000015,0.26162,0.000015,0.492973,0.000482,0.211379,0.033517
ACCAAGAACGCGTGTC-1,0.000034,0.000103,0.004231,0.499216,0.120001,0.037097,0.339317
ACCAATATGCAAGTTA-1,0.000016,0.1399,0.000016,0.591495,0.043775,0.160711,0.064086
ACCACAACTCAGAACA-1,0.00002,0.043349,0.001992,0.104007,0.791624,0.004295,0.054714
ACCACAAGTTTCTATC-1,0.000067,0.000201,0.000067,0.141894,0.000067,0.823724,0.03398
ACCACCAATGTAACAA-1,0.000018,0.083763,0.268116,0.31052,0.049127,0.052869,0.235587
ACCACCCTCTCTTCTA-1,0.014688,0.000275,0.016155,0.241979,0.028573,0.290255,0.408075
ACCACGTGCAGCTATA-1,0.000032,0.18856,0.055487,0.325117,0.031937,0.132201,0.266666
ACCAGACCATAACAAC-1,0.000008,0.835515,0.002193,0.020616,0.000008,0.092467,0.049193
ACCAGCCCGGTCTTTG-1,0.000038,0.022115,0.000038,0.000115,0.67062,0.110856,0.196218
ACCAGGAGTGTGATCT-1,0.000062,0.010752,0.000062,0.000185,0.642743,0.021053,0.325143
ACCAGTGCCCGGTCAA-1,0.000167,0.000502,0.000167,0.000502,0.000167,0.255057,0.743437
ACCAGTGCGGGAGACG-1,0.003824,0.143661,0.027703,0.399391,0.038772,0.189004,0.197646
ACCATATCCGCAATAA-1,0.013618,0.037261,0.017285,0.135256,0.026974,0.692174,0.077432
ACCATCCGCCAACTAG-1,0.000014,0.749807,0.010014,0.144013,0.008031,0.011147,0.076974
ACCATCGTATATGGTA-1,0.000048,0.259242,0.030025,0.110232,0.079385,0.222944,0.298124
ACCCAACGCCCGTGGC-1,0.657398,0.072168,0.000402,0.002071,0.000019,0.252252,0.015689
ACCCACCTACATGCTC-1,0.008804,0.159786,0.000616,0.004068,0.035607,0.791014,0.000105
ACCCATCTTGAGGGTA-1,0.00004,0.171035,0.016139,0.00012,0.001791,0.139218,0.671656
ACCCATTTGTCCCTCT-1,0.000024,0.275288,0.115452,0.296274,0.015383,0.153721,0.143858
ACCCGAGCGAAATTAC-1,0.000016,0.496892,0.014546,0.292396,0.011942,0.094891,0.089317
ACCCGGAAACTCCCAG-1,0.000019,0.178631,0.001609,0.393213,0.042962,0.357769,0.025796
ACCCGGAGCACCACAA-1,0.642129,0.056329,0.057932,0.19782,0.011784,0.002053,0.031953
ACCCGGATGACGCATC-1,0.004895,0.068483,0.405564,0.217214,0.039943,0.131593,0.132308
ACCCGGTTACACTTCC-1,0.004712,0.48382,0.000023,0.039263,0.03813,0.107796,0.326255
ACCCGTGTCATCAGTA-1,0.00002,0.285256,0.000906,0.455052,0.062714,0.028433,0.167619
ACCCTATAGGACTGAG-1,0.00004,0.000121,0.00004,0.000121,0.748774,0.144998,0.105904
ACCCTATGCCATATCG-1,0.000025,0.386467,0.030395,0.319428,0.067342,0.070826,0.125517
ACCCTCCCTTGCTATT-1,0.000011,0.061537,0.004054,0.934168,0.000011,0.000011,0.000207
ACCCTGGTAACGCCCT-1,0.000209,0.007328,0.215609,0.000627,0.000209,0.623957,0.152062
ACCCTTCATCTGCGAA-1,0.000052,0.000155,0.000052,0.027544,0.185525,0.337291,0.449381
ACCCTTGCCTGGGTCG-1,0.000146,0.191089,0.000146,0.327243,0.000146,0.328143,0.153085
ACCCTTTAGTTCTCCA-1,0.000028,0.065733,0.000028,0.079377,0.657837,0.173399,0.023597
ACCGAAAGGGCCCTGC-1,0.000016,0.167751,0.000016,0.116562,0.64724,0.004045,0.06437
ACCGAAGAGTCTGGTT-1,0.000013,0.799471,0.015286,0.101472,0.024238,0.003267,0.056253
ACCGACACATCTCCCA-1,0.00002,0.402515,0.000892,0.10543,0.064554,0.163209,0.26338
ACCGACTGAGTCCCAC-1,0.133722,0.012355,0.000065,0.000195,0.040289,0.786054,0.027319
ACCGATAGGCATAACC-1,0.128928,0.171137,0.028223,0.462598,0.027165,0.091535,0.090415
ACCGATATTTAATCAT-1,0.028695,0.074557,0.081825,0.717128,0.004937,0.01908,0.073778
ACCGATGGTAGCATCG-1,0.046393,0.174242,0.368207,0.199768,0.001186,0.18079,0.029414
ACCGCAATAACTGCCT-1,0.000024,0.192759,0.2768,0.245305,0.044043,0.157958,0.083111
ACCGCGGTGGAAGTCG-1,0.000015,0.078037,0.039689,0.819574,0.006498,0.003546,0.052642
ACCGGGCCTTTGTTGA-1,0.000024,0.075705,0.074056,0.21483,0.019796,0.380792,0.234797
ACCGGTCAGGTACACC-1,0.000015,0.573468,0.011752,0.194581,0.013543,0.031971,0.17467
ACCGGTCTGAGTACGG-1,0.00007,0.272581,0.00007,0.000211,0.155977,0.096716,0.474374
ACCGTGACCACGTGGG-1,0.000009,0.413511,0.002574,0.52967,0.018383,0.015313,0.02054
ACCGTTCCCGCTCTGA-1,0.002431,0.151013,0.000024,0.012753,0.688041,0.014203,0.131535
ACCTAAGTACCTTTCA-1,0.000015,0.494552,0.014308,0.298356,0.010833,0.154294,0.027642
ACCTAATCGACTTCCT-1,0.003518,0.277927,0.078788,0.009247,0.021367,0.333125,0.276029
ACCTACAGTATGTGGT-1,0.000016,0.315496,0.105933,0.566659,0.009337,0.000016,0.002542
ACCTCCGCCCTCGCTG-1,0.000018,0.100314,0.028078,0.764407,0.019284,0.027488,0.060411
ACCTCCGTTATTCACC-1,0.011085,0.203421,0.142881,0.512495,0.013338,0.003913,0.112867
ACCTGCGTGTCATGTT-1,0.001988,0.640702,0.02036,0.125438,0.002589,0.185123,0.0238
ACCTTTCCTTTAGAAG-1,0.000017,0.00005,0.000017,0.178086,0.821442,0.000017,0.000371
ACGACCCATGAGTTGC-1,0.718436,0.172599,0.005175,0.087113,0.001507,0.000923,0.014247
ACGACTGGTCATACTC-1,0.000005,0.79601,0.001361,0.158683,0.014007,0.012545,0.017389
ACGAGAACCCATCACG-1,0.000039,0.000116,0.000039,0.000116,0.593292,0.000039,0.406362
ACGAGATATTTGCTTA-1,0.000024,0.059192,0.000024,0.416043,0.340438,0.160066,0.024213
ACGAGGATACCACTCT-1,0.018352,0.840727,0.005791,0.125153,0.005203,0.000006,0.004767
ACGAGGTTTACAACGT-1,0.000018,0.855514,0.005521,0.043547,0.003543,0.035513,0.056345
ACGAGTACGGATGCCC-1,0.234252,0.087447,0.001567,0.000119,0.00004,0.676497,0.000079
ACGATACATAGAACTA-1,0.010365,0.011373,0.001867,0.88966,0.012956,0.008266,0.065513
ACGATACCTATCCTGA-1,0.009623,0.398731,0.000037,0.011743,0.000037,0.579756,0.000074
ACGATCATACATAGAG-1,0.018392,0.000275,0.000092,0.000275,0.339695,0.565344,0.075927
ACGATCATCTTGTAAA-1,0.010057,0.071211,0.194417,0.686558,0.013914,0.002486,0.021357
ACGATGCATATGTTAT-1,0.000028,0.246826,0.033981,0.253694,0.011625,0.165419,0.288426
ACGATGGATCCGATGC-1,0.000047,0.007395,0.000047,0.00014,0.401935,0.455406,0.135031
ACGCAAACTAATAGAT-1,0.000009,0.373165,0.005904,0.588839,0.007616,0.000853,0.023614
ACGCAATCACTACAGC-1,0.059719,0.000439,0.006134,0.056782,0.000146,0.600048,0.276731
ACGCATAAATGACATG-1,0.000063,0.00019,0.000063,0.569036,0.002236,0.159407,0.269006
ACGCATACGTTTACTA-1,0.000015,0.033845,0.004584,0.921073,0.027435,0.000015,0.013033
ACGCATTCGTGAGTAC-1,0.053208,0.000672,0.000224,0.000672,0.040992,0.903784,0.000448
ACGCCAGATGATTTCT-1,0.000062,0.081307,0.000062,0.000185,0.241722,0.046887,0.629776
ACGCCCAGCTGTCGAT-1,0.000028,0.018234,0.000028,0.007084,0.620312,0.107305,0.247009
ACGCCGCTAGACGACC-1,0.000028,0.020313,0.034293,0.246995,0.002368,0.626657,0.069346
ACGCGAAGTCAGACGA-1,0.003992,0.05139,0.010623,0.267205,0.013324,0.352544,0.300922
ACGCGCTACACAGGGT-1,0.000015,0.518491,0.02322,0.383058,0.004543,0.005506,0.065167
ACGCGGGCCAAGGACA-1,0.027818,0.006861,0.000044,0.128535,0.000044,0.836609,0.000088
ACGCGTTTCTTAAGAG-1,0.102409,0.427543,0.02419,0.07467,0.008467,0.357548,0.005173
ACGCTAGTATCAGTGC-1,0.002529,0.133552,0.000023,0.246645,0.410308,0.154294,0.052648
ACGCTAGTGATACACT-1,0.283175,0.000142,0.000047,0.000142,0.040524,0.647701,0.028269
ACGCTGTGAGGCGTAG-1,0.000007,0.868428,0.000948,0.107755,0.000007,0.022477,0.000379
ACGCTTAGTGTCTCTC-1,0.000033,0.01906,0.000033,0.126107,0.675302,0.003159,0.176305
ACGGAATTTAGCAAAT-1,0.000041,0.000122,0.000041,0.000122,0.854186,0.056152,0.089336
ACGGACTCTCAAAGCG-1,0.000018,0.177316,0.02406,0.343169,0.044253,0.116157,0.295028
ACGGAGCGCAAATTAC-1,0.000135,0.000405,0.000135,0.333314,0.012276,0.285148,0.368586
ACGGATGGTGCGGATA-1,0.00003,0.165892,0.004722,0.290682,0.051563,0.233637,0.253474
ACGGCACTTGCTTGGG-1,0.000044,0.114373,0.000044,0.009027,0.000044,0.361626,0.51484
ACGGCCAACATGGACT-1,0.000018,0.277104,0.001317,0.309565,0.069928,0.201043,0.141024
ACGGCGACGATGGGAA-1,0.000027,0.048614,0.110783,0.219012,0.029011,0.180881,0.411671
ACGGCGGGTTGCCCTG-1,0.000032,0.000095,0.000032,0.00188,0.866111,0.073945,0.057904
ACGGGAGTGTCGGCCC-1,0.00001,0.695153,0.001867,0.288449,0.00001,0.004883,0.009627
ACGGGCGTATGCGACA-1,0.038432,0.000172,0.007335,0.189451,0.000057,0.428654,0.335899
ACGGGTCATGTGACTT-1,0.00006,0.000179,0.00006,0.001529,0.54858,0.162116,0.287476
ACGTACAGATTTCTCT-1,0.000053,0.032367,0.000053,0.248335,0.407103,0.182286,0.129802
ACGTAGATTGCTGATG-1,0.906047,0.009078,0.00001,0.044187,0.002472,0.034235,0.003972
ACGTATTACTCCGATC-1,0.004642,0.03797,0.03242,0.624137,0.016627,0.136587,0.147618
ACGTCCTAAACGAGAT-1,0.000019,0.019806,0.003835,0.088534,0.808443,0.005345,0.074019
ACGTCTCGTTCCGGGA-1,0.000008,0.937247,0.000875,0.025084,0.000369,0.022523,0.013894
ACGTGACAAAGTAAGT-1,0.000005,0.877313,0.001898,0.120347,0.000005,0.00007,0.000362
ACGTGCGCCTCGTGCA-1,0.000056,0.000168,0.000056,0.000168,0.632325,0.039789,0.327438
ACGTGGTCGAATGTGC-1,0.000021,0.113252,0.000026,0.009137,0.72886,0.025752,0.122952
ACGTTAATGTCGAAGA-1,0.009305,0.112167,0.008213,0.262111,0.018997,0.280409,0.308798
ACGTTAGATTTGCCCG-1,0.000042,0.360224,0.058174,0.153664,0.000042,0.190131,0.237723
ACGTTATTGGTCACTC-1,0.000052,0.000157,0.000052,0.000157,0.618371,0.274527,0.106684
ACGTTCCGCGCTCCGT-1,0.000022,0.01504,0.000022,0.109341,0.731832,0.026525,0.117217
ACGTTCGCAATCAATT-1,0.000026,0.137228,0.272076,0.544778,0.011332,0.000026,0.034535
ACGTTCGTTCAGGAAA-1,0.000036,0.421253,0.000036,0.196346,0.037368,0.119274,0.225687
ACGTTTAGTTGTGATC-1,0.000046,0.000138,0.000046,0.319615,0.219913,0.235483,0.224759
ACTAAGGACGCACACC-1,0.000123,0.01457,0.000123,0.299729,0.000123,0.128028,0.557304
ACTAATACGTCAGGCG-1,0.000113,0.002126,0.000113,0.000339,0.080653,0.187881,0.728776
ACTACCAGCTCTCTGG-1,0.016376,0.178206,0.00007,0.054216,0.437128,0.225092,0.088912
ACTACGCGTTAGAATT-1,0.000012,0.082575,0.000342,0.751323,0.002948,0.14271,0.020091
ACTAGTTGCGATCGTC-1,0.000018,0.15028,0.043616,0.609818,0.022835,0.040896,0.132536
ACTATATGCTGTGTTC-1,0.004445,0.014364,0.00003,0.974192,0.00003,0.00003,0.006911
ACTATCCAGGGCATGG-1,0.006139,0.279168,0.196133,0.222504,0.035538,0.08915,0.171368
ACTATCTGCCCGCGTA-1,0.002467,0.109928,0.01668,0.730502,0.034785,0.004092,0.101547
ACTATTCGTCCGTGGT-1,0.000041,0.024011,0.000041,0.000123,0.359639,0.039266,0.576879
ACTATTTCCGGGCCCA-1,0.000027,0.244712,0.003912,0.113793,0.091041,0.10491,0.441604
ACTCAACGAATGTATT-1,0.000034,0.000102,0.000034,0.000102,0.805995,0.000034,0.193699
ACTCAAGTGCAAGGCT-1,0.000015,0.213191,0.033904,0.6364,0.029005,0.039403,0.048082
ACTCAATAAAGGCACG-1,0.01513,0.000114,0.000038,0.000114,0.090264,0.891674,0.002666
ACTCAGACCTGCTTCT-1,0.003645,0.000139,0.000046,0.000139,0.54844,0.014196,0.433394
ACTCCAATATCATCAT-1,0.000006,0.637619,0.00174,0.219388,0.011866,0.076485,0.052896
ACTCCCATTCCTAAAG-1,0.000011,0.764556,0.00042,0.112174,0.007211,0.069363,0.046265
ACTCCCGAATTCGTTT-1,0.058023,0.106351,0.139451,0.483456,0.03273,0.093076,0.086913
ACTCCCGTAGACTAGG-1,0.011045,0.000378,0.000126,0.807624,0.000126,0.140897,0.039804
ACTCCCTAATGCTAAA-1,0.009686,0.156906,0.017414,0.349251,0.045638,0.231896,0.189209
ACTCCCTAGAATAGTA-1,0.000022,0.099388,0.015231,0.291808,0.004312,0.586245,0.002994
ACTCGATGTATTTCAT-1,0.000039,0.000117,0.000039,0.000117,0.266065,0.237389,0.496234
ACTCGCGATCTGACGC-1,0.000025,0.071311,0.077811,0.75995,0.051681,0.010616,0.028606
ACTCGTAACCCGTCCT-1,0.014808,0.694531,0.009975,0.094159,0.011694,0.07268,0.102153
ACTCGTCAGTAATCCC-1,0.126853,0.103752,0.126835,0.173197,0.007732,0.251455,0.210176
ACTCTAAACCTGGGAT-1,0.464626,0.022983,0.000028,0.000084,0.000028,0.512195,0.000056
ACTCTCTGACTTAGGT-1,0.006221,0.049228,0.177862,0.134277,0.028652,0.299351,0.304409
ACTCTCTTATACACGA-1,0.00005,0.009349,0.00005,0.00015,0.353414,0.136184,0.500803
ACTCTTCAGCTCCCGC-1,0.00001,0.18806,0.251995,0.533678,0.019891,0.000122,0.006245
ACTCTTGTATAGTAAC-1,0.10509,0.209163,0.04063,0.066144,0.035735,0.514618,0.028621
ACTGAAACGCCGTTAG-1,0.000014,0.069808,0.007099,0.820422,0.020536,0.020099,0.062023
ACTGAATGGCGAAAGT-1,0.000025,0.052872,0.0528,0.65,0.040137,0.136342,0.067823
ACTGATTTAGTGATTC-1,0.00289,0.098411,0.000025,0.091212,0.689876,0.067771,0.049814
ACTGCCGTCGTAACTC-1,0.000036,0.044376,0.010024,0.047457,0.636284,0.158061,0.103762
ACTGCGGACACACCGT-1,0.000028,0.122964,0.111651,0.422261,0.070378,0.006266,0.266453
ACTGCTCGGAAGGATG-1,0.010327,0.832648,0.000056,0.057638,0.028713,0.049422,0.021197
ACTGGCGAACCTGCGT-1,0.007308,0.001525,0.000066,0.648797,0.000066,0.107597,0.234641
ACTGTACGATACACAT-1,0.430768,0.088233,0.033133,0.034326,0.000025,0.397028,0.016487
ACTGTAGCACTTTGGA-1,0.000055,0.000165,0.000055,0.000165,0.024437,0.975013,0.00011
ACTGTATACGCGAGCA-1,0.000041,0.000124,0.000041,0.000124,0.729426,0.000041,0.270201
ACTGTCCAGGATTATA-1,0.000084,0.000251,0.000084,0.000251,0.079082,0.876419,0.04383
ACTGTCTTCTTTAGAA-1,0.548763,0.009431,0.000826,0.035692,0.065261,0.316638,0.023389
ACTGTGCTAGTAGATC-1,0.000065,0.000194,0.000065,0.000194,0.780993,0.000065,0.218425
ACTGTTTAGTGTAGGC-1,0.000026,0.00216,0.007785,0.093545,0.574647,0.000026,0.321811
ACTTACCGGGCGCGCA-1,0.005471,0.023728,0.000062,0.000185,0.000062,0.110445,0.860046
ACTTACGCATCCACGC-1,0.000024,0.317462,0.002256,0.219208,0.040488,0.288695,0.131867
ACTTAGTACGACAAGA-1,0.000049,0.000146,0.000049,0.000146,0.794003,0.059317,0.146291
ACTTATACTTACCCGG-1,0.078614,0.409873,0.060496,0.144162,0.000024,0.305632,0.0012
ACTTATCTGATCTATA-1,0.000031,0.000093,0.000031,0.000093,0.678272,0.001668,0.319813
ACTTATTAGGATCGGT-1,0.000059,0.036597,0.010955,0.090755,0.029879,0.370057,0.461699
ACTTATTTATGTGCCA-1,0.000032,0.068855,0.024962,0.124453,0.0261,0.176107,0.57949
ACTTCAGGCTGATCCC-1,0.000031,0.093501,0.016867,0.42703,0.013235,0.199069,0.250267
ACTTCCATGCGGGACA-1,0.000016,0.100439,0.013595,0.651232,0.015308,0.200968,0.018443
ACTTCCTGTCGTGCGA-1,0.000131,0.000393,0.000131,0.785801,0.132777,0.000131,0.080636
ACTTCGCCATACGCAC-1,0.064474,0.000209,0.00007,0.000209,0.074604,0.774855,0.085578
ACTTCGCTAGCGAGTG-1,0.000012,0.138873,0.268323,0.570731,0.011324,0.00262,0.008115
ACTTGACTCCCTCTTT-1,0.010288,0.124873,0.007857,0.214995,0.027024,0.203778,0.411185
ACTTGCCATATTGTAC-1,0.000034,0.022095,0.000034,0.057997,0.737191,0.005279,0.17737
ACTTGGGACCCGGTGG-1,0.000068,0.000204,0.000068,0.000204,0.050835,0.948483,0.000136
ACTTGTAGTCCCTTCA-1,0.000007,0.847617,0.007265,0.133659,0.004165,0.001279,0.006009
ACTTGTGGATGGAACG-1,0.000022,0.059021,0.04637,0.649098,0.013028,0.083889,0.148573
ACTTTACCCTCATGAA-1,0.035344,0.051786,0.202749,0.303223,0.029474,0.197243,0.18018
ACTTTCCTATAGCTTC-1,0.01206,0.00033,0.00011,0.00033,0.092519,0.798724,0.095926
ACTTTGACTGCATCCT-1,0.000022,0.716733,0.00063,0.071045,0.000022,0.117222,0.094325
ACTTTGTCGACGCACT-1,0.036079,0.169406,0.028242,0.725003,0.031555,0.000013,0.009702
AGAAATTATGACTCGC-1,0.004216,0.114496,0.03804,0.593429,0.035382,0.116855,0.097582
AGAACCCAGCGTGACA-1,0.000014,0.197447,0.042142,0.591463,0.02858,0.00568,0.134673
AGAACGTGGTACATTC-1,0.081208,0.000255,0.000085,0.000255,0.000085,0.691449,0.226665
AGAAGAGCGCCGTTCC-1,0.08926,0.175132,0.000362,0.617349,0.000362,0.000362,0.117172
AGAAGGTACACTTCAC-1,0.016202,0.725898,0.00283,0.172512,0.018113,0.00372,0.060726
AGAAGGTTGCCGAATT-1,0.000025,0.237507,0.029675,0.466357,0.040774,0.085227,0.140434
AGAAGGTTGTAGGTCG-1,0.000035,0.164304,0.002455,0.323774,0.05023,0.274501,0.184701
AGAAGTGATTCGTGAT-1,0.000023,0.45358,0.000133,0.048354,0.006308,0.163304,0.328299
