Barcode,Topic 1,Topic 2,Topic 3,Topic 4to11,Topic 12,Topic 13
AAACAAGTATCTCCCA-1,0.1847,0.723169,0.000013,0.092092,0.000013,0.000013
AAACACCAATAACTGC-1,0.285839,0.000233,0.005557,0.707904,0.000233,0.000233
AAACAGAGCGACTCCT-1,0.002881,0.000578,0.000006,0.996525,0.000006,0.000006
AAACAGCTTTCAGAAG-1,0.192526,0.145237,0.075641,0.586522,0.000037,0.000037
AAACAGGGTCTATATT-1,0.08604,0.226617,0.008567,0.678683,0.000047,0.000047
AAACAGTGTTCCTGGG-1,0.000093,0.573931,0.000093,0.425697,0.000093,0.000093
AAACATGGTGAGAGGA-1,0.309878,0.000046,0.000046,0.689938,0.000046,0.000046
AAACATTTCCCGGATT-1,0.490039,0.208228,0.000034,0.301632,0.000034,0.000034
AAACCCGAACGAAATC-1,0.663797,0.077149,0.000028,0.258969,0.000028,0.000028
AAACCGGAAATGTTAA-1,0.23209,0.586681,0.000017,0.181177,0.000017,0.000017
AAACCGGGTAGGTACC-1,0.000022,0.229577,0.000022,0.770337,0.000022,0.000022
AAACCGTTCGTCCAGG-1,0.000232,0.10804,0.053908,0.837357,0.000232,0.000232
AAACCTAAGCAGCCGG-1,0.000014,0.066568,0.000014,0.933375,0.000014,0.000014
AAACCTCATGAAGTTG-1,0.244531,0.399783,0.001662,0.353989,0.000017,0.000017
AAACGAAGAACATACC-1,0.01072,0.000005,0.000005,0.989259,0.000005,0.000005
AAACGAAGATGGAGTA-1,0.273866,0.000044,0.031338,0.694662,0.000044,0.000044
AAACGAGACGGTTGAT-1,0.02998,0.060831,0.000014,0.909146,0.000014,0.000014
AAACGCTGGGCACGAC-1,0.388194,0.564439,0.000074,0.047143,0.000074,0.000074
AAACGGGCGTACGGGT-1,0.000029,0.187365,0.000029,0.81252,0.000029,0.000029
AAACGGTTGCGAACTG-1,0.016467,0.0638,0.00003,0.919642,0.00003,0.00003
AAACGTGTTCGCCCTA-1,0.000634,0.000007,0.000007,0.999339,0.000007,0.000007
AAACTAACGTGGCGAC-1,0.000298,0.000006,0.000555,0.999131,0.000006,0.000006
AAACTCGGTTCGCAAT-1,0.062901,0.065053,0.003505,0.868501,0.000021,0.000021
AAACTCGTGATATAAG-1,0.004679,0.003013,0.000005,0.992294,0.000005,0.000005
AAACTGCTGGCTCCAA-1,0.004164,0.053109,0.008174,0.934532,0.00001,0.00001
AAACTTAATTGCACGC-1,0.235842,0.000041,0.000041,0.763994,0.000041,0.000041
AAACTTGCAAACGTAT-1,0.118309,0.006027,0.000061,0.875479,0.000061,0.000061
AAAGAATGACCTTAGA-1,0.246376,0.000018,0.004739,0.748832,0.000018,0.000018
AAAGAATGTGGACTAA-1,0.431837,0.466615,0.000032,0.101453,0.000032,0.000032
AAAGACCCAAGTCGCG-1,0.070557,0.067437,0.000007,0.861986,0.000007,0.000007
AAAGACTGGGCGCTTT-1,0.483719,0.092915,0.000042,0.423241,0.000042,0.000042
AAAGCTTGCCTACATA-1,0.000004,0.000004,0.000004,0.999979,0.000004,0.000004
AAAGGCCCTATAATAC-1,0.185429,0.49344,0.000098,0.320836,0.000098,0.000098
AAAGGCTACGGACCAT-1,0.23261,0.050669,0.004036,0.712401,0.000142,0.000142
AAAGGCTCTCGCGCCG-1,0.000414,0.000414,0.000414,0.997932,0.000414,0.000414
AAAGGGATGTAGCAAG-1,0.0464,0.000479,0.000016,0.953072,0.000016,0.000016
AAAGGGCAGCTTGAAT-1,0.327249,0.000042,0.043736,0.628888,0.000042,0.000042
AAAGGTAAGCTGTACC-1,0.000004,0.000527,0.000004,0.999456,0.000004,0.000004
AAAGTAGCATTGCTCA-1,0.000223,0.275576,0.004809,0.718946,0.000223,0.000223
AAAGTCACTGATGTAA-1,0.032643,0.015975,0.000008,0.951359,0.000008,0.000008
AAAGTCGACCCTCAGT-1,0.121755,0.157915,0.000061,0.720146,0.000061,0.000061
AAAGTGCCATCAATTA-1,0.782431,0.059303,0.000032,0.15817,0.000032,0.000032
AAAGTGTGATTTATCT-1,0.357676,0.473783,0.003577,0.164905,0.00003,0.00003
AAAGTTGACTCCCGTA-1,0.597666,0.176248,0.001869,0.224156,0.000031,0.000031
AAATAACCATACGGGA-1,0.019504,0.00121,0.000011,0.979254,0.000011,0.000011
AAATAAGGTAGTGCCC-1,0.006263,0.001543,0.000006,0.992175,0.000006,0.000006
AAATACCTATAAGCAT-1,0.005902,0.036733,0.007198,0.950149,0.000009,0.000009
AAATAGCTTAGACTTT-1,0.18326,0.057287,0.00003,0.759363,0.00003,0.00003
AAATAGGGTGCTATTG-1,0.000008,0.019614,0.000008,0.980353,0.000008,0.000008
AAATCCGATACACGCC-1,0.035923,0.067407,0.000045,0.896535,0.000045,0.000045
AAATCGCGGAAGGAGT-1,0.184962,0.000031,0.017272,0.797674,0.000031,0.000031
AAATCGTGTACCACAA-1,0.020759,0.000022,0.012643,0.966531,0.000022,0.000022
AAATCTAGCCCTGCTA-1,0.821231,0.000039,0.000039,0.178613,0.000039,0.000039
AAATCTGCCCGCGTCC-1,0.079891,0.589927,0.006353,0.323682,0.000073,0.000073
AAATGACTGATCAAAC-1,0.000693,0.206365,0.043501,0.748056,0.000693,0.000693
AAATGATTCGATCAGC-1,0.000004,0.001022,0.000004,0.998964,0.000004,0.000004
AAATGCTCGTTACGTT-1,0.319465,0.000032,0.000032,0.680408,0.000032,0.000032
AAATGGCATGTCTTGT-1,0.010383,0.013623,0.000011,0.97596,0.000011,0.000011
AAATGGCCCGTGCCCT-1,0.037762,0.177003,0.012653,0.772388,0.000097,0.000097
AAATGGTCAATGTGCC-1,0.000006,0.012959,0.000006,0.987017,0.000006,0.000006
AAATGTATCTTATCCC-1,0.012821,0.012821,0.012821,0.935897,0.012821,0.012821
AAATTAACGGGTAGCT-1,0.000384,0.000009,0.000009,0.999579,0.000009,0.000009
AAATTAATAAGCGCGA-1,0.369689,0.629644,0.000061,0.000485,0.000061,0.000061
AAATTACACGACTCTG-1,0.011009,0.000012,0.000012,0.988942,0.000012,0.000012
AAATTACCTATCGATG-1,0.015805,0.000507,0.000011,0.983654,0.000011,0.000011
AAATTCCAGGTCCAAA-1,0.028469,0.01957,0.001005,0.950934,0.000011,0.000011
AAATTGATAGTCCTTT-1,0.000119,0.000119,0.344453,0.655072,0.000119,0.000119
AAATTGGTGAGAAGCA-1,0.001327,0.001129,0.000006,0.997525,0.000006,0.000006
AAATTTACCGAAATCC-1,0.001321,0.012149,0.000011,0.986498,0.000011,0.000011
AAATTTGCGGGTGTGG-1,0.022967,0.021122,0.00004,0.955791,0.00004,0.00004
AACAACTGGTAGTTGC-1,0.019133,0.000014,0.000014,0.980811,0.000014,0.000014
AACAATACATTGTCGA-1,0.005254,0.07853,0.034245,0.881853,0.000059,0.000059
AACAATTACTCTACGC-1,0.097318,0.141029,0.000035,0.761547,0.000035,0.000035
AACACACGCTCGCCGC-1,0.426039,0.246331,0.000028,0.327546,0.000028,0.000028
AACACGACTGTACTGA-1,0.025234,0.000012,0.000012,0.974717,0.000012,0.000012
AACACGAGACGCGGCC-1,0.000027,0.031992,0.000027,0.967902,0.000027,0.000027
AACACGCGGCCGCGAA-1,0.001755,0.000004,0.000004,0.998227,0.000004,0.000004
AACAGCTGTGTGGCAA-1,0.199208,0.000093,0.13193,0.668583,0.000093,0.000093
AACAGGAAATCGAATA-1,0.006588,0.033563,0.000012,0.959813,0.000012,0.000012
AACAGGATGGGCCGCG-1,0.003525,0.00178,0.000006,0.994677,0.000006,0.000006
AACAGGTAGTATGGAT-1,0.348875,0.513086,0.000018,0.137986,0.000018,0.000018
AACATAGCGTGTATCG-1,0.00004,0.179395,0.015422,0.805062,0.00004,0.00004
AACATATCAACTGGTG-1,0.019956,0.000009,0.000922,0.979094,0.000009,0.000009
AACATCGATACGTCTA-1,0.000117,0.000007,0.000007,0.999855,0.000007,0.000007
AACATTGAAGTTGATC-1,0.14721,0.000207,0.000207,0.851962,0.000207,0.000207
AACATTGTGACTCGAG-1,0.000106,0.044795,0.000106,0.954782,0.000106,0.000106
AACCAAGACTTCTCTG-1,0.36743,0.026698,0.000168,0.60537,0.000168,0.000168
AACCAGTATCACTCTT-1,0.033428,0.002423,0.000015,0.964104,0.000015,0.000015
AACCATAGGGTTGAAC-1,0.137775,0.070183,0.008957,0.783035,0.000025,0.000025
AACCATGGGATCGCTA-1,0.049568,0.000029,0.000029,0.950318,0.000029,0.000029
AACCCAGAGACGGAGA-1,0.000015,0.000015,0.000015,0.999925,0.000015,0.000015
AACCCATCCCATGATC-1,0.182794,0.00014,0.032301,0.784484,0.00014,0.00014
AACCCGACAACCCGTG-1,0.030977,0.205091,0.012072,0.751738,0.000061,0.000061
AACCCGAGCAGAATCG-1,0.246479,0.688745,0.000014,0.064733,0.000014,0.000014
AACCCGCTGTATTCCA-1,0.000103,0.340911,0.000103,0.658676,0.000103,0.000103
AACCCTACTGTCAATA-1,0.155517,0.595907,0.000015,0.24853,0.000015,0.000015
AACCCTGGTGGAACCA-1,0.015762,0.010151,0.000008,0.974062,0.000008,0.000008
AACCGAGCTTGGTCAT-1,0.004586,0.094355,0.000009,0.901032,0.000009,0.000009
AACCGCTAAGGGATGC-1,0.678649,0.100054,0.000027,0.221215,0.000027,0.000027
AACCGTTGTGTTTGCT-1,0.007883,0.103185,0.000013,0.888895,0.000013,0.000013
AACCTCGCTTTAGCCC-1,0.003779,0.064411,0.000028,0.931725,0.000028,0.000028
AACCTGTCACGGAATT-1,0.034417,0.005477,0.000012,0.960071,0.000012,0.000012
AACCTTTAAATACGGT-1,0.068201,0.061314,0.000053,0.870324,0.000053,0.000053
AACCTTTACGACGTCT-1,0.000007,0.012272,0.000007,0.987702,0.000007,0.000007
AACGAAAGTCGTCCCA-1,0.32503,0.163979,0.008611,0.502131,0.000124,0.000124
AACGACCTCCTAGCCG-1,0.363251,0.583404,0.002862,0.050439,0.000022,0.000022
AACGATAATGCCGTAG-1,0.000036,0.002988,0.000036,0.996867,0.000036,0.000036
AACGATAGAAGGGCCG-1,0.028782,0.054973,0.000009,0.916219,0.000009,0.000009
AACGATATGTCAACTG-1,0.043431,0.007269,0.000015,0.949255,0.000015,0.000015
AACGCATGATCTGGGT-1,0.000945,0.103026,0.000007,0.896007,0.000007,0.000007
AACGCGAACGGCAACA-1,0.474238,0.000064,0.406529,0.119042,0.000064,0.000064
AACGCGACCTTGGGCG-1,0.000057,0.077211,0.056976,0.865641,0.000057,0.000057
AACGCGGTCTCCAGCC-1,0.00759,0.092849,0.000014,0.899521,0.000014,0.000014
AACGCTGTTGCTGAAA-1,0.246099,0.647552,0.000022,0.106282,0.000022,0.000022
AACGGACGTACGTATA-1,0.344618,0.390161,0.000016,0.265174,0.000016,0.000016
AACGGCCATCTCCGGT-1,0.056915,0.000046,0.036128,0.906819,0.000046,0.000046
AACGTACTGTGGGTAC-1,0.009831,0.052266,0.000059,0.937724,0.000059,0.000059
AACGTCAGACTAGTGG-1,0.009342,0.113514,0.005127,0.871987,0.000015,0.000015
AACGTCATCCGGCTTG-1,0.005917,0.928993,0.005917,0.047339,0.005917,0.005917
AACGTCGCTGCACTTC-1,0.685233,0.2787,0.000066,0.03587,0.000066,0.000066
AACGTGATGAAGGACA-1,0.000006,0.007905,0.000237,0.99184,0.000006,0.000006
AACGTGCGAAAGTCTC-1,0.034755,0.02545,0.00001,0.939765,0.00001,0.00001
AACGTTATCAGCACCT-1,0.713246,0.132002,0.007362,0.147267,0.000062,0.000062
AACGTTCTACCATTGT-1,0.413451,0.462677,0.000437,0.12256,0.000437,0.000437
AACTACCCGTTTGTCA-1,0.003745,0.986952,0.000016,0.009254,0.000016,0.000016
AACTAGCGTATCGCAC-1,0.012639,0.000038,0.000038,0.98721,0.000038,0.000038
AACTAGGCTTGGGTGT-1,0.281558,0.203619,0.020342,0.493955,0.000263,0.000263
AACTCAAGTTAATTGC-1,0.000008,0.000008,0.000008,0.999959,0.000008,0.000008
AACTCCAGAGCGTGTT-1,0.654066,0.000343,0.000343,0.34456,0.000343,0.000343
AACTCCTAATCCCATG-1,0.019112,0.000009,0.000009,0.980851,0.000009,0.000009
AACTCGATGGCGCAGT-1,0.398465,0.000026,0.000026,0.601431,0.000026,0.000026
AACTCTCAATAGAGCG-1,0.011965,0.907473,0.000023,0.080492,0.000023,0.000023
AACTCTCAGTGTGCTC-1,0.061376,0.518484,0.042355,0.377434,0.000175,0.000175
AACTGAGGTCAGCGTC-1,0.000856,0.000007,0.000007,0.999116,0.000007,0.000007
AACTGAGTTATACTGA-1,0.231989,0.11928,0.000088,0.648467,0.000088,0.000088
AACTGATATTAGGCCT-1,0.020152,0.004191,0.000011,0.975624,0.000011,0.000011
AACTGGGTCCCGACGT-1,0.028079,0.018409,0.000015,0.953466,0.000015,0.000015
AACTGGGTTCGAGCCG-1,0.01049,0.000728,0.000037,0.98867,0.000037,0.000037
AACTGGTGTGGGCCTT-1,0.042619,0.085586,0.000012,0.871758,0.000012,0.000012
AACTTCTGCGTCTATC-1,0.836127,0.000083,0.000083,0.163543,0.000083,0.000083
AACTTGCCCGTATGCA-1,0.022286,0.113548,0.000018,0.864112,0.000018,0.000018
AACTTGCGTTCTCGCG-1,0.687027,0.232901,0.00006,0.079892,0.00006,0.00006
AACTTTACGGGAGCTT-1,0.474221,0.520859,0.000026,0.004842,0.000026,0.000026
AACTTTAGCTGCTGAG-1,0.003262,0.00001,0.00001,0.996697,0.00001,0.00001
AACTTTCTCGATCATG-1,0.000003,0.010638,0.000003,0.989352,0.000003,0.000003
AAGAAAGTTTGATGGG-1,0.000127,0.490248,0.000127,0.509245,0.000127,0.000127
AAGAAATCACCAGATT-1,0.007964,0.000006,0.000006,0.992012,0.000006,0.000006
AAGAAGGATCAGTTAG-1,0.53603,0.000046,0.009501,0.45433,0.000046,0.000046
AAGACATACGTGGTTT-1,0.343196,0.579852,0.00002,0.076891,0.00002,0.00002
AAGACCAAATAACTCA-1,0.089991,0.155897,0.028752,0.725336,0.000012,0.000012
AAGACCCAACTGAACA-1,0.006815,0.097788,0.014155,0.881021,0.00011,0.00011
AAGACTGCAAGCTACT-1,0.017954,0.034915,0.000804,0.946306,0.000011,0.000011
AAGAGATGAATCGGTA-1,0.042288,0.000037,0.000037,0.957563,0.000037,0.000037
AAGAGCTCTTTATCGG-1,0.052995,0.047779,0.000015,0.899183,0.000015,0.000015
AAGAGGATGTACGCGA-1,0.013439,0.162046,0.002014,0.822445,0.000028,0.000028
AAGAGGCATGGATCGC-1,0.015937,0.082954,0.000011,0.901076,0.000011,0.000011
AAGAGGCCCTTTGGAA-1,0.036218,0.946218,0.000008,0.017541,0.000008,0.000008
AAGATGGCACCGGACC-1,0.05749,0.000239,0.037257,0.904537,0.000239,0.000239
AAGATTGGCGGAACGT-1,0.027745,0.000032,0.000014,0.972181,0.000014,0.000014
AAGCACCCTGCGTATC-1,0.198869,0.152955,0.0001,0.647877,0.0001,0.0001
AAGCATACTCTCCTGA-1,0.065272,0.000079,0.005002,0.929491,0.000079,0.000079
AAGCCACTTGCAGGTA-1,0.130845,0.24644,0.000053,0.622555,0.000053,0.000053
AAGCCGAAGCGGTTTA-1,0.564093,0.31168,0.000025,0.12415,0.000025,0.000025
AAGCCGCCGTGAAATC-1,0.10384,0.231437,0.000165,0.664229,0.000165,0.000165
AAGCCGCTTTACCTTG-1,0.00395,0.001738,0.000005,0.994296,0.000005,0.000005
AAGCCGGAGAGCAGGA-1,0.155376,0.742753,0.000016,0.101824,0.000016,0.000016
AAGCGCAGGGCTTTGA-1,0.004662,0.349028,0.000105,0.645995,0.000105,0.000105
AAGCGGAGTGCGCGCA-1,0.000003,0.000003,0.000003,0.999983,0.000003,0.000003
AAGCGGCGTCATGGGT-1,0.003265,0.065206,0.005331,0.926175,0.000011,0.000011
AAGCGTCCCTCATCGA-1,0.233857,0.000125,0.101454,0.664313,0.000125,0.000125
AAGCTAGATCGAGTAA-1,0.008102,0.158441,0.000019,0.833399,0.000019,0.000019
AAGCTATGGATTGACC-1,0.530868,0.000712,0.000712,0.005698,0.461297,0.000712
AAGCTCGTGCCAAGTC-1,0.005451,0.22207,0.003013,0.769434,0.000016,0.000016
AAGCTCTTTCATGGTG-1,0.000038,0.126327,0.000038,0.873519,0.000038,0.000038
AAGGAGCGGTTGGTGC-1,0.028319,0.00049,0.000015,0.971146,0.000015,0.000015
AAGGATCGATCGCTTG-1,0.214664,0.690644,0.00002,0.094631,0.00002,0.00002
AAGGATGAGGGACCTC-1,0.000013,0.000013,0.000013,0.999936,0.000013,0.000013
AAGGCAGGCTGTCTCC-1,0.04665,0.078437,0.000046,0.874774,0.000046,0.000046
AAGGCGCGTAAAGCTT-1,0.001053,0.001847,0.010843,0.986241,0.000008,0.000008
AAGGCTGTGCTCATCG-1,0.003057,0.029737,0.000009,0.967178,0.000009,0.000009
AAGGGAACGACTGGCT-1,0.142979,0.150326,0.000236,0.705987,0.000236,0.000236
AAGGGACAGATTCTGT-1,0.175149,0.000012,0.003796,0.821018,0.000012,0.000012
AAGGGACTATGCATTC-1,0.000188,0.248408,0.000188,0.750842,0.000188,0.000188
AAGGGTTAGCCATGCG-1,0.249865,0.546248,0.000261,0.203105,0.000261,0.000261
AAGGGTTTGATTTCAG-1,0.058637,0.061639,0.006222,0.873415,0.000044,0.000044
AAGGTATCCTAATATA-1,0.006859,0.012053,0.000012,0.981052,0.000012,0.000012
AAGGTGATAAACCAGC-1,0.569798,0.237734,0.000034,0.192367,0.000034,0.000034
AAGTAGAAGACCGGGT-1,0.004462,0.000016,0.000016,0.995473,0.000016,0.000016
AAGTAGTGACGCGAGG-1,0.070721,0.038339,0.00003,0.890851,0.00003,0.00003
AAGTCAATTGTCGTCA-1,0.745692,0.158305,0.000041,0.09588,0.000041,0.000041
AAGTCTAGTAGCTGCC-1,0.014122,0.034178,0.000005,0.951686,0.000005,0.000005
AAGTCTTCTGTGGCCT-1,0.000009,0.045216,0.930513,0.024244,0.000009,0.000009
AAGTGACGACCGAATT-1,0.237358,0.000129,0.000129,0.762125,0.000129,0.000129
AAGTGAGTCGGGTTTA-1,0.113582,0.012559,0.004711,0.868907,0.00012,0.00012
AAGTGCAAAGGTAGAC-1,0.636781,0.2235,0.000021,0.139656,0.000021,0.000021
AAGTGCCTTGACTGTA-1,0.302234,0.664682,0.000026,0.033006,0.000026,0.000026
AAGTGCGTTAGAATCT-1,0.000079,0.273344,0.000079,0.72634,0.000079,0.000079
AAGTGCTTCTCTATTG-1,0.079644,0.198962,0.016639,0.704571,0.000092,0.000092
AAGTGTTTGGAGACGG-1,0.100053,0.078632,0.000053,0.821157,0.000053,0.000053
AAGTTCACTCCAAGCT-1,0.059387,0.000078,0.000078,0.940301,0.000078,0.000078
AAGTTCAGTCTGCGTA-1,0.000353,0.012187,0.000006,0.987443,0.000006,0.000006
AAGTTCGGCCAACAGG-1,0.020816,0.003901,0.000043,0.975153,0.000043,0.000043
AAGTTGTGATGTTATA-1,0.346293,0.506924,0.000023,0.146715,0.000023,0.000023
AAGTTTACTAATGGCA-1,0.000003,0.000003,0.000003,0.999985,0.000003,0.000003
AAGTTTATGGGCCCAA-1,0.236421,0.032848,0.138482,0.592224,0.000013,0.000013
AATAACAACGCTCGGC-1,0.029188,0.1506,0.000018,0.820158,0.000018,0.000018
AATAACACTAGAACAA-1,0.043153,0.298064,0.169506,0.489154,0.000061,0.000061
AATAACGTCGCGCCCA-1,0.000475,0.895428,0.000475,0.102672,0.000475,0.000475
AATAAGTCCTCGAGAC-1,0.000005,0.004898,0.000005,0.995084,0.000005,0.000005
AATAATCTTCGTATCG-1,0.579687,0.000044,0.000044,0.420135,0.000044,0.000044
AATACAATGTTTCAGG-1,0.534729,0.355077,0.000098,0.109899,0.000098,0.000098
AATACCGGAGGGCTGT-1,0.302036,0.055159,0.000234,0.642103,0.000234,0.000234
AATACCTGATGTGAAC-1,0.126884,0.159162,0.000049,0.713808,0.000049,0.000049
AATAGAACAGAGTGGC-1,0.14206,0.00023,0.118029,0.739223,0.00023,0.00023
AATAGAATCTGTTTCA-1,0.151685,0.2943,0.000055,0.553849,0.000055,0.000055
AATAGCAAGCCTCCTG-1,0.000006,0.000006,0.000006,0.999972,0.000006,0.000006
AATAGCTACCGCGTGC-1,0.00235,0.011065,0.002444,0.98413,0.000006,0.000006
AATAGGCACGACCCTT-1,0.00641,0.00641,0.00641,0.967948,0.00641,0.00641
AATAGTCCGTCCCGAC-1,0.088028,0.084452,0.012821,0.814212,0.000243,0.000243
AATAGTCGCGAGTCGG-1,0.277438,0.672641,0.000013,0.049881,0.000013,0.000013
AATATCAAGGTCGGAT-1,0.010779,0.012435,0.000011,0.976752,0.000011,0.000011
AATATCCTAGCAAACT-1,0.275014,0.021937,0.274838,0.428098,0.000057,0.000057
AATATCGAATCAATGC-1,0.452791,0.465726,0.000029,0.081396,0.000029,0.000029
AATATCGAGGGTTCTC-1,0.013421,0.026836,0.000012,0.959708,0.000012,0.000012
AATATTGGAGTATTGA-1,0.473565,0.264967,0.000212,0.26083,0.000212,0.000212
AATCAGGTTTCATTTA-1,0.000093,0.467218,0.013254,0.519248,0.000093,0.000093
AATCATGTAAAGACTC-1,0.010313,0.989519,0.000015,0.000124,0.000015,0.000015
AATCCAAGGGCCTGAG-1,0.008306,0.046446,0.000014,0.945206,0.000014,0.000014
AATCCATGCAAGGGTG-1,0.486877,0.000023,0.000023,0.513031,0.000023,0.000023
AATCCCGCTCAGAGCC-1,0.0005,0.264873,0.0005,0.733129,0.0005,0.0005
AATCGAGGTCTCAAGG-1,0.741504,0.003846,0.003846,0.243111,0.003846,0.003846
AATCGCCTCAGCGCCA-1,0.051346,0.033415,0.001959,0.913232,0.000024,0.000024
AATCGCGCAGAGGACT-1,0.10149,0.828354,0.000028,0.070072,0.000028,0.000028
AATCGGGACACTACGA-1,0.007794,0.006003,0.000007,0.986182,0.000007,0.000007
AATCGGTATAGCCCTC-1,0.544798,0.314415,0.000027,0.140708,0.000027,0.000027
AATCGTGAGCCGAGCA-1,0.001986,0.081356,0.004901,0.91173,0.000014,0.000014
AATCTAGGTTTACTTG-1,0.099239,0.000037,0.271684,0.628966,0.000037,0.000037
AATCTATGCCGGAGCC-1,0.002898,0.043335,0.000008,0.953742,0.000008,0.000008
AATCTCTACTGTGGTT-1,0.367544,0.559565,0.008248,0.064587,0.000028,0.000028
AATCTGCGTTGGGACG-1,0.091442,0.000025,0.000025,0.908458,0.000025,0.000025
AATCTGGCTTTCTAGT-1,0.020286,0.008803,0.66954,0.301341,0.000015,0.000015
AATGACAGCAATGTCT-1,0.022807,0.050099,0.000036,0.926987,0.000036,0.000036
AATGACGTAGGATGTC-1,0.070967,0.050019,0.053338,0.825641,0.000018,0.000018
AATGACTGTCAGCCGG-1,0.00002,0.00002,0.00002,0.9999,0.00002,0.00002
AATGAGTTCGCATATG-1,0.69585,0.000025,0.000025,0.304049,0.000025,0.000025
AATGATGATACGCTAT-1,0.000011,0.000011,0.000011,0.999944,0.000011,0.000011
AATGATGCGACTCCTG-1,0.000007,0.006037,0.000007,0.993937,0.000007,0.000007
AATGCAACCGGGTACC-1,0.001297,0.109972,0.00001,0.8887,0.00001,0.00001
AATGCACCAAGCAATG-1,0.001623,0.028491,0.000009,0.969859,0.000009,0.000009
AATGGTCCACCGTTCA-1,0.244456,0.701547,0.000057,0.053827,0.000057,0.000057
AATGGTTCTCACAAGC-1,0.008431,0.000025,0.000025,0.991471,0.000025,0.000025
AATGTATGGCACTGTA-1,0.018677,0.205477,0.019581,0.75618,0.000042,0.000042
AATGTGCCCGAGGTGT-1,0.322022,0.000379,0.113429,0.563412,0.000379,0.000379
AATGTGCTAATCTGAG-1,0.289714,0.345731,0.000263,0.363768,0.000263,0.000263
AATGTTAAGACCCTGA-1,0.126509,0.207347,0.000085,0.665888,0.000085,0.000085
AATGTTGTCGTGAGAC-1,0.519413,0.39876,0.000037,0.081715,0.000037,0.000037
AATTAAAGGTCGGCGT-1,0.000008,0.030101,0.000008,0.969867,0.000008,0.000008
AATTAACGGATTTCCA-1,0.000348,0.31081,0.000348,0.687798,0.000348,0.000348
AATTACGAGACCCATC-1,0.129302,0.009107,0.014787,0.84673,0.000037,0.000037
AATTACTCGTACGCTC-1,0.236111,0.70712,0.000019,0.056712,0.000019,0.000019
AATTAGCGCTGCAGCG-1,0.03446,0.091966,0.016035,0.857426,0.000057,0.000057
AATTATACCCAGCAAG-1,0.152397,0.00029,0.00029,0.846442,0.00029,0.00029
AATTCATAAGGGATCT-1,0.000637,0.012105,0.000008,0.987235,0.000008,0.000008
AATTCATTGTCATGCA-1,0.106467,0.124251,0.018191,0.75098,0.000056,0.000056
AATTCCAAGCATGTAC-1,0.06591,0.008245,0.000054,0.925682,0.000054,0.000054
AATTCGATTCGAGGAT-1,0.065547,0.014113,0.008559,0.911688,0.000046,0.000046
AATTCTAGAGTTAGGC-1,0.076509,0.054546,0.012782,0.856049,0.000057,0.000057
AATTGAACGCTCTGGT-1,0.023303,0.220857,0.000096,0.755553,0.000096,0.000096
AATTGCAGCAATCGAC-1,0.496626,0.431068,0.000025,0.072231,0.000025,0.000025
AATTGCGTGGATTACA-1,0.003202,0.610496,0.003142,0.383113,0.000023,0.000023
AATTGTGGTTGCCAAA-1,0.304145,0.621735,0.000016,0.074073,0.000016,0.000016
AATTTGGGACATAGTA-1,0.00393,0.019263,0.000012,0.97677,0.000012,0.000012
AATTTGGTTCCAAAGA-1,0.000004,0.000004,0.000004,0.999978,0.000004,0.000004
ACAAACCATGCGTCCT-1,0.21578,0.130969,0.00393,0.649292,0.000015,0.000015
ACAAACTCCATCAGAG-1,0.095185,0.894104,0.000974,0.00779,0.000974,0.000974
ACAAAGAAGGTAGGCC-1,0.129204,0.021363,0.449026,0.400381,0.000013,0.000013
ACAAAGCATGACCTAG-1,0.280201,0.582638,0.000018,0.137108,0.000018,0.000018
ACAAATCGCACCGAAT-1,0.062237,0.034025,0.000058,0.903564,0.000058,0.000058
ACAAATGGTAGTGTTT-1,0.232309,0.207918,0.000189,0.559208,0.000189,0.000189
ACAAATTCAGATCTGA-1,0.000005,0.000005,0.000005,0.999975,0.000005,0.000005
ACAACAGCATGAGCTA-1,0.005136,0.029239,0.000011,0.965592,0.000011,0.000011
ACAACGGTCCCTGCGA-1,0.2507,0.000019,0.090307,0.658937,0.000019,0.000019
ACAAGCAGTGCCTAGC-1,0.166573,0.199524,0.001959,0.631871,0.000037,0.000037
ACAAGCTATATGGAAG-1,0.002653,0.002653,0.146233,0.843157,0.002653,0.002653
ACAAGGAAATCCGCCC-1,0.029988,0.147891,0.006573,0.81551,0.000019,0.000019
ACAAGGACAAGAGGTT-1,0.006265,0.105544,0.00001,0.888162,0.00001,0.00001
ACAAGGATGCTTTAGG-1,0.009923,0.035381,0.000069,0.954489,0.000069,0.000069
ACAAGGGCAGGCTCTG-1,0.002663,0.023708,0.001427,0.97219,0.000006,0.000006
ACAAGTAATTGTAAGG-1,0.36292,0.001789,0.001789,0.629924,0.001789,0.001789
ACAATAGTCGTACGTT-1,0.030844,0.154971,0.000065,0.813991,0.000065,0.000065
ACAATCCATTTAAACC-1,0.00778,0.061705,0.000016,0.930467,0.000016,0.000016
ACAATGAATACGGAGA-1,0.152301,0.190733,0.101965,0.554607,0.000197,0.000197
ACAATGATTCTTCTAC-1,0.001139,0.000005,0.000005,0.998841,0.000005,0.000005
ACAATTGTGTCTCTTT-1,0.486606,0.279472,0.000027,0.23384,0.000027,0.000027
ACAATTTAGGAGGCTC-1,0.575648,0.303994,0.000025,0.120282,0.000025,0.000025
ACAATTTGAGCAGTGG-1,0.028419,0.000017,0.000017,0.971515,0.000017,0.000017
ACAATTTGGCCATATT-1,0.079979,0.064587,0.000039,0.855318,0.000039,0.000039
ACACAAAGACGGGTGG-1,0.004032,0.000066,0.000013,0.995864,0.000013,0.000013
ACACAAATATTCCTAG-1,0.001732,0.000516,0.000005,0.997737,0.000005,0.000005
ACACACCAGGACCAGT-1,0.649441,0.092196,0.000043,0.258233,0.000043,0.000043
ACACACTTTCTACACG-1,0.002924,0.011687,0.000007,0.985367,0.000007,0.000007
ACACATGATCAAATCT-1,0.214084,0.036065,0.106303,0.643439,0.000055,0.000055
ACACATTGACGCAACA-1,0.662937,0.266851,0.000055,0.070047,0.000055,0.000055
ACACATTTCCGTAGAC-1,0.08563,0.246519,0.000023,0.667781,0.000023,0.000023
ACACCACATAATTAGC-1,0.006103,0.013731,0.000006,0.98015,0.000006,0.000006
ACACCCAGCATGCAGC-1,0.014337,0.000021,0.000021,0.98558,0.000021,0.000021
ACACCCGAGAAATCCG-1,0.000012,0.000012,0.000012,0.999942,0.000012,0.000012
ACACCGAGCGCTCTTT-1,0.346081,0.642565,0.000023,0.011285,0.000023,0.000023
ACACCGGTCTGACCGC-1,0.379075,0.001259,0.010078,0.609488,0.00005,0.00005
ACACCTTAAGTAGGGC-1,0.000008,0.000008,0.001234,0.998733,0.000008,0.000008
ACACCTTACTACTTGC-1,0.361626,0.546406,0.000028,0.091883,0.000028,0.000028
ACACGAGACTCCTTCT-1,0.008567,0.040877,0.002477,0.948061,0.00001,0.00001
ACACGGCACTATGCAT-1,0.006057,0.00303,0.009766,0.981121,0.000013,0.000013
ACACGGGAACTTAGGG-1,0.034482,0.038064,0.000018,0.9274,0.000018,0.000018
ACACGTAGGCCACAAG-1,0.087869,0.881288,0.000019,0.030787,0.000019,0.000019
ACACTCCAATGTCACT-1,0.893556,0.000086,0.000086,0.106099,0.000086,0.000086
ACACTGATCAAGGTGT-1,0.070081,0.177008,0.069357,0.683355,0.000099,0.000099
ACACTGGGACAGTCGT-1,0.693706,0.081882,0.000032,0.224317,0.000032,0.000032
ACAGAACTGAGAACAA-1,0.438934,0.000542,0.074933,0.484508,0.000542,0.000542
ACAGATTAGGTTAGTG-1,0.017902,0.019421,0.000007,0.962657,0.000007,0.000007
ACAGCATAGAGCCAGT-1,0.034841,0.000011,0.000011,0.965117,0.000011,0.000011
ACAGCGACATTCTCAT-1,0.46334,0.35681,0.000028,0.179767,0.000028,0.000028
ACAGCGCACCCGCAGC-1,0.000296,0.000008,0.000008,0.999674,0.000008,0.000008
ACAGGCACGGATCCTT-1,0.109559,0.110015,0.000023,0.780356,0.000023,0.000023
ACAGGCTTGCCCGACT-1,0.04536,0.048774,0.000087,0.905606,0.000087,0.000087
ACAGGTGGAGGTGAGG-1,0.087706,0.000142,0.041278,0.870589,0.000142,0.000142
ACAGGTGTGTTGTTGC-1,0.005917,0.433696,0.005917,0.542635,0.005917,0.005917
ACAGTAATACAACTTG-1,0.004612,0.169077,0.009707,0.816516,0.000044,0.000044
ACAGTATACCGTGGGA-1,0.000008,0.000008,0.000008,0.99996,0.000008,0.000008
ACATAAGTCGTGGTGA-1,0.113798,0.241439,0.010745,0.63383,0.000095,0.000095
ACATAATAAGGCGGTG-1,0.004694,0.103884,0.000014,0.89138,0.000014,0.000014
ACATACAATCAAGCGG-1,0.001115,0.218646,0.001115,0.776894,0.001115,0.001115
ACATCAGCTGGGACGC-1,0.39082,0.526785,0.002077,0.080274,0.000022,0.000022
ACATCCCGGCCATACG-1,0.000116,0.248824,0.000116,0.75071,0.000116,0.000116
ACATCCTGGTAACTGT-1,0.170072,0.772199,0.00002,0.057669,0.00002,0.00002
ACATCGATCGTTTACC-1,0.030255,0.022762,0.009224,0.937723,0.000018,0.000018
ACATCGCAATATTCGG-1,0.416343,0.004049,0.004049,0.567463,0.004049,0.004049
ACATCGGTCAGCCGCG-1,0.002442,0.088446,0.000014,0.909071,0.000014,0.000014
ACATCGTATGCAATGG-1,0.005747,0.245245,0.000029,0.748922,0.000029,0.000029
ACATCGTTAACCTAGT-1,0.006096,0.000653,0.000015,0.993205,0.000015,0.000015
ACATCTCAACGCGTAA-1,0.01567,0.026756,0.000013,0.957536,0.000013,0.000013
ACATGCTTACGGCAGC-1,0.123329,0.472882,0.00005,0.40364,0.00005,0.00005
ACATGGCGCCAAAGTA-1,0.363854,0.482125,0.000017,0.153969,0.000017,0.000017
ACATGGCTCAATTTAG-1,0.899813,0.011327,0.004553,0.084172,0.000067,0.000067
ACATTAGTTTATATCC-1,0.00564,0.045214,0.020337,0.928674,0.000068,0.000068
ACATTCGCGCGGAATA-1,0.06703,0.518433,0.000062,0.414351,0.000062,0.000062
ACATTTGAAACCTAAC-1,0.111344,0.107412,0.000724,0.780489,0.000016,0.000016
ACCAAACACCCAGCGA-1,0.000254,0.000006,0.000006,0.999724,0.000006,0.000006
ACCAACACCACACACT-1,0.018181,0.000008,0.000008,0.981789,0.000008,0.000008
ACCAACCGCACTCCAC-1,0.225534,0.661299,0.000017,0.113116,0.000017,0.000017
ACCAACGCTTATTTAT-1,0.1517,0.000249,0.072324,0.775228,0.000249,0.000249
ACCAAGAACGCGTGTC-1,0.025237,0.000014,0.000014,0.974708,0.000014,0.000014
ACCAAGTCATCGGCAG-1,0.385628,0.476567,0.001669,0.136101,0.000017,0.000017
ACCAATATGCAAGTTA-1,0.027914,0.060361,0.000039,0.911609,0.000039,0.000039
ACCACAACTCAGAACA-1,0.000004,0.000004,0.000004,0.99998,0.000004,0.000004
ACCACAAGTTTCTATC-1,0.004998,0.004116,0.000013,0.990847,0.000013,0.000013
ACCACACGGTTGATGG-1,0.000107,0.196821,0.039629,0.76323,0.000107,0.000107
ACCACCAATGTAACAA-1,0.080276,0.787106,0.000014,0.132577,0.000014,0.000014
ACCACCCTCTCTTCTA-1,0.000004,0.000004,0.000004,0.999978,0.000004,0.000004
ACCACGTGCAGCTATA-1,0.02059,0.047749,0.021781,0.909842,0.000019,0.000019
ACCACTGTTCAAGAAG-1,0.457665,0.540594,0.000025,0.001666,0.000025,0.000025
ACCAGACCATAACAAC-1,0.104771,0.443421,0.390787,0.060995,0.000013,0.000013
ACCAGCCCGGTCTTTG-1,0.004703,0.020241,0.000012,0.975018,0.000012,0.000012
ACCAGTGCCCGGTCAA-1,0.000004,0.000004,0.000004,0.999979,0.000004,0.000004
ACCAGTGCGGGAGACG-1,0.240937,0.690611,0.000024,0.068381,0.000024,0.000024
ACCATATCCGCAATAA-1,0.011223,0.001409,0.000013,0.98733,0.000013,0.000013
ACCATCCGCCAACTAG-1,0.019807,0.078363,0.011092,0.890688,0.000025,0.000025
ACCATCGTATATGGTA-1,0.00001,0.005437,0.00001,0.994522,0.00001,0.00001
ACCATTAAGGGTGTCA-1,0.730186,0.263798,0.005557,0.000368,0.000046,0.000046
ACCCAACGCCCGTGGC-1,0.013926,0.000016,0.000016,0.986011,0.000016,0.000016
ACCCACCTACATGCTC-1,0.498641,0.000023,0.011905,0.489387,0.000023,0.000023
ACCCATCTTGAGGGTA-1,0.00048,0.026337,0.000015,0.973136,0.000015,0.000015
ACCCATTTGTCCCTCT-1,0.840677,0.001423,0.012759,0.145073,0.000034,0.000034
ACCCGAGCGAAATTAC-1,0.000174,0.225056,0.029137,0.745284,0.000174,0.000174
ACCCGATTGGTTCCGA-1,0.293512,0.166233,0.000359,0.539177,0.000359,0.000359
ACCCGGAAACTCCCAG-1,0.124936,0.314149,0.000196,0.560327,0.000196,0.000196
ACCCGGAGCACCACAA-1,0.122188,0.803969,0.000014,0.073801,0.000014,0.000014
ACCCGGATGACGCATC-1,0.286627,0.269738,0.000034,0.443533,0.000034,0.000034
ACCCGGTTACACTTCC-1,0.000025,0.000025,0.000025,0.999875,0.000025,0.000025
ACCCGTAGCAGAGAAT-1,0.161204,0.210446,0.000144,0.627919,0.000144,0.000144
ACCCGTAGTCTAGTTG-1,0.212102,0.689747,0.000017,0.098099,0.000017,0.000017
ACCCGTGTCATCAGTA-1,0.000261,0.242053,0.000261,0.756904,0.000261,0.000261
ACCCTATAGGACTGAG-1,0.878833,0.000116,0.000116,0.120704,0.000116,0.000116
ACCCTATGCCATATCG-1,0.000285,0.142198,0.010348,0.8466,0.000285,0.000285
ACCCTCCCGTCAGGGC-1,0.4088,0.410708,0.000021,0.18043,0.000021,0.000021
ACCCTCCCTTGCTATT-1,0.185318,0.121286,0.000162,0.692911,0.000162,0.000162
ACCCTGGTAACGCCCT-1,0.007081,0.001424,0.000007,0.991473,0.000007,0.000007
ACCCTTCATCTGCGAA-1,0.014986,0.043048,0.00001,0.941937,0.00001,0.00001
ACCCTTGCCTGGGTCG-1,0.000232,0.00001,0.001426,0.998312,0.00001,0.00001
ACCCTTTAGTTCTCCA-1,0.014602,0.010319,0.000012,0.975043,0.000012,0.000012
ACCGAAAGGGCCCTGC-1,0.011304,0.00835,0.000006,0.980328,0.000006,0.000006
ACCGAAGAGTCTGGTT-1,0.169142,0.237048,0.000373,0.592689,0.000373,0.000373
ACCGACACATCTCCCA-1,0.205801,0.015053,0.107184,0.671747,0.000107,0.000107
ACCGACTGAGTCCCAC-1,0.007001,0.004165,0.00001,0.988805,0.00001,0.00001
ACCGAGTCTCCTTATT-1,0.031788,0.147633,0.000029,0.820493,0.000029,0.000029
ACCGATAGGCATAACC-1,0.779562,0.01505,0.000029,0.205301,0.000029,0.000029
ACCGATATTTAATCAT-1,0.334871,0.573903,0.000031,0.091134,0.000031,0.000031
ACCGATGGTAGCATCG-1,0.012407,0.925153,0.00001,0.062409,0.00001,0.00001
ACCGCAATAACTGCCT-1,0.051859,0.059195,0.063911,0.824995,0.000021,0.000021
ACCGCGGTGGAAGTCG-1,0.755174,0.000026,0.00268,0.242068,0.000026,0.000026
ACCGCTAGTCATTGGT-1,0.171851,0.208,0.000146,0.619712,0.000146,0.000146
ACCGGGCCTTTGTTGA-1,0.688946,0.161305,0.000032,0.149653,0.000032,0.000032
ACCGGTCAGGTACACC-1,0.183,0.052768,0.000073,0.764012,0.000073,0.000073
ACCGTCCACTGGGCCC-1,0.037786,0.075074,0.006058,0.881057,0.000013,0.000013
ACCGTGACCACGTGGG-1,0.000176,0.000176,0.000176,0.999118,0.000176,0.000176
ACCGTTCCCGCTCTGA-1,0.000006,0.000635,0.000006,0.999339,0.000006,0.000006
ACCTAAGTACCTTTCA-1,0.010176,0.099725,0.052189,0.837824,0.000043,0.000043
ACCTAATCGACTTCCT-1,0.106246,0.042363,0.00004,0.85127,0.00004,0.00004
ACCTACAGTATGTGGT-1,0.189304,0.763584,0.000029,0.047025,0.000029,0.000029
ACCTACTATAAATCTA-1,0.067002,0.244894,0.00004,0.687985,0.00004,0.00004
ACCTCAGCGAGGCGCA-1,0.131084,0.267424,0.001241,0.597769,0.001241,0.001241
ACCTCCGCCCTCGCTG-1,0.91513,0.000053,0.000053,0.084657,0.000053,0.000053
ACCTCCGTTATTCACC-1,0.000285,0.105649,0.000013,0.894028,0.000013,0.000013
ACCTCGAACTTATGCT-1,0.130703,0.256358,0.000034,0.612836,0.000034,0.000034
ACCTGCGTGTCATGTT-1,0.001611,0.102602,0.000065,0.895593,0.000065,0.000065
ACGAAATGGGCGGCAC-1,0.161572,0.135626,0.000078,0.702569,0.000078,0.000078
ACGACCCATGAGTTGC-1,0.144556,0.772449,0.000016,0.082947,0.000016,0.000016
ACGACTCTAGGGCCGA-1,0.032699,0.259314,0.000023,0.707919,0.000023,0.000023
ACGACTGGTCATACTC-1,0.105721,0.242155,0.000182,0.651577,0.000182,0.000182
ACGAGAACCCATCACG-1,0.033979,0.015225,0.000012,0.950759,0.000012,0.000012
ACGAGATATTTGCTTA-1,0.000014,0.000014,0.000014,0.999931,0.000014,0.000014
ACGAGGATACCACTCT-1,0.000125,0.487869,0.024205,0.487552,0.000125,0.000125
ACGAGGTTTACAACGT-1,0.000147,0.103267,0.000147,0.896145,0.000147,0.000147
ACGAGTACGGATGCCC-1,0.001951,0.001383,0.000006,0.996649,0.000006,0.000006
ACGATACATAGAACTA-1,0.038603,0.01493,0.000011,0.946435,0.000011,0.000011
ACGATACCTATCCTGA-1,0.003077,0.237481,0.003077,0.750211,0.003077,0.003077
ACGATCATACATAGAG-1,0.000015,0.000015,0.000015,0.999923,0.000015,0.000015
ACGATCATCTTGTAAA-1,0.216329,0.564089,0.000066,0.219384,0.000066,0.000066
ACGATGCATATGTTAT-1,0.000007,0.008537,0.00065,0.990793,0.000007,0.000007
ACGATGGATCCGATGC-1,0.055617,0.000018,0.006915,0.937414,0.000018,0.000018
ACGCAAACTAATAGAT-1,0.082268,0.000129,0.061364,0.855981,0.000129,0.000129
ACGCAATCACTACAGC-1,0.000005,0.022202,0.000005,0.977777,0.000005,0.000005
ACGCATAAATGACATG-1,0.001423,0.022999,0.000032,0.975482,0.000032,0.000032
ACGCATACGTTTACTA-1,0.453716,0.44252,0.002398,0.101311,0.000027,0.000027
ACGCATTCGTGAGTAC-1,0.000854,0.011194,0.000011,0.987921,0.000011,0.000011
ACGCCACTCGAAACAG-1,0.044738,0.326657,0.000067,0.628404,0.000067,0.000067
ACGCCAGATGATTTCT-1,0.030897,0.002495,0.000014,0.966566,0.000014,0.000014
ACGCCAGTGCGTTTGC-1,0.493409,0.357126,0.000047,0.149322,0.000047,0.000047
ACGCCGCTAGACGACC-1,0.008137,0.019448,0.003677,0.968716,0.000011,0.000011
ACGCGAAGTCAGACGA-1,0.00485,0.000027,0.086541,0.908527,0.000027,0.000027
ACGCGCTACACAGGGT-1,0.00032,0.138811,0.000014,0.860828,0.000014,0.000014
ACGCGGGCCAAGGACA-1,0.000008,0.056556,0.000008,0.943413,0.000008,0.000008
ACGCGTTTCTTAAGAG-1,0.468985,0.530717,0.000027,0.000216,0.000027,0.000027
ACGCTACTGAATGGGC-1,0.236095,0.762541,0.000124,0.000993,0.000124,0.000124
ACGCTAGTGATACACT-1,0.0085,0.008069,0.00001,0.983402,0.00001,0.00001
ACGCTGTGAGGCGTAG-1,0.271778,0.387088,0.012382,0.328695,0.000028,0.000028
ACGCTTAGTGTCTCTC-1,0.003193,0.000018,0.000666,0.996088,0.000018,0.000018
ACGGAACACGAGTGCC-1,0.183521,0.142201,0.000025,0.674201,0.000025,0.000025
ACGGAATTTAGCAAAT-1,0.157647,0.000053,0.000053,0.84214,0.000053,0.000053
ACGGACGCAGCGACAA-1,0.044976,0.473202,0.00015,0.481371,0.00015,0.00015
ACGGACTCTCAAAGCG-1,0.083358,0.143382,0.000037,0.77315,0.000037,0.000037
ACGGAGCGCAAATTAC-1,0.002663,0.002086,0.000007,0.99523,0.000007,0.000007
ACGGATGGTGCGGATA-1,0.029175,0.055515,0.00003,0.915221,0.00003,0.00003
ACGGCACTTGCTTGGG-1,0.015031,0.240567,0.00592,0.738296,0.000093,0.000093
ACGGCCAACATGGACT-1,0.113757,0.149691,0.017223,0.718909,0.00021,0.00021
ACGGCGACGATGGGAA-1,0.030991,0.043566,0.082744,0.842667,0.000016,0.000016
ACGGCGGGTTGCCCTG-1,0.175793,0.000048,0.000048,0.824015,0.000048,0.000048
ACGGCTGGATGTAGAA-1,0.334418,0.067534,0.014059,0.583933,0.000027,0.000027
ACGGGAGTGTCGGCCC-1,0.081552,0.062175,0.000076,0.856044,0.000076,0.000076
ACGGGCGTATGCGACA-1,0.001001,0.028285,0.000004,0.970704,0.000004,0.000004
ACGGGTCATGTGACTT-1,0.893363,0.000027,0.001838,0.104718,0.000027,0.000027
ACGGGTTGTGACCTGT-1,0.258307,0.020339,0.000123,0.720985,0.000123,0.000123
ACGGTACAGTTCAATG-1,0.094372,0.127234,0.000021,0.778331,0.000021,0.000021
ACGGTCACCGAGAACA-1,0.245308,0.281117,0.000151,0.473122,0.000151,0.000151
ACGTACAGATTTCTCT-1,0.020654,0.00001,0.00001,0.979305,0.00001,0.00001
ACGTACTTTGGCACGG-1,0.000315,0.478082,0.000204,0.520992,0.000204,0.000204
ACGTAGATTGCTGATG-1,0.006542,0.009737,0.000009,0.983693,0.000009,0.000009
ACGTAGGAGAGTCGCT-1,0.006268,0.150719,0.008048,0.834911,0.000027,0.000027
ACGTATTACTCCGATC-1,0.298431,0.532628,0.000021,0.168879,0.000021,0.000021
ACGTCGGGCAACTCGG-1,0.101728,0.271363,0.000013,0.62687,0.000013,0.000013
ACGTCTCGTTCCGGGA-1,0.115235,0.104099,0.305718,0.474906,0.000021,0.000021
ACGTGACAAAGTAAGT-1,0.189619,0.000059,0.064828,0.745376,0.000059,0.000059
ACGTGCGCCTCGTGCA-1,0.012225,0.023871,0.000014,0.963861,0.000014,0.000014
ACGTTAATGTCGAAGA-1,0.007488,0.006439,0.000887,0.98517,0.000008,0.000008
ACGTTAGATTTGCCCG-1,0.001407,0.048711,0.000015,0.949837,0.000015,0.000015
ACGTTATTGGTCACTC-1,0.526159,0.408654,0.002671,0.062404,0.000056,0.000056
ACGTTCACTATGCCGC-1,0.00003,0.443848,0.001787,0.554275,0.00003,0.00003
ACGTTCCGCGCTCCGT-1,0.024441,0.000009,0.000009,0.975521,0.000009,0.000009
ACGTTCGCAATCAATT-1,0.012103,0.007179,0.000012,0.980683,0.000012,0.000012
ACGTTCGTTCAGGAAA-1,0.12135,0.011132,0.005941,0.861308,0.000134,0.000134
ACGTTCTGTACAAGTC-1,0.123555,0.01821,0.000073,0.858018,0.000073,0.000073
ACGTTGTCGTTGAAAG-1,0.275031,0.212519,0.000281,0.511607,0.000281,0.000281
ACGTTTAGTTGTGATC-1,0.032655,0.035829,0.000016,0.931469,0.000016,0.000016
ACGTTTCGGTGCACTT-1,0.787079,0.10284,0.000268,0.109276,0.000268,0.000268
ACTAAGGACGCACACC-1,0.009289,0.002191,0.000004,0.988508,0.000004,0.000004
ACTAATACGTCAGGCG-1,0.03125,0.000013,0.000013,0.968699,0.000013,0.000013
ACTACAAAGAGAGGTG-1,0.391717,0.034091,0.00011,0.573861,0.00011,0.00011
ACTACATCCCGACAAG-1,0.208939,0.000023,0.002425,0.788567,0.000023,0.000023
ACTACCAGCTCTCTGG-1,0.023821,0.007942,0.00605,0.962158,0.000015,0.000015
ACTACCATCCGAGGGC-1,0.211571,0.169058,0.000117,0.619019,0.000117,0.000117
ACTACGCGTTAGAATT-1,0.499761,0.000542,0.000542,0.498072,0.000542,0.000542
ACTAGTTGCGATCGTC-1,0.715187,0.076685,0.00003,0.208038,0.00003,0.00003
ACTATATGCTGTGTTC-1,0.000663,0.012146,0.000526,0.986649,0.000008,0.000008
ACTATCCAGGGCATGG-1,0.308313,0.578154,0.000024,0.113461,0.000024,0.000024
ACTATCGCCGGCTAAA-1,0.003663,0.224181,0.003663,0.761167,0.003663,0.003663
ACTATCTGCCCGCGTA-1,0.277412,0.463817,0.000014,0.25873,0.000014,0.000014
ACTATGTCCAGCTGCC-1,0.270632,0.137408,0.00779,0.583623,0.000274,0.000274
ACTATTCGTCCGTGGT-1,0.020485,0.017049,0.000015,0.962422,0.000015,0.000015
ACTATTTCCGGGCCCA-1,0.000071,0.000071,0.000071,0.999643,0.000071,0.000071
ACTCAACGAATGTATT-1,0.060941,0.000014,0.000014,0.939002,0.000014,0.000014
ACTCAAGTGCAAGGCT-1,0.000087,0.183932,0.006661,0.809144,0.000087,0.000087
ACTCAATAAAGGCACG-1,0.023133,0.000011,0.000011,0.976824,0.000011,0.000011
ACTCAGACCTGCTTCT-1,0.000005,0.000005,0.000005,0.999974,0.000005,0.000005
ACTCATGGCAGCCTTC-1,0.483948,0.055724,0.003003,0.45722,0.000053,0.000053
ACTCCAATATCATCAT-1,0.155715,0.00039,0.029296,0.813818,0.00039,0.00039
ACTCCCATTCCTAAAG-1,0.000079,0.392567,0.021902,0.585298,0.000077,0.000077
ACTCCCGAATTCGTTT-1,0.021505,0.000015,0.000015,0.978434,0.000015,0.000015
ACTCCCGTAGACTAGG-1,0.000003,0.000003,0.000003,0.999983,0.000003,0.000003
ACTCCCTAATGCTAAA-1,0.144597,0.02319,0.000083,0.831963,0.000083,0.000083
ACTCCCTAGAATAGTA-1,0.014191,0.040229,0.017962,0.927585,0.000016,0.000016
ACTCCGGCCGACCACT-1,0.000011,0.068687,0.000011,0.931269,0.000011,0.000011
ACTCGATGTATTTCAT-1,0.55937,0.374524,0.001996,0.064043,0.000033,0.000033
ACTCGCCGTTCGATAA-1,0.556703,0.325962,0.000019,0.117277,0.000019,0.000019
ACTCGCGATCTGACGC-1,0.049851,0.029958,0.000027,0.920112,0.000027,0.000027
ACTCGTAACCCGTCCT-1,0.012426,0.218424,0.000083,0.768901,0.000083,0.000083
ACTCGTCAGTAATCCC-1,0.05787,0.079091,0.00002,0.862977,0.00002,0.00002
ACTCTAAACCTGGGAT-1,0.223657,0.005917,0.005917,0.752674,0.005917,0.005917
ACTCTCTGACTTAGGT-1,0.051022,0.093548,0.00002,0.85537,0.00002,0.00002
ACTCTCTTATACACGA-1,0.009675,0.00148,0.002107,0.986714,0.000012,0.000012
ACTCTGACCTAATAGA-1,0.031487,0.141847,0.000021,0.826604,0.000021,0.000021
ACTCTTCAGCTCCCGC-1,0.001233,0.007073,0.00001,0.991664,0.00001,0.00001
ACTCTTGTATAGTAAC-1,0.007593,0.000014,0.000014,0.992351,0.000014,0.000014
ACTGAAACGCCGTTAG-1,0.009678,0.860164,0.000038,0.130046,0.000038,0.000038
ACTGAATGGCGAAAGT-1,0.067334,0.156417,0.000128,0.775866,0.000128,0.000128
ACTGATTTAGTGATTC-1,0.008617,0.000013,0.000013,0.991331,0.000013,0.000013
ACTGCCCGCCATTCTC-1,0.182571,0.208624,0.000081,0.608563,0.000081,0.000081
ACTGCCGTCGTAACTC-1,0.004349,0.000008,0.000008,0.995621,0.000008,0.000008
ACTGCGGACACACCGT-1,0.011961,0.022099,0.00001,0.965909,0.00001,0.00001
ACTGCTCGGAAGGATG-1,0.175894,0.068563,0.074561,0.680567,0.000207,0.000207
ACTGGCGAACCTGCGT-1,0.003831,0.000206,0.000005,0.995947,0.000005,0.000005
ACTGGGATGCCAGTGC-1,0.324222,0.111041,0.000116,0.564391,0.000116,0.000116
ACTGTACGATACACAT-1,0.025299,0.001183,0.003065,0.97043,0.000012,0.000012
ACTGTAGCACTTTGGA-1,0.014787,0.000012,0.000012,0.985163,0.000012,0.000012
ACTGTATACGCGAGCA-1,0.046021,0.000023,0.000023,0.953887,0.000023,0.000023
ACTGTCCAGGATTATA-1,0.016839,0.000014,0.000014,0.983103,0.000014,0.000014
ACTGTCTTCTTTAGAA-1,0.010678,0.004964,0.000017,0.984309,0.000017,0.000017
ACTGTGCTAGTAGATC-1,0.038039,0.314027,0.000029,0.647846,0.000029,0.000029
ACTTACCGGGCGCGCA-1,0.004755,0.000007,0.001939,0.993284,0.000007,0.000007
ACTTACGCATCCACGC-1,0.000076,0.034663,0.000076,0.965033,0.000076,0.000076
ACTTAGTACGACAAGA-1,0.028371,0.000028,0.000028,0.971517,0.000028,0.000028
ACTTATACTTACCCGG-1,0.184125,0.813349,0.000026,0.002447,0.000026,0.000026
ACTTATTAGGATCGGT-1,0.002387,0.000075,0.000014,0.997495,0.000014,0.000014
ACTTATTTATGTGCCA-1,0.932599,0.017734,0.000052,0.049511,0.000052,0.000052
