Barcode,Topic 1,Topic 2,Topic 3,Topic 4to11,Topic 12to13
AAACAAGTATCTCCCA-1,0.000006,0.000006,0.000006,0.999968,0.000013
AAACAATCTACTAGCA-1,0.00027,0.00027,0.00027,0.002159,0.997031
AAACACCAATAACTGC-1,0.000005,0.077726,0.000005,0.278909,0.643355
AAACAGAGCGACTCCT-1,0.044053,0.000024,0.026921,0.601,0.328002
AAACAGCTTTCAGAAG-1,0.000008,0.054984,0.000008,0.887151,0.057849
AAACAGGGTCTATATT-1,0.000009,0.039911,0.000009,0.832012,0.128059
AAACATTTCCCGGATT-1,0.000017,0.069084,0.000017,0.899869,0.031013
AAACCACTACACAGAT-1,0.000049,0.000049,0.062829,0.875951,0.061122
AAACCCGAACGAAATC-1,0.000014,0.008511,0.000014,0.913707,0.077754
AAACCGGAAATGTTAA-1,0.00001,0.008817,0.00001,0.887948,0.103215
AAACCGGGTAGGTACC-1,0.036072,0.063211,0.000035,0.900611,0.000071
AAACCGTTCGTCCAGG-1,0.011253,0.005603,0.000013,0.785211,0.19792
AAACCTCATGAAGTTG-1,0.000016,0.005534,0.000016,0.980858,0.013577
AAACGAAGAACATACC-1,0.003726,0.000014,0.000014,0.000109,0.996138
AAACGAAGATGGAGTA-1,0.000006,0.375107,0.000006,0.51257,0.112312
AAACGACAGTCTTGCC-1,0.000121,0.000121,0.139901,0.225292,0.634565
AAACGAGACGGTTGAT-1,0.000021,0.049624,0.000021,0.656604,0.29373
AAACGCCCGAGATCGG-1,0.273097,0.069347,0.090465,0.407359,0.159732
AAACGGGCGTACGGGT-1,0.000058,0.000058,0.000058,0.97481,0.025017
AAACGTGTTCGCCCTA-1,0.000021,0.000021,0.024062,0.830233,0.145663
AAACTAACGTGGCGAC-1,0.136231,0.011775,0.506629,0.30774,0.037624
AAACTCGTGATATAAG-1,0.000044,0.000044,0.000044,0.891191,0.108678
AAACTGCTGGCTCCAA-1,0.00001,0.00001,0.003093,0.990603,0.006284
AAACTTAATTGCACGC-1,0.0816,0.134785,0.006751,0.383108,0.393756
AAACTTGCAAACGTAT-1,0.000006,0.00186,0.000006,0.997586,0.000541
AAAGAATGACCTTAGA-1,0.034105,0.328111,0.000029,0.250506,0.387248
AAAGACATGAAGTTTA-1,0.103392,0.137997,0.000392,0.00314,0.755078
AAAGACCCAAGTCGCG-1,0.344047,0.017228,0.093776,0.003145,0.541804
AAAGACTGGGCGCTTT-1,0.008407,0.02013,0.000038,0.711847,0.259578
AAAGCTTGCCTACATA-1,0.000021,0.000021,0.000021,0.889659,0.110278
AAAGGCTACGGACCAT-1,0.000016,0.017888,0.000016,0.910675,0.071405
AAAGGCTCTCGCGCCG-1,0.000016,0.000725,0.001279,0.98692,0.01106
AAAGGGATGTAGCAAG-1,0.070338,0.000037,0.012059,0.7716,0.145967
AAAGGGCAGCTTGAAT-1,0.021051,0.000044,0.000044,0.532382,0.446479
AAAGGTAAGCTGTACC-1,0.000007,0.000007,0.041779,0.958194,0.000014
AAAGGTCAACGACATG-1,0.000137,0.000137,0.04673,0.41524,0.537756
AAAGTAGCATTGCTCA-1,0.00001,0.009476,0.00001,0.901045,0.089459
AAAGTCACTGATGTAA-1,0.102163,0.000035,0.010786,0.000279,0.886737
AAAGTCGACCCTCAGT-1,0.000013,0.032617,0.000013,0.921543,0.045815
AAAGTGCCATCAATTA-1,0.00001,0.015904,0.00001,0.904831,0.079246
AAAGTGTGATTTATCT-1,0.000023,0.000023,0.000023,0.99198,0.007952
AAAGTTGACTCCCGTA-1,0.000025,0.000025,0.000025,0.885305,0.114621
AAATAACCATACGGGA-1,0.027334,0.000023,0.056701,0.776654,0.139287
AAATAAGGTAGTGCCC-1,0.000025,0.007156,0.000025,0.862316,0.130478
AAATACCTATAAGCAT-1,0.000023,0.009731,0.000023,0.914538,0.075686
AAATAGCTTAGACTTT-1,0.000054,0.000054,0.000054,0.756319,0.243518
AAATAGGGTGCTATTG-1,0.015701,0.043143,0.000023,0.860735,0.080397
AAATCACTCCTAAACG-1,0.088207,0.00005,0.270585,0.493068,0.14809
AAATCGCGGAAGGAGT-1,0.000012,0.43179,0.003694,0.413755,0.15075
AAATCGTGTACCACAA-1,0.000027,0.044525,0.000027,0.8828,0.072621
AAATCTAGCCCTGCTA-1,0.000007,0.000007,0.000007,0.997277,0.002704
AAATGATTCGATCAGC-1,0.000027,0.000027,0.003953,0.860863,0.13513
AAATGCTCGTTACGTT-1,0.421366,0.000025,0.000025,0.000197,0.578387
AAATGGCATGTCTTGT-1,0.069515,0.000034,0.027902,0.657305,0.245243
AAATGGCCCGTGCCCT-1,0.000005,0.019258,0.000005,0.95364,0.027092
AAATGGTCAATGTGCC-1,0.016229,0.000023,0.000023,0.95701,0.026715
AAATGTATCTTATCCC-1,0.000855,0.597342,0.000855,0.268865,0.132084
AAATGTGGGTGCTCCT-1,0.008815,0.000089,0.000089,0.000709,0.990299
AAATTAACGGGTAGCT-1,0.020966,0.000039,0.000039,0.831072,0.147884
AAATTAATAAGCGCGA-1,0.092474,0.886234,0.00003,0.000237,0.021026
AAATTACACGACTCTG-1,0.034433,0.000026,0.070526,0.697329,0.197685
AAATTACCTATCGATG-1,0.020351,0.01973,0.000034,0.847454,0.112431
AAATTCCAGGTCCAAA-1,0.0472,0.095542,0.00004,0.569205,0.288014
AAATTGATAGTCCTTT-1,0.000013,0.025076,0.000013,0.943727,0.031171
AAATTGGTGAGAAGCA-1,0.000049,0.000049,0.000049,0.821832,0.178022
AAATTTACCGAAATCC-1,0.025112,0.000033,0.231704,0.448252,0.294899
AAATTTGCGGGTGTGG-1,0.002254,0.057754,0.000012,0.927893,0.012087
AACAACTGGTAGTTGC-1,0.000028,0.005691,0.000028,0.979683,0.014571
AACAATACATTGTCGA-1,0.00001,0.003394,0.00001,0.949917,0.04667
AACAATTACTCTACGC-1,0.000041,0.000041,0.000041,0.808879,0.190998
AACACACGCTCGCCGC-1,0.000018,0.000018,0.000018,0.981722,0.018224
AACACGACTGTACTGA-1,0.372132,0.000034,0.000034,0.000271,0.62753
AACACGAGACGCGGCC-1,0.000011,0.00062,0.000011,0.999214,0.000144
AACACGCGGCCGCGAA-1,0.413108,0.000031,0.003227,0.000246,0.583388
AACAGCTGTGTGGCAA-1,0.00001,0.003716,0.00001,0.831823,0.164442
AACAGGAAATCGAATA-1,0.075977,0.000551,0.022329,0.688034,0.213109
AACAGGATGGGCCGCG-1,0.000056,0.020406,0.000056,0.79912,0.180361
AACAGGTAGTATGGAT-1,0.029984,0.230007,0.000013,0.739968,0.000027
AACATATCAACTGGTG-1,0.000043,0.000043,0.000043,0.752986,0.246885
AACATCGATACGTCTA-1,0.015118,0.065209,0.000027,0.786329,0.133315
AACATTGTGACTCGAG-1,0.029909,0.000044,0.000044,0.908249,0.061754
AACCAAGACTTCTCTG-1,0.00001,0.004242,0.00001,0.98779,0.007948
AACCAGTATCACTCTT-1,0.144969,0.00003,0.567973,0.104433,0.182595
AACCATAGGGTTGAAC-1,0.069349,0.230303,0.000015,0.175704,0.524629
AACCATGGGATCGCTA-1,0.471621,0.000012,0.269936,0.005837,0.252595
AACCCAGAGACGGAGA-1,0.385601,0.000032,0.025515,0.062902,0.52595
AACCCATCCCATGATC-1,0.00001,0.114086,0.00001,0.256554,0.62934
AACCCGAGCAGAATCG-1,0.000023,0.000023,0.000023,0.705283,0.294648
AACCCGATAGGGCTTC-1,0.000047,0.000047,0.067064,0.788512,0.144329
AACCCTACTGTCAATA-1,0.000025,0.043296,0.000025,0.812653,0.144
AACCCTGGTGGAACCA-1,0.322606,0.004802,0.029257,0.009618,0.633717
AACCGAGCTTGGTCAT-1,0.020524,0.000051,0.013098,0.688514,0.277813
AACCGCTAAGGGATGC-1,0.00001,0.00001,0.00001,0.998492,0.001478
AACCGTTGTGTTTGCT-1,0.349239,0.000043,0.135311,0.327132,0.188275
AACCTAAAGCCGTCCG-1,0.135867,0.023988,0.000064,0.000514,0.839567
AACCTCGCTTTAGCCC-1,0.00001,0.000384,0.00001,0.998252,0.001344
AACCTGTCACGGAATT-1,0.013621,0.025808,0.000035,0.645034,0.315502
AACCTTTAAATACGGT-1,0.01817,0.021674,0.000018,0.905701,0.054438
AACCTTTACGACGTCT-1,0.008792,0.000024,0.030835,0.698864,0.261484
AACGAAAGTCGTCCCA-1,0.000006,0.279645,0.000006,0.569191,0.151153
AACGATAATGCCGTAG-1,0.020012,0.018492,0.000022,0.863798,0.097676
AACGATAGAAGGGCCG-1,0.147033,0.000047,0.148811,0.429016,0.275093
AACGATATGTCAACTG-1,0.024911,0.000033,0.017393,0.909886,0.047776
AACGCATGATCTGGGT-1,0.000035,0.000035,0.000035,0.854846,0.145049
AACGCGAACGGCAACA-1,0.531574,0.281346,0.000059,0.172494,0.014528
AACGCGGTCTCCAGCC-1,0.000032,0.000032,0.007016,0.948146,0.044774
AACGCTGTTGCTGAAA-1,0.000006,0.002508,0.000006,0.997466,0.000013
AACGGACGTACGTATA-1,0.00001,0.00001,0.00001,0.963181,0.036788
AACGGCCATCTCCGGT-1,0.00001,0.00604,0.00001,0.988464,0.005476
AACGTACTGTGGGTAC-1,0.005115,0.008435,0.000022,0.918424,0.068004
AACGTAGTCTACCCAT-1,0.000099,0.033553,0.023614,0.00079,0.941944
AACGTCAGACTAGTGG-1,0.083314,0.000078,0.000078,0.889166,0.027363
AACGTGATGAAGGACA-1,0.134482,0.005582,0.773875,0.082912,0.003149
AACGTGCGAAAGTCTC-1,0.007729,0.00242,0.000026,0.815936,0.173889
AACGTTATCAGCACCT-1,0.424919,0.410006,0.000037,0.164965,0.000073
AACTACCCGTTTGTCA-1,0.00001,0.00001,0.00001,0.974687,0.025283
AACTAGCGTATCGCAC-1,0.238483,0.000099,0.000099,0.000792,0.760527
AACTAGGCTTGGGTGT-1,0.047146,0.432955,0.000036,0.426837,0.093026
AACTCAAGTTAATTGC-1,0.000012,0.012436,0.000012,0.981617,0.005922
AACTCCAGAGCGTGTT-1,0.000036,0.032217,0.000036,0.879978,0.087733
AACTCCTAATCCCATG-1,0.001014,0.000012,0.036014,0.903061,0.059899
AACTCGATGGCGCAGT-1,0.610361,0.000094,0.000094,0.210448,0.179004
AACTCTCAATAGAGCG-1,0.000037,0.008128,0.000037,0.811646,0.180153
AACTCTCAGTGTGCTC-1,0.00001,0.00001,0.00001,0.999951,0.000019
AACTGAGGTCAGCGTC-1,0.005744,0.00003,0.109135,0.523849,0.361242
AACTGAGTTATACTGA-1,0.000015,0.000015,0.000015,0.895239,0.104716
AACTGATATTAGGCCT-1,0.096193,0.000052,0.000052,0.687618,0.216085
AACTGGGTCCCGACGT-1,0.005319,0.000021,0.007267,0.925534,0.06186
AACTGGGTTCGAGCCG-1,0.167288,0.000381,0.000381,0.003047,0.828904
AACTGGTGTGGGCCTT-1,0.239475,0.00008,0.00008,0.000638,0.759728
AACTTCTGCGTCTATC-1,0.551682,0.000066,0.000066,0.199087,0.2491
AACTTGCCCGTATGCA-1,0.000035,0.007389,0.000035,0.949655,0.042886
AACTTGCGTTCTCGCG-1,0.550573,0.399242,0.000046,0.050047,0.000092
AACTTTACGGGAGCTT-1,0.266834,0.163551,0.000026,0.00912,0.560468
AACTTTAGCTGCTGAG-1,0.000079,0.035994,0.000079,0.000632,0.963216
AACTTTCTCGATCATG-1,0.000024,0.000024,0.000024,0.942992,0.056936
AAGAAATCACCAGATT-1,0.000027,0.000027,0.000027,0.857593,0.142327
AAGAAGGATCAGTTAG-1,0.476999,0.000087,0.000087,0.341696,0.18113
AAGACCAAATAACTCA-1,0.000258,0.178751,0.002093,0.661438,0.157461
AAGACCCAACTGAACA-1,0.00001,0.034332,0.00001,0.940028,0.025619
AAGACTAACCCGTTGT-1,0.502408,0.000131,0.035256,0.150971,0.311234
AAGACTCACGCCCACT-1,0.027562,0.000172,0.000172,0.573752,0.398342
AAGACTGCAAGCTACT-1,0.000012,0.002139,0.000012,0.978714,0.019123
AAGAGATGAATCGGTA-1,0.037684,0.025678,0.000041,0.875887,0.060709
AAGAGCTCTTTATCGG-1,0.026233,0.000043,0.005747,0.831498,0.136478
AAGAGGATGTACGCGA-1,0.000013,0.002664,0.000013,0.989428,0.007882
AAGAGGCATGGATCGC-1,0.00003,0.00859,0.006286,0.879083,0.106011
AAGAGGCCCTTTGGAA-1,0.001281,0.000012,0.000012,0.89873,0.099964
AAGATGGCACCGGACC-1,0.000012,0.004911,0.000012,0.974755,0.02031
AAGATTGGCGGAACGT-1,0.006445,0.000057,0.000057,0.26593,0.727511
AAGCACCCTGCGTATC-1,0.000016,0.004888,0.000016,0.993534,0.001546
AAGCATACTCTCCTGA-1,0.000023,0.000023,0.000023,0.908496,0.091436
AAGCCGAAGCGGTTTA-1,0.000017,0.000017,0.000017,0.999916,0.000034
AAGCCGCTTTACCTTG-1,0.000058,0.000058,0.000058,0.845255,0.154572
AAGCCGGAGAGCAGGA-1,0.000009,0.002598,0.000009,0.973014,0.024369
AAGCGGAGTGCGCGCA-1,0.000698,0.000031,0.019959,0.795672,0.183639
AAGCGGCGTCATGGGT-1,0.110062,0.023689,0.138102,0.565728,0.162419
AAGCGTCCCTCATCGA-1,0.000013,0.027003,0.000013,0.963976,0.008994
AAGCTAGATCGAGTAA-1,0.000009,0.002468,0.000009,0.997496,0.000018
AAGCTCGTGCCAAGTC-1,0.00002,0.006784,0.006012,0.982498,0.004686
AAGCTCTTTCATGGTG-1,0.012435,0.010201,0.000017,0.952803,0.024544
AAGGAGAACTTATAAG-1,0.169079,0.000082,0.000082,0.000655,0.830102
AAGGAGCGGTTGGTGC-1,0.031874,0.000042,0.000042,0.825356,0.142685
AAGGATCGATCGCTTG-1,0.00002,0.00002,0.00002,0.83992,0.160019
AAGGATGAGGGACCTC-1,0.000054,0.000054,0.000054,0.752351,0.247486
AAGGCAGGCTGTCTCC-1,0.000017,0.015905,0.000017,0.834222,0.149839
AAGGCGCGTAAAGCTT-1,0.033869,0.000037,0.000037,0.855617,0.110441
AAGGCTGTGCTCATCG-1,0.017429,0.000067,0.000067,0.672713,0.309725
AAGGGAACGACTGGCT-1,0.000005,0.142805,0.000005,0.278345,0.57884
AAGGGACAGATTCTGT-1,0.021696,0.000076,0.000076,0.352938,0.625213
AAGGGACTATGCATTC-1,0.000013,0.014869,0.000013,0.582426,0.40268
AAGGGTTTGATTTCAG-1,0.002024,0.002024,0.29715,0.302727,0.396074
AAGGTATCCTAATATA-1,0.00003,0.00003,0.003912,0.956145,0.039882
AAGGTGATAAACCAGC-1,0.000013,0.033616,0.000013,0.935369,0.030988
AAGTAGAAGACCGGGT-1,0.032109,0.000036,0.012702,0.902188,0.052965
AAGTAGTGACGCGAGG-1,0.000034,0.000034,0.000034,0.877438,0.12246
AAGTCAATTGTCGTCA-1,0.000016,0.009445,0.000016,0.981557,0.008966
AAGTCTAGTAGCTGCC-1,0.000097,0.000097,0.000097,0.595857,0.403851
AAGTCTTCTGTGGCCT-1,0.114985,0.814793,0.000088,0.008452,0.061682
AAGTGACGACCGAATT-1,0.000015,0.0312,0.000015,0.944214,0.024557
AAGTGAGTCGGGTTTA-1,0.002316,0.003757,0.000015,0.664746,0.329166
AAGTGCAAAGGTAGAC-1,0.244429,0.085191,0.000017,0.069477,0.600886
AAGTGCCTTGACTGTA-1,0.000011,0.000011,0.000011,0.999944,0.000022
AAGTGCGTTAGAATCT-1,0.000007,0.011525,0.000007,0.973901,0.01456
AAGTGTTTGGAGACGG-1,0.000012,0.006571,0.000012,0.993381,0.000024
AAGTTCACTCCAAGCT-1,0.000035,0.070306,0.000035,0.81606,0.113564
AAGTTCAGTCTGCGTA-1,0.00002,0.00002,0.002472,0.937357,0.06013
AAGTTCGGCCAACAGG-1,0.000011,0.016547,0.000011,0.963512,0.019918
AAGTTTACTAATGGCA-1,0.284352,0.00012,0.00012,0.000962,0.714446
AATAACAACGCTCGGC-1,0.000023,0.000023,0.000023,0.877672,0.122258
AATAACACTAGAACAA-1,0.001313,0.00342,0.000006,0.971266,0.023995
AATAAGTCCTCGAGAC-1,0.015632,0.000018,0.000018,0.000143,0.984189
AATAATCTTCGTATCG-1,0.000015,0.000015,0.000015,0.759142,0.240812
AATACAATGTTTCAGG-1,0.162163,0.021591,0.000043,0.327616,0.488587
AATACCGGAGGGCTGT-1,0.125355,0.043767,0.032722,0.468602,0.329554
AATAGAACAGAGTGGC-1,0.000014,0.000014,0.000014,0.903174,0.096784
AATAGAATCTGTTTCA-1,0.000015,0.000015,0.000015,0.998443,0.001513
AATAGCAAGCCTCCTG-1,0.003912,0.000028,0.602216,0.146142,0.247701
AATAGCTACCGCGTGC-1,0.000013,0.000013,0.000013,0.999933,0.000027
AATAGTCCGTCCCGAC-1,0.000025,0.000025,0.000025,0.799721,0.200205
AATAGTCGCGAGTCGG-1,0.265685,0.659771,0.000035,0.074438,0.000071
AATATCAAGGTCGGAT-1,0.040078,0.00006,0.00006,0.000478,0.959324
AATATCCTAGCAAACT-1,0.00115,0.780844,0.000041,0.117252,0.100712
AATATCGAATCAATGC-1,0.00001,0.00001,0.00001,0.999952,0.000019
AATATCGAGGGTTCTC-1,0.000059,0.000059,0.000059,0.490019,0.509803
AATATTGGAGTATTGA-1,0.001742,0.000807,0.004891,0.979077,0.013482
AATCATGTAAAGACTC-1,0.000014,0.008298,0.000014,0.923096,0.068579
AATCCAAGGGCCTGAG-1,0.57357,0.00003,0.116098,0.189321,0.120982
AATCGCCTCAGCGCCA-1,0.000025,0.006322,0.000025,0.91263,0.080998
AATCGCGCAGAGGACT-1,0.000027,0.000027,0.000027,0.80298,0.196938
AATCGGGACACTACGA-1,0.049072,0.000049,0.000049,0.000392,0.950438
AATCTAGGTTTACTTG-1,0.000012,0.046792,0.002516,0.792299,0.158381
AATCTATGCCGGAGCC-1,0.00008,0.00008,0.00008,0.74992,0.24984
AATCTCTACTGTGGTT-1,0.006248,0.010707,0.000029,0.787809,0.195208
AATCTGCGTTGGGACG-1,0.000043,0.000043,0.000043,0.881154,0.118716
AATCTGGCTTTCTAGT-1,0.000014,0.063805,0.000014,0.917957,0.01821
AATCTGGGTAGACCCT-1,0.11761,0.000177,0.115194,0.148905,0.618113
AATGACAGCAATGTCT-1,0.000008,0.009783,0.000008,0.986924,0.003277
AATGACGTAGGATGTC-1,0.012311,0.000029,0.000029,0.922021,0.06561
AATGACTGTCAGCCGG-1,0.031005,0.000037,0.000037,0.906394,0.062527
AATGAGTTCGCATATG-1,0.720919,0.062649,0.000074,0.213766,0.002592
AATGATGATACGCTAT-1,0.000017,0.000017,0.002278,0.972259,0.025429
AATGATGCGACTCCTG-1,0.000053,0.000053,0.000053,0.768562,0.231278
AATGCAACCGGGTACC-1,0.071396,0.000026,0.005257,0.840951,0.082371
AATGCACCAAGCAATG-1,0.003118,0.000026,0.005439,0.854209,0.137208
AATGGCCGCCAATGCG-1,0.000036,0.000036,0.278298,0.572258,0.149372
AATGGTCCACCGTTCA-1,0.000034,0.056343,0.000034,0.778692,0.164897
AATGGTTCTCACAAGC-1,0.069378,0.00006,0.00006,0.604255,0.326248
AATGTATGGCACTGTA-1,0.010241,0.207248,0.004184,0.313759,0.464568
AATGTGCCCGAGGTGT-1,0.000011,0.000011,0.000011,0.856586,0.143381
AATTAAAGGTCGGCGT-1,0.011017,0.009956,0.000021,0.942194,0.036812
AATTAACGGATTTCCA-1,0.000023,0.000023,0.000023,0.990607,0.009324
AATTACGAGACCCATC-1,0.000007,0.188472,0.001107,0.762039,0.048375
AATTACTCGTACGCTC-1,0.503688,0.486988,0.000059,0.009146,0.000119
AATTAGCGCTGCAGCG-1,0.008375,0.002722,0.000022,0.963137,0.025744
AATTCATAAGGGATCT-1,0.000017,0.000017,0.005367,0.853282,0.141317
AATTCATTGTCATGCA-1,0.005149,0.167322,0.000008,0.11181,0.71571
AATTCCAAGCATGTAC-1,0.037196,0.023433,0.000042,0.706429,0.2329
AATTCTAGAGTTAGGC-1,0.010162,0.021849,0.000025,0.89473,0.073234
AATTGAACGCTCTGGT-1,0.007284,0.000021,0.000021,0.913806,0.078867
AATTGCAGCAATCGAC-1,0.001675,0.011871,0.000021,0.919253,0.06718
AATTGTGGTTGCCAAA-1,0.000014,0.000014,0.000014,0.985211,0.014749
AATTTGGGACATAGTA-1,0.012235,0.000033,0.069005,0.637631,0.281096
AATTTGGTTCCAAAGA-1,0.424473,0.010971,0.000027,0.219968,0.34456
ACAAACCATGCGTCCT-1,0.004021,0.162022,0.000006,0.361405,0.472546
ACAAACCGACAAGGCG-1,0.240264,0.000062,0.000062,0.000493,0.759119
ACAAAGAAGGTAGGCC-1,0.00001,0.449639,0.003486,0.418379,0.128486
ACAAAGCATGACCTAG-1,0.00002,0.001066,0.00002,0.81794,0.180954
ACAAATCGCACCGAAT-1,0.00001,0.009159,0.00001,0.944553,0.046269
ACAAATGGTAGTGTTT-1,0.000012,0.034386,0.000012,0.910369,0.055221
ACAAATTCAGATCTGA-1,0.040821,0.011515,0.548182,0.307904,0.091577
ACAACAGCATGAGCTA-1,0.047754,0.000041,0.000041,0.820904,0.13126
ACAACGGTCCCTGCGA-1,0.014229,0.000023,0.000023,0.920319,0.065406
ACAAGCAGTGCCTAGC-1,0.000032,0.000368,0.000032,0.79819,0.201379
ACAAGCTATATGGAAG-1,0.001202,0.36748,0.001202,0.627712,0.002404
ACAAGGAAATCCGCCC-1,0.006768,0.008507,0.00669,0.896647,0.081388
ACAAGGACAAGAGGTT-1,0.000863,0.000032,0.000032,0.891415,0.107658
ACAAGGATGCTTTAGG-1,0.000026,0.009013,0.000026,0.919021,0.071914
ACAAGGCCTACCAGCC-1,0.000101,0.000101,0.150711,0.00081,0.848277
ACAAGGGCAGGCTCTG-1,0.000015,0.000482,0.000015,0.972782,0.026707
ACAATAGTCGTACGTT-1,0.000016,0.004785,0.000016,0.994951,0.000233
ACAATCCATTTAAACC-1,0.000015,0.000015,0.000015,0.982481,0.017474
ACAATCGATCTTTATA-1,0.147146,0.000077,0.000077,0.000617,0.852082
ACAATGAATACGGAGA-1,0.000007,0.003502,0.000007,0.947165,0.049319
ACAATGATTCTTCTAC-1,0.116545,0.000035,0.317864,0.479284,0.086272
ACAATTGTGTCTCTTT-1,0.00756,0.031403,0.000016,0.907926,0.053095
ACAATTTAGGAGGCTC-1,0.127039,0.050598,0.000034,0.493604,0.328726
ACAATTTGAGCAGTGG-1,0.01563,0.000044,0.000044,0.914225,0.070056
ACAATTTGGCCATATT-1,0.000013,0.000013,0.000013,0.999933,0.000027
ACACAAAGACGGGTGG-1,0.000023,0.000023,0.006142,0.969265,0.024546
ACACAAATATTCCTAG-1,0.000022,0.000022,0.009295,0.772655,0.218005
ACACACCAGGACCAGT-1,0.000032,0.006314,0.000032,0.782986,0.210636
ACACACTTTCTACACG-1,0.179478,0.015798,0.000051,0.573891,0.230783
ACACATGATCAAATCT-1,0.000009,0.20351,0.000009,0.121331,0.675141
ACACATTGACGCAACA-1,0.471028,0.361454,0.065686,0.004602,0.09723
ACACCACATAATTAGC-1,0.000041,0.000041,0.000041,0.733052,0.266826
ACACCCAGCATGCAGC-1,0.016913,0.000035,0.000035,0.881282,0.101734
ACACCCGAGAAATCCG-1,0.115905,0.000047,0.000047,0.661742,0.222259
ACACCCGTAAATCTGT-1,0.000085,0.000085,0.108521,0.536638,0.354672
ACACCGAGCGCTCTTT-1,0.002248,0.974481,0.000016,0.023161,0.000095
ACACCGGTCTGACCGC-1,0.062851,0.261085,0.000018,0.124675,0.551371
ACACCTTAAGTAGGGC-1,0.058379,0.000058,0.000058,0.881485,0.060019
ACACCTTACTACTTGC-1,0.000022,0.000022,0.000022,0.997699,0.002235
ACACGAGACTCCTTCT-1,0.000022,0.000022,0.003431,0.940824,0.055701
ACACGGCACTATGCAT-1,0.126141,0.000047,0.000047,0.000378,0.873387
ACACGGGAACTTAGGG-1,0.006252,0.000062,0.000062,0.845966,0.147657
ACACGTAGGCCACAAG-1,0.000007,0.001109,0.000007,0.99779,0.001088
ACACTCCAATGTCACT-1,0.449036,0.075392,0.000075,0.288684,0.186813
ACACTGATCAAGGTGT-1,0.000018,0.000018,0.000018,0.904595,0.09535
ACACTGGGACAGTCGT-1,0.000023,0.00316,0.000023,0.895367,0.101427
ACAGAACTGAGAACAA-1,0.000006,0.042355,0.000006,0.916101,0.041531
ACAGATTAGGTTAGTG-1,0.192648,0.000095,0.000095,0.00076,0.806402
ACAGCATAGAGCCAGT-1,0.119547,0.126383,0.00003,0.000238,0.753803
ACAGCGACATTCTCAT-1,0.017869,0.027245,0.000032,0.889117,0.065737
ACAGCGCACCCGCAGC-1,0.050317,0.000037,0.368117,0.336173,0.245356
ACAGGCTTGCCCGACT-1,0.001362,0.094008,0.000025,0.625093,0.279511
ACAGGTGGAGGTGAGG-1,0.000015,0.00005,0.000015,0.969055,0.030865
ACAGGTGTGTTGTTGC-1,0.003077,0.003077,0.003077,0.984615,0.006154
ACAGTAATACAACTTG-1,0.000011,0.018811,0.000011,0.836973,0.144195
ACAGTATACCGTGGGA-1,0.002262,0.000026,0.000026,0.847375,0.150312
ACAGTGCAGCGCATTT-1,0.041418,0.000226,0.000226,0.205039,0.753091
ACATAAGTCGTGGTGA-1,0.000009,0.299881,0.000009,0.229333,0.470768
ACATAATAAGGCGGTG-1,0.019073,0.00003,0.009409,0.80856,0.162928
ACATCAGCTGGGACGC-1,0.000035,0.056157,0.000035,0.550415,0.393357
ACATCCCGGCCATACG-1,0.000023,0.000023,0.000023,0.933803,0.066129
ACATCCTGGTAACTGT-1,0.00977,0.000229,0.000026,0.815701,0.174274
ACATCGATCGTTTACC-1,0.036631,0.000049,0.000049,0.925392,0.03788
ACATCGGTCAGCCGCG-1,0.01507,0.000785,0.000035,0.947456,0.036654
ACATCGTATGCAATGG-1,0.00811,0.000019,0.000019,0.967897,0.023955
ACATCGTTAACCTAGT-1,0.403164,0.59653,0.000028,0.000223,0.000056
ACATCTCAACGCGTAA-1,0.158699,0.000049,0.000049,0.000392,0.840811
ACATGGCGCCAAAGTA-1,0.00001,0.006905,0.00001,0.992259,0.000816
ACATGGCTCAATTTAG-1,0.56122,0.32668,0.015265,0.096559,0.000276
ACATTAGTTTATATCC-1,0.00003,0.009107,0.00003,0.935503,0.055329
ACCAAACACCCAGCGA-1,0.000042,0.000042,0.000042,0.80851,0.191365
ACCAAACTAGAAATCC-1,0.009322,0.016858,0.000035,0.000282,0.973503
ACCAACACCACACACT-1,0.000011,0.000011,0.000011,0.999946,0.000022
ACCAACGCTTATTTAT-1,0.000026,0.003149,0.005254,0.883818,0.107754
ACCAAGAACGCGTGTC-1,0.084582,0.000038,0.060157,0.500815,0.354409
ACCAATATGCAAGTTA-1,0.000016,0.005613,0.000016,0.89951,0.094845
ACCACAACTCAGAACA-1,0.114445,0.000045,0.205882,0.080152,0.599476
ACCACAAGTTTCTATC-1,0.000022,0.000022,0.000022,0.955242,0.044691
ACCACCAATGTAACAA-1,0.003899,0.000025,0.000025,0.935299,0.060752
ACCACCCTCTCTTCTA-1,0.000025,0.002651,0.000025,0.675632,0.321666
ACCACGTGCAGCTATA-1,0.013402,0.008575,0.00002,0.920434,0.057569
ACCACTGTTCAAGAAG-1,0.29896,0.562148,0.000047,0.117667,0.021178
ACCAGACCATAACAAC-1,0.044489,0.70331,0.000027,0.038193,0.213981
ACCAGCCCGGTCTTTG-1,0.056826,0.000067,0.000067,0.000537,0.942502
ACCAGGAGTGTGATCT-1,0.155991,0.000146,0.000146,0.001168,0.84255
ACCAGTGCCCGGTCAA-1,0.057158,0.000262,0.125287,0.595374,0.221919
ACCAGTGCGGGAGACG-1,0.004817,0.002775,0.000024,0.837813,0.154571
ACCATATCCGCAATAA-1,0.054147,0.000044,0.000044,0.921413,0.024351
ACCATCCGCCAACTAG-1,0.000009,0.019712,0.000009,0.877092,0.103176
ACCATCGTATATGGTA-1,0.000039,0.07749,0.000039,0.834134,0.088297
ACCATTAAGGGTGTCA-1,0.011393,0.987327,0.000014,0.000111,0.001155
ACCCAACGCCCGTGGC-1,0.000068,0.000068,0.000068,0.807502,0.192295
ACCCACCTACATGCTC-1,0.003366,0.000034,0.000034,0.795118,0.201448
ACCCATCTTGAGGGTA-1,0.031273,0.014926,0.000044,0.832441,0.121316
ACCCATTTGTCCCTCT-1,0.000044,0.033525,0.000044,0.815881,0.150506
ACCCGAGCGAAATTAC-1,0.00001,0.002816,0.00001,0.819248,0.177916
ACCCGGAAACTCCCAG-1,0.000016,0.000207,0.000016,0.963943,0.035818
ACCCGGAGCACCACAA-1,0.000005,0.001941,0.000005,0.998038,0.00001
ACCCGGATGACGCATC-1,0.000031,0.000031,0.000031,0.87297,0.126936
ACCCGGTTACACTTCC-1,0.0372,0.105474,0.000032,0.833363,0.023932
ACCCGTGTCATCAGTA-1,0.000628,0.000023,0.000023,0.803496,0.19583
ACCCTATAGGACTGAG-1,0.398154,0.601412,0.000038,0.000319,0.000077
ACCCTATGCCATATCG-1,0.000025,0.006693,0.000025,0.777953,0.215304
ACCCTCCCTTGCTATT-1,0.000024,0.000024,0.000024,0.965059,0.03487
ACCCTGGTAACGCCCT-1,0.000031,0.000031,0.000031,0.812816,0.187089
ACCCTTCATCTGCGAA-1,0.184294,0.000054,0.048521,0.529224,0.237908
ACCCTTGCCTGGGTCG-1,0.000013,0.000013,0.000013,0.991188,0.008773
ACCCTTTAGTTCTCCA-1,0.226426,0.00011,0.03695,0.066328,0.670186
ACCGAAAGGGCCCTGC-1,0.262502,0.000243,0.000243,0.001941,0.735072
ACCGAAGAGTCTGGTT-1,0.000015,0.237214,0.000015,0.493842,0.268914
ACCGACACATCTCCCA-1,0.006056,0.000012,0.000012,0.990963,0.002957
ACCGACTGAGTCCCAC-1,0.015852,0.010097,0.000025,0.940579,0.033447
ACCGATAGGCATAACC-1,0.00001,0.013189,0.00001,0.886461,0.100329
ACCGATATTTAATCAT-1,0.000019,0.000019,0.000019,0.822321,0.177623
ACCGATGGTAGCATCG-1,0.00002,0.00002,0.00002,0.993075,0.006867
ACCGCAATAACTGCCT-1,0.000012,0.014835,0.000012,0.969243,0.015897
ACCGCGGTGGAAGTCG-1,0.000026,0.000026,0.000026,0.851706,0.148216
ACCGGGCCTTTGTTGA-1,0.018395,0.009216,0.000037,0.967333,0.005018
ACCGGTCAGGTACACC-1,0.000005,0.465408,0.000005,0.00004,0.534542
ACCGGTCTGAGTACGG-1,0.000059,0.000059,0.032829,0.905962,0.061091
ACCGTCCACTGGGCCC-1,0.016985,0.214956,0.000016,0.482612,0.285431
ACCGTGACCACGTGGG-1,0.000013,0.05353,0.000013,0.625329,0.321115
ACCGTTCCCGCTCTGA-1,0.086938,0.030193,0.000036,0.00029,0.882542
ACCTAAGTACCTTTCA-1,0.000007,0.000007,0.000007,0.999964,0.000014
ACCTAATCGACTTCCT-1,0.000072,0.000072,0.000072,0.739954,0.259829
ACCTACAGTATGTGGT-1,0.000017,0.001457,0.000017,0.870498,0.128013
ACCTCCGCCCTCGCTG-1,0.000024,0.000024,0.000024,0.913184,0.086745
ACCTCCGTTATTCACC-1,0.00005,0.004608,0.00005,0.784146,0.211146
ACCTCGAACTTATGCT-1,0.019583,0.23647,0.000016,0.101909,0.642022
ACCTGCGTGTCATGTT-1,0.000011,0.000051,0.001295,0.998621,0.000022
ACCTTTCCTTTAGAAG-1,0.063743,0.000109,0.000109,0.000872,0.935167
ACGAAATGGGCGGCAC-1,0.00002,0.00151,0.00002,0.791357,0.207093
ACGACCCATGAGTTGC-1,0.001158,0.00085,0.00134,0.949199,0.047453
ACGACTGGTCATACTC-1,0.000021,0.0185,0.000021,0.664404,0.317055
ACGAGAACCCATCACG-1,0.594148,0.000069,0.000069,0.007853,0.397862
ACGAGATATTTGCTTA-1,0.057485,0.000038,0.424714,0.270589,0.247175
ACGAGGATACCACTCT-1,0.000009,0.0764,0.000009,0.882072,0.04151
ACGAGGTTTACAACGT-1,0.00001,0.127171,0.00001,0.550031,0.322778
ACGAGTACGGATGCCC-1,0.000138,0.000138,0.000138,0.536344,0.463242
ACGATACATAGAACTA-1,0.025548,0.000021,0.006404,0.844681,0.123346
ACGATACCTATCCTGA-1,0.001571,0.488863,0.001508,0.232281,0.275777
ACGATCATACATAGAG-1,0.014395,0.000047,0.018849,0.811496,0.155214
ACGATCATCTTGTAAA-1,0.00002,0.00002,0.00002,0.957714,0.042226
ACGATGCATATGTTAT-1,0.00005,0.00005,0.00005,0.905175,0.094674
ACGATGGATCCGATGC-1,0.297668,0.000035,0.072585,0.092119,0.537593
ACGCAAACTAATAGAT-1,0.005965,0.033555,0.000012,0.887232,0.073235
ACGCAATCACTACAGC-1,0.000031,0.000031,0.000031,0.923254,0.076653
ACGCATAAATGACATG-1,0.037642,0.000051,0.179221,0.490848,0.292239
ACGCATACGTTTACTA-1,0.000015,0.000015,0.000015,0.980563,0.019393
ACGCATTCGTGAGTAC-1,0.000221,0.011055,0.000042,0.799694,0.188988
ACGCCAGATGATTTCT-1,0.058032,0.000036,0.00855,0.75508,0.178303
ACGCCCAGCTGTCGAT-1,0.008851,0.010513,0.000041,0.000331,0.980265
ACGCCGCTAGACGACC-1,0.015383,0.000025,0.000025,0.886219,0.098349
ACGCGAAGTCAGACGA-1,0.019369,0.01274,0.000021,0.928588,0.039283
ACGCGCTACACAGGGT-1,0.000039,0.028158,0.000039,0.937005,0.034759
ACGCGGGCCAAGGACA-1,0.000019,0.005548,0.000019,0.977823,0.016591
ACGCGTTTCTTAAGAG-1,0.134808,0.864572,0.000056,0.000451,0.000113
ACGCTAGTATCAGTGC-1,0.000075,0.000075,0.02803,0.928167,0.043654
ACGCTAGTGATACACT-1,0.013258,0.000052,0.000052,0.631514,0.355124
ACGCTGTGAGGCGTAG-1,0.000027,0.03737,0.000027,0.873531,0.089044
ACGCTTAGTGTCTCTC-1,0.035,0.000074,0.000074,0.000589,0.964264
ACGGAATTTAGCAAAT-1,0.498996,0.000026,0.000026,0.011312,0.48964
ACGGACTCTCAAAGCG-1,0.000023,0.008812,0.000023,0.933585,0.057556
ACGGAGCGCAAATTAC-1,0.000016,0.000016,0.002355,0.967256,0.030358
ACGGATGGTGCGGATA-1,0.000013,0.000013,0.000013,0.999937,0.000025
ACGGCACTTGCTTGGG-1,0.000025,0.048623,0.005622,0.942975,0.002756
ACGGCCAACATGGACT-1,0.000009,0.005001,0.000009,0.994963,0.000018
ACGGCGACGATGGGAA-1,0.000017,0.001716,0.000017,0.941888,0.056362
ACGGCGGGTTGCCCTG-1,0.447785,0.018137,0.000084,0.000675,0.533319
ACGGCTGGATGTAGAA-1,0.00001,0.134753,0.00001,0.32445,0.540777
ACGGGAGTGTCGGCCC-1,0.000015,0.000015,0.000015,0.999405,0.000548
ACGGGCGTATGCGACA-1,0.000027,0.000027,0.000027,0.982488,0.017432
ACGGGTCATGTGACTT-1,0.247109,0.752511,0.000035,0.000277,0.000069
ACGTACAGATTTCTCT-1,0.254239,0.000036,0.008705,0.014303,0.722716
ACGTAGATTGCTGATG-1,0.011951,0.000049,0.000049,0.91497,0.072981
ACGTATTACTCCGATC-1,0.000034,0.024398,0.000034,0.569866,0.405667
ACGTCCTAAACGAGAT-1,0.00909,0.000059,0.000059,0.000473,0.990319
ACGTCTCGTTCCGGGA-1,0.000013,0.112041,0.000013,0.743394,0.144541
ACGTGACAAAGTAAGT-1,0.000005,0.467088,0.000005,0.513379,0.019523
ACGTGCGCCTCGTGCA-1,0.031627,0.012923,0.012585,0.891591,0.051274
ACGTGGTCGAATGTGC-1,0.172075,0.256142,0.000044,0.000356,0.571383
ACGTTAATGTCGAAGA-1,0.022921,0.011691,0.000032,0.741082,0.224274
ACGTTAGATTTGCCCG-1,0.000024,0.004345,0.000024,0.978279,0.017329
ACGTTATTGGTCACTC-1,0.43661,0.416603,0.000036,0.146679,0.000072
ACGTTCCGCGCTCCGT-1,0.303922,0.000073,0.000073,0.00058,0.695353
ACGTTCGCAATCAATT-1,0.000023,0.000023,0.000023,0.929264,0.070666
ACGTTCGTTCAGGAAA-1,0.000019,0.006188,0.000019,0.767309,0.226465
ACGTTTAGTTGTGATC-1,0.126388,0.000063,0.011866,0.525261,0.336422
ACTAAGGACGCACACC-1,0.000028,0.000028,0.012853,0.643649,0.343441
ACTAATACGTCAGGCG-1,0.095284,0.004506,0.193625,0.681677,0.024907
ACTACATCCCGACAAG-1,0.000009,0.109079,0.000009,0.233918,0.656984
ACTACCAGCTCTCTGG-1,0.040031,0.000077,0.000077,0.777706,0.18211
ACTACGCGTTAGAATT-1,0.000035,0.017766,0.000035,0.611894,0.370271
ACTAGTTGCGATCGTC-1,0.000023,0.000023,0.000023,0.882331,0.117601
ACTATATGCTGTGTTC-1,0.000063,0.000063,0.018028,0.903161,0.078686
ACTATCCAGGGCATGG-1,0.00005,0.00005,0.00005,0.876696,0.123155
ACTATCTGCCCGCGTA-1,0.000012,0.003399,0.000012,0.902899,0.09368
ACTATGTCCAGCTGCC-1,0.013869,0.22682,0.00002,0.422216,0.337075
ACTATTCGTCCGTGGT-1,0.098533,0.000044,0.116709,0.60705,0.177664
ACTATTTCCGGGCCCA-1,0.000013,0.020361,0.000013,0.825185,0.154428
ACTCAACGAATGTATT-1,0.713132,0.000066,0.000066,0.08943,0.197307
ACTCAAGTGCAAGGCT-1,0.000013,0.002597,0.000013,0.975961,0.021417
ACTCAATAAAGGCACG-1,0.007275,0.009804,0.000024,0.808729,0.174168
ACTCAGACCTGCTTCT-1,0.691506,0.000065,0.000065,0.000518,0.307847
ACTCATGGCAGCCTTC-1,0.000044,0.089525,0.000044,0.462599,0.447789
ACTCCAATATCATCAT-1,0.000013,0.018649,0.000013,0.433154,0.548171
ACTCCCATTCCTAAAG-1,0.000007,0.010372,0.000007,0.989349,0.000264
ACTCCCGAATTCGTTT-1,0.000067,0.005196,0.000067,0.848504,0.146166
ACTCCCGTAGACTAGG-1,0.00003,0.00003,0.00003,0.725723,0.274188
ACTCCCTAATGCTAAA-1,0.000102,0.028625,0.000027,0.730055,0.24119
ACTCCCTAGAATAGTA-1,0.012223,0.000023,0.000023,0.903768,0.083963
ACTCGATGTATTTCAT-1,0.464608,0.478996,0.000044,0.056264,0.000088
ACTCGCGATCTGACGC-1,0.000019,0.000019,0.000019,0.999903,0.000039
ACTCGTAACCCGTCCT-1,0.00001,0.011436,0.00001,0.972273,0.01627
ACTCGTCAGTAATCCC-1,0.000017,0.000017,0.000017,0.913549,0.086399
ACTCTAAACCTGGGAT-1,0.000078,0.999063,0.000078,0.000625,0.000156
ACTCTCTGACTTAGGT-1,0.000016,0.024422,0.000016,0.975181,0.000364
ACTCTCTTATACACGA-1,0.090721,0.000037,0.439063,0.216538,0.253641
ACTCTTCAGCTCCCGC-1,0.000042,0.000042,0.004322,0.86935,0.126244
ACTCTTGTATAGTAAC-1,0.017079,0.000039,0.000039,0.746815,0.236029
ACTGAAACGCCGTTAG-1,0.000012,0.000012,0.000012,0.973989,0.025974
ACTGAATGGCGAAAGT-1,0.017177,0.030079,0.00088,0.934517,0.017348
ACTGATTTAGTGATTC-1,0.198112,0.000131,0.000131,0.001048,0.800577
ACTGCCGTCGTAACTC-1,0.048056,0.000026,0.010419,0.702453,0.239046
ACTGCGGACACACCGT-1,0.000046,0.000046,0.000046,0.831976,0.167885
ACTGCTCGGAAGGATG-1,0.00001,0.120939,0.00001,0.797851,0.081189
ACTGGCGAACCTGCGT-1,0.000025,0.000025,0.048609,0.80336,0.147981
ACTGTACGATACACAT-1,0.0175,0.000042,0.000042,0.851434,0.130983
ACTGTAGCACTTTGGA-1,0.01063,0.000059,0.000059,0.771446,0.217806
ACTGTATACGCGAGCA-1,0.670755,0.000044,0.000044,0.028819,0.300337
ACTGTCCAGGATTATA-1,0.016469,0.021816,0.000023,0.956673,0.005019
ACTGTCTTCTTTAGAA-1,0.000034,0.000034,0.000034,0.758304,0.241595
ACTGTGCTAGTAGATC-1,0.415552,0.002079,0.000035,0.000279,0.582056
ACTGTTTAGTGTAGGC-1,0.000067,0.000067,0.000067,0.000539,0.999259
ACTTACCGGGCGCGCA-1,0.030905,0.000024,0.128159,0.727442,0.11347
ACTTACGCATCCACGC-1,0.021307,0.032445,0.000035,0.921106,0.025107
ACTTAGTACGACAAGA-1,0.544564,0.000022,0.00805,0.000179,0.447185
ACTTATACTTACCCGG-1,0.003263,0.000037,0.000037,0.77861,0.218053
ACTTATTAGGATCGGT-1,0.000028,0.017366,0.000028,0.858032,0.124545
ACTTATTTATGTGCCA-1,0.000011,0.006148,0.000011,0.993808,0.000022
ACTTCAGGCTGATCCC-1,0.000022,0.016193,0.000022,0.83998,0.143783
ACTTCCAGTGGAAGCT-1,0.000012,0.520508,0.000012,0.47092,0.008549
ACTTCCATGCGGGACA-1,0.000026,0.000026,0.000026,0.981146,0.018776
ACTTCCTGTCGTGCGA-1,0.122183,0.000171,0.280725,0.396842,0.200079
ACTTCGCCATACGCAC-1,0.000074,0.000074,0.018033,0.648403,0.333416
ACTTCGCTAGCGAGTG-1,0.008665,0.054955,0.000077,0.744675,0.191628
ACTTGACTCCCTCTTT-1,0.008638,0.012757,0.000025,0.936326,0.042254
ACTTGCCATATTGTAC-1,0.325748,0.036618,0.000055,0.000443,0.637136
ACTTGGGACCCGGTGG-1,0.000035,0.017034,0.000035,0.935634,0.047261
ACTTGTAGTCCCTTCA-1,0.000015,0.058156,0.000015,0.819236,0.122578
ACTTGTGGATGGAACG-1,0.000009,0.00001,0.000009,0.999954,0.000018
ACTTTACCCTCATGAA-1,0.000084,0.000084,0.000084,0.557069,0.442677
ACTTTCCTATAGCTTC-1,0.000028,0.000028,0.000028,0.966036,0.03388
ACTTTGACTGCATCCT-1,0.000035,0.021191,0.000035,0.865069,0.113671
ACTTTGGTCGTGCTCC-1,0.000012,0.103588,0.000012,0.536152,0.360236
ACTTTGTCGACGCACT-1,0.00002,0.00002,0.00002,0.75634,0.2436
AGAAATTATGACTCGC-1,0.000013,0.000143,0.000013,0.844306,0.155526
AGAACCCAGCGTGACA-1,0.000016,0.000016,0.000016,0.864732,0.13522
AGAACCCTCAATTGGG-1,0.000006,0.09677,0.001314,0.661293,0.240616
AGAACGTGGTACATTC-1,0.000033,0.000033,0.010335,0.703368,0.286231
AGAAGAGCGCCGTTCC-1,0.000566,0.000566,0.000566,0.997172,0.001131
AGAAGGTACACTTCAC-1,0.000008,0.089799,0.000008,0.737511,0.172675
AGAAGGTTGCCGAATT-1,0.00002,0.001648,0.00002,0.894834,0.103478
AGAAGTGATTCGTGAT-1,0.000011,0.002367,0.000011,0.969302,0.02831
AGAATAAATCTTCAGG-1,0.00427,0.059168,0.000016,0.79317,0.143376
AGAATGCGGGTTCGGA-1,0.000013,0.01455,0.053753,0.859724,0.07196
AGAATTATGGATTCGA-1,0.000033,0.000033,0.000033,0.863155,0.136745
AGAATTGTTTGACATA-1,0.530668,0.000015,0.149807,0.124684,0.194827
AGACAGCTCAGAATCC-1,0.353392,0.306313,0.000041,0.333909,0.006344
AGACAGGCATCTCAGC-1,0.000011,0.000011,0.000011,0.989941,0.010025
AGACATAGATCCTTCC-1,0.444368,0.00014,0.00014,0.001123,0.554228
AGACCAAACCACACCT-1,0.000009,0.121219,0.000009,0.714309,0.164455
AGACCATGGGATACAA-1,0.128322,0.000029,0.000029,0.84391,0.027709
AGACCCACCGCTGATC-1,0.000018,0.020259,0.000018,0.921406,0.058298
AGACCCGCCCTCCTCG-1,0.000039,0.000039,0.006481,0.91993,0.07351
AGACCGCTCCGCGGTT-1,0.000017,0.000017,0.000017,0.905261,0.094687
AGACCGGGAAACCCTG-1,0.000012,0.011241,0.000012,0.988431,0.000304
AGACGAAGTGCCGGTC-1,0.000016,0.000016,0.000016,0.938432,0.061519
AGACGACGATGCCGCT-1,0.000009,0.009339,0.000009,0.987693,0.002951
AGACGCCCACTTCGCC-1,0.000011,0.004472,0.000011,0.992011,0.003496
AGACGGGATTGGTATA-1,0.015335,0.000062,0.000062,0.0005,0.984041
AGACGGGCCGATTTAA-1,0.13069,0.000024,0.294981,0.436625,0.13768
AGACTAGCCTTCCAGA-1,0.000071,0.000071,0.000071,0.531703,0.468085
AGAGAACCGTCTAGGA-1,0.002776,0.000062,0.000062,0.556772,0.440328
AGAGAAGGAGTACAAT-1,0.000011,0.002165,0.000011,0.902215,0.095597
AGAGATCTCTAAAGCG-1,0.000016,0.006032,0.000016,0.97744,0.016495
AGAGCAGTTATGAGAC-1,0.000016,0.003688,0.000016,0.962726,0.033554
AGAGCCGCCGAGATTT-1,0.0159,0.000024,0.000024,0.961432,0.02262
AGAGCGCTTGTAACGG-1,0.000018,0.000018,0.000018,0.992099,0.007846
AGAGCGGGCTAATCAT-1,0.08842,0.000042,0.007563,0.710439,0.193537
AGAGCGTACAAGCTCG-1,0.133803,0.00007,0.00007,0.729261,0.136796
AGAGCTACGAAAGCAT-1,0.452569,0.396122,0.000053,0.05146,0.099795
AGAGGCTTCGGAAACC-1,0.000008,0.000008,0.000008,0.992749,0.007225
AGAGGGACAATTGTCC-1,0.000019,0.045227,0.187381,0.569681,0.197691
AGAGGTATCTCGGTCC-1,0.169215,0.000067,0.000067,0.000534,0.830117
AGAGTAAACTTCACTA-1,0.000027,0.010293,0.005916,0.845086,0.138678
AGAGTATAGTGTTACG-1,0.000051,0.009239,0.000051,0.676842,0.313817
AGAGTGAACAGACACC-1,0.000036,0.000036,0.05267,0.853184,0.094073
AGAGTTAGAGACCGAT-1,0.190048,0.072814,0.101826,0.422894,0.212418
AGAGTTGCAGGCCTCC-1,0.000038,0.065102,0.006255,0.839365,0.08924
AGATAACTTCAGGGCC-1,0.000046,0.000046,0.000046,0.789895,0.209966
AGATACCAATAGAACC-1,0.000014,0.003956,0.000014,0.965631,0.030385
AGATACCAGCACTTCA-1,0.000031,0.033434,0.005459,0.882254,0.078822
AGATACCGGTGTTCAC-1,0.000031,0.000031,0.000031,0.873072,0.126834
AGATACGACTTCATAT-1,0.628997,0.253888,0.000037,0.117005,0.000073
AGATACTCAAGATCGA-1,0.007788,0.004962,0.000014,0.981448,0.005788
AGATATAATACGACTA-1,0.023093,0.14013,0.000017,0.031403,0.805357
AGATCGTGCATAAGAT-1,0.00001,0.014395,0.002034,0.979909,0.003651
AGATCTCAGGTGTGAT-1,0.00823,0.000036,0.000036,0.905382,0.086317
AGATGACTCGCCCACG-1,0.023792,0.00005,0.011733,0.868434,0.09599
AGATGAGGGTTGCGAT-1,0.000026,0.000026,0.057755,0.597387,0.344805
AGATGATGGAGTCTGG-1,0.000088,0.000088,0.000088,0.744562,0.255175
AGATGCAAGACGTGCA-1,0.000007,0.020652,0.000007,0.134877,0.844457
AGATGCATCCTGTGTC-1,0.00001,0.212075,0.00001,0.767886,0.02002
AGATGCTATAACGAGC-1,0.339082,0.660422,0.000045,0.000361,0.00009
AGATTATAGGACGTTT-1,0.026628,0.000046,0.000046,0.802687,0.170593
AGATTCAAGCGGGTCG-1,0.00026,0.00026,0.208125,0.157145,0.63421
AGATTCACAACCGATA-1,0.000009,0.065801,0.000009,0.728579,0.205602
AGCAAAGGCCGCTAGT-1,0.000012,0.017435,0.000012,0.982515,0.000025
AGCAACATATCTTATT-1,0.000016,0.000016,0.000016,0.853906,0.146047
AGCAACCGAAAGTAAT-1,0.000005,0.046203,0.000005,0.603247,0.35054
AGCACCAGTACTCACG-1,0.000045,0.005363,0.015779,0.895009,0.083803
AGCACTACCGGCCTGT-1,0.017858,0.000035,0.000035,0.816132,0.165941
AGCACTACCTCACCAG-1,0.000023,0.000023,0.000023,0.907059,0.092871
AGCACTTAAGGACGCC-1,0.058232,0.025735,0.00006,0.792168,0.123806
AGCAGAAGGAGAAAGA-1,0.011236,0.158253,0.000006,0.021176,0.809328
AGCAGCCAGATGAATA-1,0.000018,0.026598,0.002696,0.912863,0.057825
AGCATATCAATATGCT-1,0.000018,0.000018,0.000018,0.88432,0.115626
AGCATCATTTCGAAAG-1,0.00001,0.051269,0.00001,0.57916,0.369552
AGCATCGTCGATAATT-1,0.000035,0.000035,0.124409,0.818962,0.056559
AGCCAAGCTTTGTGTC-1,0.026699,0.040553,0.000017,0.629898,0.302833
AGCCACAGGTTACCCG-1,0.000039,0.000039,0.000039,0.994388,0.005496
AGCCACTCCCGTGCTT-1,0.000029,0.000029,0.014037,0.938426,0.047479
AGCCCATACATGTAAG-1,0.011524,0.000062,0.000029,0.947318,0.041067
AGCCCGGTAGCCTGTA-1,0.000022,0.035108,0.000022,0.87598,0.088869
AGCCCTAAGCGAAGTT-1,0.081689,0.000039,0.006939,0.630231,0.281102
AGCCCTGTCGCACCGT-1,0.000027,0.000027,0.000027,0.94114,0.058779
AGCCCTTCTAATCCGA-1,0.000038,0.000038,0.011141,0.733183,0.255599
AGCCCTTGGACATCCC-1,0.000014,0.002479,0.000014,0.797843,0.19965
AGCCGCAAATTCAAAT-1,0.029862,0.969526,0.000056,0.000445,0.000111
AGCCGTGGCTAAATGT-1,0.000009,0.017382,0.000009,0.915126,0.067474
AGCCTAATACCCACGT-1,0.000008,0.054207,0.000008,0.857438,0.088339
AGCCTTAAAGCGGAAG-1,0.59688,0.020221,0.000052,0.26922,0.113626
AGCGACAGGAACGGTC-1,0.000011,0.015939,0.000011,0.963499,0.02054
AGCGACATCCCATTCA-1,0.040084,0.004479,0.048128,0.838699,0.06861
AGCGACCAACGATATT-1,0.000024,0.006004,0.006239,0.931118,0.056614
AGCGATGCGCCTAATA-1,0.000015,0.000015,0.00153,0.992587,0.005853
AGCGCATAATGAATCG-1,0.000018,0.000247,0.000018,0.99714,0.002577
AGCGCGGGTGCCAATG-1,0.015368,0.000045,0.000045,0.447923,0.536618
AGCGCTAGAGCGATGT-1,0.000039,0.000039,0.000039,0.874128,0.125754
AGCGCTTATGGGCAAG-1,0.247251,0.025989,0.298799,0.374926,0.053034
AGCGGACACTTCGTAG-1,0.000019,0.000019,0.000019,0.999907,0.000037
AGCGGCGGTTAGCGGT-1,0.000008,0.086752,0.000008,0.845453,0.06778
AGCGGGAAGGGTCCAT-1,0.480354,0.000047,0.177975,0.070785,0.270838
AGCGGTTGAGATGTAC-1,0.211281,0.000385,0.000385,0.003077,0.784873
AGCGGTTGCCGCTCTG-1,0.000028,0.016179,0.005962,0.849611,0.128219
AGCGTACGAGAGCTAG-1,0.395491,0.21071,0.000038,0.151036,0.242725
AGCGTCTGAACCCGCA-1,0.45651,0.057514,0.000131,0.001052,0.484792
AGCGTGGTATTCTACT-1,0.000015,0.002435,0.000015,0.950476,0.04706
AGCGTTCCGATTTAAA-1,0.298095,0.000152,0.032129,0.001216,0.668408
AGCTAACAAGCAATGT-1,0.000009,0.011175,0.000009,0.855409,0.133398
AGCTAGAAGCAGAAGT-1,0.000042,0.000042,0.000042,0.762984,0.236889
AGCTATTTAATCCAAC-1,0.092856,0.000028,0.011086,0.474535,0.421494
AGCTCCATATATGTTC-1,0.016394,0.005448,0.000018,0.922871,0.055269
AGCTCCTTCGCACATC-1,0.000732,0.008719,0.000024,0.879554,0.110971
AGCTCGTTGATGGAAA-1,0.004596,0.000027,0.000027,0.943655,0.051695
AGCTCTAGACGTTCCA-1,0.000015,0.001883,0.000015,0.998057,0.00003
AGCTCTTCCCAGTGCA-1,0.000027,0.000027,0.017002,0.865802,0.117142
AGCTCTTCGTAACCTT-1,0.000027,0.000027,0.005753,0.89872,0.095472
AGCTCTTTACTCAGTT-1,0.00004,0.011166,0.000038,0.741414,0.247341
AGCTGAAGTAAACCAA-1,0.031696,0.000024,0.01831,0.889119,0.060851
AGCTGCATTTGAGGTG-1,0.249237,0.000372,0.000372,0.002973,0.747047
AGCTGCTGTGCCGAAT-1,0.040652,0.000154,0.052988,0.474933,0.431274
AGCTGTAACCTCAATC-1,0.000006,0.009659,0.000006,0.978141,0.012188
AGCTTATAGAGACCTG-1,0.282532,0.000057,0.000057,0.000457,0.716897
