Barcode,Topic 1,Topic 2,Topic 3,Topic 4to5,Topic 6,Topic 7to11,Topic 12,Topic 13
AAACAAGTATCTCCCA-1,0.1847,0.723169,0.000013,0.037604,0.000013,0.054474,0.000013,0.000013
AAACACCAATAACTGC-1,0.285839,0.000233,0.005557,0.706506,0.000233,0.001166,0.000233,0.000233
AAACAGAGCGACTCCT-1,0.002881,0.000578,0.000006,0.061181,0.182589,0.752754,0.000006,0.000006
AAACAGCTTTCAGAAG-1,0.192526,0.145237,0.075641,0.396203,0.010163,0.180156,0.000037,0.000037
AAACAGGGTCTATATT-1,0.08604,0.226617,0.008567,0.66188,0.000047,0.016756,0.000047,0.000047
AAACAGTGTTCCTGGG-1,0.000093,0.573931,0.000093,0.317255,0.029215,0.079227,0.000093,0.000093
AAACATGGTGAGAGGA-1,0.309878,0.000046,0.000046,0.689661,0.000046,0.00023,0.000046,0.000046
AAACATTTCCCGGATT-1,0.490039,0.208228,0.000034,0.127356,0.004726,0.169549,0.000034,0.000034
AAACCCGAACGAAATC-1,0.663797,0.077149,0.000028,0.249735,0.000028,0.009206,0.000028,0.000028
AAACCGGAAATGTTAA-1,0.23209,0.586681,0.000017,0.137418,0.000017,0.043742,0.000017,0.000017
AAACCGGGTAGGTACC-1,0.000022,0.229577,0.000022,0.155693,0.029094,0.585551,0.000022,0.000022
AAACCGTTCGTCCAGG-1,0.000232,0.10804,0.053908,0.835966,0.000232,0.001159,0.000232,0.000232
AAACCTAAGCAGCCGG-1,0.000014,0.066568,0.000014,0.138473,0.136741,0.65816,0.000014,0.000014
AAACCTCATGAAGTTG-1,0.244531,0.399783,0.001662,0.322666,0.001644,0.029679,0.000017,0.000017
AAACGAAGAACATACC-1,0.01072,0.000005,0.000005,0.119138,0.380154,0.489967,0.000005,0.000005
AAACGAAGATGGAGTA-1,0.273866,0.000044,0.031338,0.694396,0.000044,0.000222,0.000044,0.000044
AAACGAGACGGTTGAT-1,0.02998,0.060831,0.000014,0.112203,0.283477,0.513466,0.000014,0.000014
AAACGCTGGGCACGAC-1,0.388194,0.564439,0.000074,0.046697,0.000074,0.000372,0.000074,0.000074
AAACGGGCGTACGGGT-1,0.000029,0.187365,0.000029,0.316116,0.027523,0.468882,0.000029,0.000029
AAACGGTTGCGAACTG-1,0.016467,0.0638,0.00003,0.88155,0.003859,0.034233,0.00003,0.00003
AAACGTGTTCGCCCTA-1,0.000634,0.000007,0.000007,0.150898,0.125212,0.723229,0.000007,0.000007
AAACTAACGTGGCGAC-1,0.000298,0.000006,0.000555,0.175975,0.049581,0.773575,0.000006,0.000006
AAACTCGGTTCGCAAT-1,0.062901,0.065053,0.003505,0.513141,0.048776,0.306584,0.000021,0.000021
AAACTCGTGATATAAG-1,0.004679,0.003013,0.000005,0.045647,0.041348,0.905298,0.000005,0.000005
AAACTGCTGGCTCCAA-1,0.004164,0.053109,0.008174,0.349258,0.141786,0.443489,0.00001,0.00001
AAACTTAATTGCACGC-1,0.235842,0.000041,0.000041,0.763749,0.000041,0.000204,0.000041,0.000041
AAACTTGCAAACGTAT-1,0.118309,0.006027,0.000061,0.744779,0.023181,0.107519,0.000061,0.000061
AAAGAATGACCTTAGA-1,0.246376,0.000018,0.004739,0.748727,0.000018,0.000088,0.000018,0.000018
AAAGAATGTGGACTAA-1,0.431837,0.466615,0.000032,0.101264,0.000032,0.000158,0.000032,0.000032
AAAGACCCAAGTCGCG-1,0.070557,0.067437,0.000007,0.017074,0.271569,0.573343,0.000007,0.000007
AAAGACTGGGCGCTTT-1,0.483719,0.092915,0.000042,0.051491,0.235855,0.135896,0.000042,0.000042
AAAGCTTGCCTACATA-1,0.000004,0.000004,0.000004,0.099317,0.125153,0.775509,0.000004,0.000004
AAAGGCCCTATAATAC-1,0.185429,0.49344,0.000098,0.320248,0.000098,0.00049,0.000098,0.000098
AAAGGCTACGGACCAT-1,0.23261,0.050669,0.004036,0.470765,0.120509,0.121127,0.000142,0.000142
AAAGGCTCTCGCGCCG-1,0.000414,0.000414,0.000414,0.80623,0.000414,0.191289,0.000414,0.000414
AAAGGGATGTAGCAAG-1,0.0464,0.000479,0.000016,0.518944,0.047675,0.386453,0.000016,0.000016
AAAGGGCAGCTTGAAT-1,0.327249,0.000042,0.043736,0.430309,0.06998,0.128599,0.000042,0.000042
AAAGGTAAGCTGTACC-1,0.000004,0.000527,0.000004,0.000008,0.189457,0.809991,0.000004,0.000004
AAAGTAGCATTGCTCA-1,0.000223,0.275576,0.004809,0.717609,0.000223,0.001115,0.000223,0.000223
AAAGTCACTGATGTAA-1,0.032643,0.015975,0.000008,0.148831,0.419473,0.383056,0.000008,0.000008
AAAGTCGACCCTCAGT-1,0.121755,0.157915,0.000061,0.566709,0.000061,0.153376,0.000061,0.000061
AAAGTGCCATCAATTA-1,0.782431,0.059303,0.000032,0.157978,0.000032,0.00016,0.000032,0.000032
AAAGTGTGATTTATCT-1,0.357676,0.473783,0.003577,0.164726,0.00003,0.000149,0.00003,0.00003
AAAGTTGACTCCCGTA-1,0.597666,0.176248,0.001869,0.176574,0.000031,0.047551,0.000031,0.000031
AAATAACCATACGGGA-1,0.019504,0.00121,0.000011,0.408073,0.053213,0.517968,0.000011,0.000011
AAATAAGGTAGTGCCC-1,0.006263,0.001543,0.000006,0.222617,0.01134,0.758219,0.000006,0.000006
AAATACCTATAAGCAT-1,0.005902,0.036733,0.007198,0.154107,0.115818,0.680224,0.000009,0.000009
AAATAGCTTAGACTTT-1,0.18326,0.057287,0.00003,0.695068,0.00003,0.064265,0.00003,0.00003
AAATAGGGTGCTATTG-1,0.000008,0.019614,0.000008,0.000017,0.87438,0.105956,0.000008,0.000008
AAATCCGATACACGCC-1,0.035923,0.067407,0.000045,0.867675,0.000045,0.028815,0.000045,0.000045
AAATCGCGGAAGGAGT-1,0.184962,0.000031,0.017272,0.79749,0.000031,0.000153,0.000031,0.000031
AAATCGTGTACCACAA-1,0.020759,0.000022,0.012643,0.659815,0.144935,0.161782,0.000022,0.000022
AAATCTAGCCCTGCTA-1,0.821231,0.000039,0.000039,0.17838,0.000039,0.000195,0.000039,0.000039
AAATCTGCCCGCGTCC-1,0.079891,0.589927,0.006353,0.323242,0.000073,0.000367,0.000073,0.000073
AAATGACTGATCAAAC-1,0.000693,0.206365,0.043501,0.001386,0.008586,0.738083,0.000693,0.000693
AAATGATTCGATCAGC-1,0.000004,0.001022,0.000004,0.000007,0.158476,0.840481,0.000004,0.000004
AAATGCTCGTTACGTT-1,0.319465,0.000032,0.000032,0.539489,0.000032,0.140887,0.000032,0.000032
AAATGGCATGTCTTGT-1,0.010383,0.013623,0.000011,0.188206,0.290713,0.497042,0.000011,0.000011
AAATGGCCCGTGCCCT-1,0.037762,0.177003,0.012653,0.720051,0.000097,0.05224,0.000097,0.000097
AAATGGTCAATGTGCC-1,0.000006,0.012959,0.000006,0.004994,0.414341,0.567682,0.000006,0.000006
AAATGTATCTTATCCC-1,0.012821,0.012821,0.012821,0.025642,0.012821,0.897435,0.012821,0.012821
AAATTAACGGGTAGCT-1,0.000384,0.000009,0.000009,0.129154,0.321064,0.54936,0.000009,0.000009
AAATTAATAAGCGCGA-1,0.369689,0.629644,0.000061,0.000121,0.000061,0.000303,0.000061,0.000061
AAATTACACGACTCTG-1,0.011009,0.000012,0.000012,0.455671,0.054337,0.478933,0.000012,0.000012
AAATTACCTATCGATG-1,0.015805,0.000507,0.000011,0.432887,0.009071,0.541696,0.000011,0.000011
AAATTCCAGGTCCAAA-1,0.028469,0.01957,0.001005,0.251035,0.010002,0.689898,0.000011,0.000011
AAATTGATAGTCCTTT-1,0.000119,0.000119,0.344453,0.468199,0.000119,0.186755,0.000119,0.000119
AAATTGGTGAGAAGCA-1,0.001327,0.001129,0.000006,0.327637,0.021163,0.648725,0.000006,0.000006
AAATTTACCGAAATCC-1,0.001321,0.012149,0.000011,0.412361,0.040277,0.53386,0.000011,0.000011
AAATTTGCGGGTGTGG-1,0.022967,0.021122,0.00004,0.6393,0.023723,0.292768,0.00004,0.00004
AACAACTGGTAGTTGC-1,0.019133,0.000014,0.000014,0.406004,0.326665,0.248142,0.000014,0.000014
AACAATACATTGTCGA-1,0.005254,0.07853,0.034245,0.770472,0.000059,0.111322,0.000059,0.000059
AACAATTACTCTACGC-1,0.097318,0.141029,0.000035,0.563867,0.183514,0.014166,0.000035,0.000035
AACACACGCTCGCCGC-1,0.426039,0.246331,0.000028,0.299372,0.000028,0.028145,0.000028,0.000028
AACACGACTGTACTGA-1,0.025234,0.000012,0.000012,0.391503,0.316249,0.266965,0.000012,0.000012
AACACGAGACGCGGCC-1,0.000027,0.031992,0.000027,0.175763,0.216137,0.576001,0.000027,0.000027
AACACGCGGCCGCGAA-1,0.001755,0.000004,0.000004,0.174687,0.811609,0.011931,0.000004,0.000004
AACAGCTGTGTGGCAA-1,0.199208,0.000093,0.13193,0.656318,0.000093,0.012173,0.000093,0.000093
AACAGGAAATCGAATA-1,0.006588,0.033563,0.000012,0.337498,0.194384,0.427931,0.000012,0.000012
AACAGGATGGGCCGCG-1,0.003525,0.00178,0.000006,0.073735,0.920419,0.000523,0.000006,0.000006
AACAGGTAGTATGGAT-1,0.348875,0.513086,0.000018,0.028726,0.000018,0.109242,0.000018,0.000018
AACATAGCGTGTATCG-1,0.00004,0.179395,0.015422,0.000081,0.372224,0.432757,0.00004,0.00004
AACATATCAACTGGTG-1,0.019956,0.000009,0.000922,0.182486,0.014267,0.78234,0.000009,0.000009
AACATCGATACGTCTA-1,0.000117,0.000007,0.000007,0.309486,0.006368,0.684001,0.000007,0.000007
AACATTGAAGTTGATC-1,0.14721,0.000207,0.000207,0.850722,0.000207,0.001034,0.000207,0.000207
AACATTGTGACTCGAG-1,0.000106,0.044795,0.000106,0.94313,0.011123,0.000529,0.000106,0.000106
AACCAAGACTTCTCTG-1,0.36743,0.026698,0.000168,0.604364,0.000168,0.000838,0.000168,0.000168
AACCAGTATCACTCTT-1,0.033428,0.002423,0.000015,0.446346,0.032791,0.484967,0.000015,0.000015
AACCATAGGGTTGAAC-1,0.137775,0.070183,0.008957,0.782885,0.000025,0.000125,0.000025,0.000025
AACCATGGGATCGCTA-1,0.049568,0.000029,0.000029,0.558932,0.014456,0.376929,0.000029,0.000029
AACCCAGAGACGGAGA-1,0.000015,0.000015,0.000015,0.693791,0.080675,0.225459,0.000015,0.000015
AACCCATCCCATGATC-1,0.182794,0.00014,0.032301,0.783644,0.00014,0.000701,0.00014,0.00014
AACCCGACAACCCGTG-1,0.030977,0.205091,0.012072,0.258817,0.000061,0.49286,0.000061,0.000061
AACCCGAGCAGAATCG-1,0.246479,0.688745,0.000014,0.052208,0.000014,0.012511,0.000014,0.000014
AACCCGCTGTATTCCA-1,0.000103,0.340911,0.000103,0.000207,0.207181,0.451289,0.000103,0.000103
AACCCTACTGTCAATA-1,0.155517,0.595907,0.000015,0.098675,0.000015,0.149839,0.000015,0.000015
AACCCTGGTGGAACCA-1,0.015762,0.010151,0.000008,0.37497,0.142892,0.4562,0.000008,0.000008
AACCGAGCTTGGTCAT-1,0.004586,0.094355,0.000009,0.109214,0.230114,0.561704,0.000009,0.000009
AACCGCTAAGGGATGC-1,0.678649,0.100054,0.000027,0.181418,0.004912,0.034885,0.000027,0.000027
AACCGTTGTGTTTGCT-1,0.007883,0.103185,0.000013,0.169596,0.508214,0.211085,0.000013,0.000013
AACCTCGCTTTAGCCC-1,0.003779,0.064411,0.000028,0.562205,0.094747,0.274773,0.000028,0.000028
AACCTGTCACGGAATT-1,0.034417,0.005477,0.000012,0.174543,0.028463,0.757065,0.000012,0.000012
AACCTTTAAATACGGT-1,0.068201,0.061314,0.000053,0.78155,0.083823,0.004952,0.000053,0.000053
AACCTTTACGACGTCT-1,0.000007,0.012272,0.000007,0.001101,0.1463,0.840301,0.000007,0.000007
AACGAAAGTCGTCCCA-1,0.32503,0.163979,0.008611,0.501386,0.000124,0.000621,0.000124,0.000124
AACGACCTCCTAGCCG-1,0.363251,0.583404,0.002862,0.000044,0.000022,0.050374,0.000022,0.000022
AACGATAATGCCGTAG-1,0.000036,0.002988,0.000036,0.703619,0.28408,0.009168,0.000036,0.000036
AACGATAGAAGGGCCG-1,0.028782,0.054973,0.000009,0.059196,0.196835,0.660188,0.000009,0.000009
AACGATATGTCAACTG-1,0.043431,0.007269,0.000015,0.20551,0.0484,0.695345,0.000015,0.000015
AACGCATGATCTGGGT-1,0.000945,0.103026,0.000007,0.119986,0.059495,0.716526,0.000007,0.000007
AACGCGAACGGCAACA-1,0.474238,0.000064,0.406529,0.11866,0.000064,0.000318,0.000064,0.000064
AACGCGACCTTGGGCG-1,0.000057,0.077211,0.056976,0.405265,0.128257,0.332119,0.000057,0.000057
AACGCGGTCTCCAGCC-1,0.00759,0.092849,0.000014,0.452935,0.197719,0.248867,0.000014,0.000014
AACGCTGTTGCTGAAA-1,0.246099,0.647552,0.000022,0.10182,0.000022,0.004441,0.000022,0.000022
AACGGACGTACGTATA-1,0.344618,0.390161,0.000016,0.242371,0.001733,0.02107,0.000016,0.000016
AACGGCCATCTCCGGT-1,0.056915,0.000046,0.036128,0.677852,0.084689,0.144278,0.000046,0.000046
AACGTACTGTGGGTAC-1,0.009831,0.052266,0.000059,0.54392,0.124166,0.269638,0.000059,0.000059
AACGTCAGACTAGTGG-1,0.009342,0.113514,0.005127,0.4062,0.301597,0.16419,0.000015,0.000015
AACGTCATCCGGCTTG-1,0.005917,0.928993,0.005917,0.011835,0.005917,0.029587,0.005917,0.005917
AACGTCGCTGCACTTC-1,0.685233,0.2787,0.000066,0.000132,0.000066,0.035672,0.000066,0.000066
AACGTGATGAAGGACA-1,0.000006,0.007905,0.000237,0.00881,0.211936,0.771094,0.000006,0.000006
AACGTGCGAAAGTCTC-1,0.034755,0.02545,0.00001,0.31152,0.157551,0.470693,0.00001,0.00001
AACGTTATCAGCACCT-1,0.713246,0.132002,0.007362,0.141319,0.000062,0.005886,0.000062,0.000062
AACGTTCTACCATTGT-1,0.413451,0.462677,0.000437,0.000874,0.000437,0.121249,0.000437,0.000437
AACTACCCGTTTGTCA-1,0.003745,0.986952,0.000016,0.000033,0.000016,0.009204,0.000016,0.000016
AACTAGCGTATCGCAC-1,0.012639,0.000038,0.000038,0.210841,0.479736,0.296632,0.000038,0.000038
AACTAGGCTTGGGTGT-1,0.281558,0.203619,0.020342,0.492374,0.000263,0.001317,0.000263,0.000263
AACTCAAGTTAATTGC-1,0.000008,0.000008,0.000008,0.015234,0.268027,0.716698,0.000008,0.000008
AACTCCAGAGCGTGTT-1,0.654066,0.000343,0.000343,0.3425,0.000343,0.001717,0.000343,0.000343
AACTCCTAATCCCATG-1,0.019112,0.000009,0.000009,0.177667,0.030905,0.772279,0.000009,0.000009
AACTCGATGGCGCAGT-1,0.398465,0.000026,0.000026,0.552187,0.000026,0.049217,0.000026,0.000026
AACTCTCAATAGAGCG-1,0.011965,0.907473,0.000023,0.000047,0.032399,0.048047,0.000023,0.000023
AACTCTCAGTGTGCTC-1,0.061376,0.518484,0.042355,0.134782,0.113092,0.12956,0.000175,0.000175
AACTGAGGTCAGCGTC-1,0.000856,0.000007,0.000007,0.071708,0.110774,0.816633,0.000007,0.000007
AACTGAGTTATACTGA-1,0.231989,0.11928,0.000088,0.603906,0.000088,0.044474,0.000088,0.000088
AACTGATATTAGGCCT-1,0.020152,0.004191,0.000011,0.382196,0.271574,0.321854,0.000011,0.000011
AACTGGGTCCCGACGT-1,0.028079,0.018409,0.000015,0.266135,0.153194,0.534137,0.000015,0.000015
AACTGGGTTCGAGCCG-1,0.01049,0.000728,0.000037,0.321091,0.15013,0.517448,0.000037,0.000037
AACTGGTGTGGGCCTT-1,0.042619,0.085586,0.000012,0.259571,0.429994,0.182193,0.000012,0.000012
AACTTCTGCGTCTATC-1,0.836127,0.000083,0.000083,0.119537,0.000083,0.043923,0.000083,0.000083
AACTTGCCCGTATGCA-1,0.022286,0.113548,0.000018,0.179023,0.638152,0.046936,0.000018,0.000018
AACTTGCGTTCTCGCG-1,0.687027,0.232901,0.00006,0.00012,0.037215,0.042558,0.00006,0.00006
AACTTTACGGGAGCTT-1,0.474221,0.520859,0.000026,0.000052,0.00466,0.00013,0.000026,0.000026
AACTTTAGCTGCTGAG-1,0.003262,0.00001,0.00001,0.406712,0.280069,0.309916,0.00001,0.00001
AACTTTCTCGATCATG-1,0.000003,0.010638,0.000003,0.000005,0.172286,0.817061,0.000003,0.000003
AAGAAAGTTTGATGGG-1,0.000127,0.490248,0.000127,0.370945,0.000127,0.138174,0.000127,0.000127
AAGAAATCACCAGATT-1,0.007964,0.000006,0.000006,0.31885,0.020358,0.652804,0.000006,0.000006
AAGAAGGATCAGTTAG-1,0.53603,0.000046,0.009501,0.380142,0.000046,0.074142,0.000046,0.000046
AAGACATACGTGGTTT-1,0.343196,0.579852,0.00002,0.031563,0.00479,0.040538,0.00002,0.00002
AAGACCAAATAACTCA-1,0.089991,0.155897,0.028752,0.600354,0.032341,0.092641,0.000012,0.000012
AAGACCCAACTGAACA-1,0.006815,0.097788,0.014155,0.685936,0.057971,0.137113,0.00011,0.00011
AAGACTGCAAGCTACT-1,0.017954,0.034915,0.000804,0.224831,0.240747,0.480728,0.000011,0.000011
AAGAGATGAATCGGTA-1,0.042288,0.000037,0.000037,0.91666,0.011997,0.028906,0.000037,0.000037
AAGAGCTCTTTATCGG-1,0.052995,0.047779,0.000015,0.200771,0.151275,0.547136,0.000015,0.000015
AAGAGGATGTACGCGA-1,0.013439,0.162046,0.002014,0.198126,0.02741,0.596909,0.000028,0.000028
AAGAGGCATGGATCGC-1,0.015937,0.082954,0.000011,0.077482,0.583718,0.239877,0.000011,0.000011
AAGAGGCCCTTTGGAA-1,0.036218,0.946218,0.000008,0.000016,0.014525,0.002999,0.000008,0.000008
AAGATGGCACCGGACC-1,0.05749,0.000239,0.037257,0.860446,0.000239,0.043852,0.000239,0.000239
AAGATTGGCGGAACGT-1,0.027745,0.000032,0.000014,0.473748,0.007177,0.491255,0.000014,0.000014
AAGCACCCTGCGTATC-1,0.198869,0.152955,0.0001,0.515177,0.044814,0.087886,0.0001,0.0001
AAGCATACTCTCCTGA-1,0.065272,0.000079,0.005002,0.920741,0.008356,0.000393,0.000079,0.000079
AAGCCACTTGCAGGTA-1,0.130845,0.24644,0.000053,0.298758,0.002624,0.321172,0.000053,0.000053
AAGCCGAAGCGGTTTA-1,0.564093,0.31168,0.000025,0.078711,0.000025,0.045414,0.000025,0.000025
AAGCCGCCGTGAAATC-1,0.10384,0.231437,0.000165,0.66324,0.000165,0.000824,0.000165,0.000165
AAGCCGCTTTACCTTG-1,0.00395,0.001738,0.000005,0.102829,0.075548,0.815919,0.000005,0.000005
AAGCCGGAGAGCAGGA-1,0.155376,0.742753,0.000016,0.100527,0.000016,0.001281,0.000016,0.000016
AAGCGCAGGGCTTTGA-1,0.004662,0.349028,0.000105,0.635107,0.000105,0.010783,0.000105,0.000105
AAGCGGAGTGCGCGCA-1,0.000003,0.000003,0.000003,0.003539,0.166225,0.83022,0.000003,0.000003
AAGCGGCGTCATGGGT-1,0.003265,0.065206,0.005331,0.255526,0.044399,0.626251,0.000011,0.000011
AAGCGTCCCTCATCGA-1,0.233857,0.000125,0.101454,0.66356,0.000125,0.000627,0.000125,0.000125
AAGCTAGATCGAGTAA-1,0.008102,0.158441,0.000019,0.342031,0.053709,0.437659,0.000019,0.000019
AAGCTATGGATTGACC-1,0.530868,0.000712,0.000712,0.001425,0.000712,0.003561,0.461297,0.000712
AAGCTCGTGCCAAGTC-1,0.005451,0.22207,0.003013,0.310073,0.131498,0.327864,0.000016,0.000016
AAGCTCTTTCATGGTG-1,0.000038,0.126327,0.000038,0.031969,0.150065,0.691485,0.000038,0.000038
AAGGAGCGGTTGGTGC-1,0.028319,0.00049,0.000015,0.349426,0.444655,0.177064,0.000015,0.000015
AAGGATCGATCGCTTG-1,0.214664,0.690644,0.00002,0.077105,0.00002,0.017505,0.00002,0.00002
AAGGATGAGGGACCTC-1,0.000013,0.000013,0.000013,0.489153,0.013979,0.496805,0.000013,0.000013
AAGGCAGGCTGTCTCC-1,0.04665,0.078437,0.000046,0.233646,0.022916,0.618212,0.000046,0.000046
AAGGCGCGTAAAGCTT-1,0.001053,0.001847,0.010843,0.240376,0.648076,0.09779,0.000008,0.000008
AAGGCTGTGCTCATCG-1,0.003057,0.029737,0.000009,0.053069,0.356965,0.557145,0.000009,0.000009
AAGGGAACGACTGGCT-1,0.142979,0.150326,0.000236,0.704571,0.000236,0.00118,0.000236,0.000236
AAGGGACAGATTCTGT-1,0.175149,0.000012,0.003796,0.116581,0.028,0.676438,0.000012,0.000012
AAGGGACTATGCATTC-1,0.000188,0.248408,0.000188,0.749716,0.000188,0.000938,0.000188,0.000188
AAGGGTTAGCCATGCG-1,0.249865,0.546248,0.000261,0.000522,0.000261,0.202322,0.000261,0.000261
AAGGGTTTGATTTCAG-1,0.058637,0.061639,0.006222,0.361991,0.048942,0.462482,0.000044,0.000044
AAGGTATCCTAATATA-1,0.006859,0.012053,0.000012,0.240408,0.009622,0.731023,0.000012,0.000012
AAGGTGATAAACCAGC-1,0.569798,0.237734,0.000034,0.192164,0.000034,0.000169,0.000034,0.000034
AAGTAGAAGACCGGGT-1,0.004462,0.000016,0.000016,0.58729,0.00318,0.405002,0.000016,0.000016
AAGTAGTGACGCGAGG-1,0.070721,0.038339,0.00003,0.701009,0.015655,0.174187,0.00003,0.00003
AAGTCAATTGTCGTCA-1,0.745692,0.158305,0.000041,0.095635,0.000041,0.000204,0.000041,0.000041
AAGTCTAGTAGCTGCC-1,0.014122,0.034178,0.000005,0.088571,0.078347,0.784768,0.000005,0.000005
AAGTCTTCTGTGGCCT-1,0.000009,0.045216,0.930513,0.000018,0.007175,0.017051,0.000009,0.000009
AAGTGACGACCGAATT-1,0.237358,0.000129,0.000129,0.594352,0.002987,0.164785,0.000129,0.000129
AAGTGAGTCGGGTTTA-1,0.113582,0.012559,0.004711,0.150475,0.00935,0.709082,0.00012,0.00012
AAGTGCAAAGGTAGAC-1,0.636781,0.2235,0.000021,0.062865,0.000021,0.07677,0.000021,0.000021
AAGTGCCTTGACTGTA-1,0.302234,0.664682,0.000026,0.02937,0.000026,0.00361,0.000026,0.000026
AAGTGCGTTAGAATCT-1,0.000079,0.273344,0.000079,0.377768,0.011008,0.337564,0.000079,0.000079
AAGTGCTTCTCTATTG-1,0.079644,0.198962,0.016639,0.622897,0.044815,0.036859,0.000092,0.000092
AAGTGTTTGGAGACGG-1,0.100053,0.078632,0.000053,0.504845,0.157649,0.158663,0.000053,0.000053
AAGTTCACTCCAAGCT-1,0.059387,0.000078,0.000078,0.364006,0.02314,0.553155,0.000078,0.000078
AAGTTCAGTCTGCGTA-1,0.000353,0.012187,0.000006,0.019168,0.114293,0.853981,0.000006,0.000006
AAGTTCGGCCAACAGG-1,0.020816,0.003901,0.000043,0.674027,0.023574,0.277553,0.000043,0.000043
AAGTTGTGATGTTATA-1,0.346293,0.506924,0.000023,0.131847,0.000023,0.014846,0.000023,0.000023
AAGTTTACTAATGGCA-1,0.000003,0.000003,0.000003,0.031497,0.947291,0.021197,0.000003,0.000003
AAGTTTATGGGCCCAA-1,0.236421,0.032848,0.138482,0.171161,0.045859,0.375204,0.000013,0.000013
AATAACAACGCTCGGC-1,0.029188,0.1506,0.000018,0.326921,0.130385,0.362852,0.000018,0.000018
AATAACACTAGAACAA-1,0.043153,0.298064,0.169506,0.457138,0.009014,0.023003,0.000061,0.000061
AATAACGTCGCGCCCA-1,0.000475,0.895428,0.000475,0.00095,0.099348,0.002374,0.000475,0.000475
AATAAGTCCTCGAGAC-1,0.000005,0.004898,0.000005,0.018607,0.308446,0.668031,0.000005,0.000005
AATAATCTTCGTATCG-1,0.579687,0.000044,0.000044,0.419869,0.000044,0.000222,0.000044,0.000044
AATACAATGTTTCAGG-1,0.534729,0.355077,0.000098,0.109309,0.000098,0.000492,0.000098,0.000098
AATACCGGAGGGCTGT-1,0.302036,0.055159,0.000234,0.640701,0.000234,0.001169,0.000234,0.000234
AATACCTGATGTGAAC-1,0.126884,0.159162,0.000049,0.564685,0.080118,0.069005,0.000049,0.000049
AATAGAACAGAGTGGC-1,0.14206,0.00023,0.118029,0.713638,0.024437,0.001148,0.00023,0.00023
AATAGAATCTGTTTCA-1,0.151685,0.2943,0.000055,0.490563,0.000055,0.063231,0.000055,0.000055
AATAGCAAGCCTCCTG-1,0.000006,0.000006,0.000006,0.02453,0.089139,0.886303,0.000006,0.000006
AATAGCTACCGCGTGC-1,0.00235,0.011065,0.002444,0.035578,0.077116,0.871436,0.000006,0.000006
AATAGGCACGACCCTT-1,0.00641,0.00641,0.00641,0.012821,0.00641,0.948717,0.00641,0.00641
AATAGTCCGTCCCGAC-1,0.088028,0.084452,0.012821,0.351935,0.001462,0.460815,0.000243,0.000243
AATAGTCGCGAGTCGG-1,0.277438,0.672641,0.000013,0.000026,0.0197,0.030155,0.000013,0.000013
AATATCAAGGTCGGAT-1,0.010779,0.012435,0.000011,0.301012,0.399951,0.275789,0.000011,0.000011
AATATCCTAGCAAACT-1,0.275014,0.021937,0.274838,0.19978,0.085063,0.143255,0.000057,0.000057
AATATCGAATCAATGC-1,0.452791,0.465726,0.000029,0.081221,0.000029,0.000146,0.000029,0.000029
AATATCGAGGGTTCTC-1,0.013421,0.026836,0.000012,0.293994,0.012411,0.653303,0.000012,0.000012
AATATTGGAGTATTGA-1,0.473565,0.264967,0.000212,0.259555,0.000212,0.001062,0.000212,0.000212
AATCAGGTTTCATTTA-1,0.000093,0.467218,0.013254,0.518689,0.000093,0.000466,0.000093,0.000093
AATCATGTAAAGACTC-1,0.010313,0.989519,0.000015,0.000036,0.000015,0.000073,0.000015,0.000015
AATCCAAGGGCCTGAG-1,0.008306,0.046446,0.000014,0.263225,0.141676,0.540306,0.000014,0.000014
AATCCATGCAAGGGTG-1,0.486877,0.000023,0.000023,0.386269,0.000023,0.126739,0.000023,0.000023
AATCCCGCTCAGAGCC-1,0.0005,0.264873,0.0005,0.000999,0.124539,0.607591,0.0005,0.0005
AATCGAGGTCTCAAGG-1,0.741504,0.003846,0.003846,0.220034,0.003846,0.019231,0.003846,0.003846
AATCGCCTCAGCGCCA-1,0.051346,0.033415,0.001959,0.334411,0.196481,0.382339,0.000024,0.000024
AATCGCGCAGAGGACT-1,0.10149,0.828354,0.000028,0.019111,0.000028,0.050933,0.000028,0.000028
AATCGGGACACTACGA-1,0.007794,0.006003,0.000007,0.138748,0.514085,0.333348,0.000007,0.000007
AATCGGTATAGCCCTC-1,0.544798,0.314415,0.000027,0.024171,0.000027,0.11651,0.000027,0.000027
AATCGTGAGCCGAGCA-1,0.001986,0.081356,0.004901,0.245406,0.16514,0.501183,0.000014,0.000014
AATCTAGGTTTACTTG-1,0.099239,0.000037,0.271684,0.511507,0.075808,0.04165,0.000037,0.000037
AATCTATGCCGGAGCC-1,0.002898,0.043335,0.000008,0.116356,0.03699,0.800397,0.000008,0.000008
AATCTCTACTGTGGTT-1,0.367544,0.559565,0.008248,0.064416,0.000028,0.000142,0.000028,0.000028
AATCTGCGTTGGGACG-1,0.091442,0.000025,0.000025,0.472759,0.043368,0.392331,0.000025,0.000025
AATCTGGCTTTCTAGT-1,0.020286,0.008803,0.66954,0.104955,0.041669,0.154716,0.000015,0.000015
AATGACAGCAATGTCT-1,0.022807,0.050099,0.000036,0.422086,0.032438,0.472463,0.000036,0.000036
AATGACGTAGGATGTC-1,0.070967,0.050019,0.053338,0.431211,0.196999,0.197431,0.000018,0.000018
AATGACTGTCAGCCGG-1,0.00002,0.00002,0.00002,0.646847,0.114603,0.23845,0.00002,0.00002
AATGAGTTCGCATATG-1,0.69585,0.000025,0.000025,0.101869,0.000025,0.202155,0.000025,0.000025
AATGATGATACGCTAT-1,0.000011,0.000011,0.000011,0.357133,0.096164,0.546648,0.000011,0.000011
AATGATGCGACTCCTG-1,0.000007,0.006037,0.000007,0.000127,0.041847,0.951963,0.000007,0.000007
AATGCAACCGGGTACC-1,0.001297,0.109972,0.00001,0.308086,0.053916,0.526698,0.00001,0.00001
AATGCACCAAGCAATG-1,0.001623,0.028491,0.000009,0.227973,0.023773,0.718113,0.000009,0.000009
AATGGTCCACCGTTCA-1,0.244456,0.701547,0.000057,0.000113,0.026813,0.026901,0.000057,0.000057
AATGGTTCTCACAAGC-1,0.008431,0.000025,0.000025,0.770673,0.000025,0.220774,0.000025,0.000025
AATGTATGGCACTGTA-1,0.018677,0.205477,0.019581,0.754446,0.000042,0.001691,0.000042,0.000042
AATGTGCCCGAGGTGT-1,0.322022,0.000379,0.113429,0.561138,0.000379,0.001895,0.000379,0.000379
AATGTGCTAATCTGAG-1,0.289714,0.345731,0.000263,0.362193,0.000263,0.001313,0.000263,0.000263
AATGTTAAGACCCTGA-1,0.126509,0.207347,0.000085,0.064106,0.252649,0.349133,0.000085,0.000085
AATGTTGTCGTGAGAC-1,0.519413,0.39876,0.000037,0.081492,0.000037,0.000186,0.000037,0.000037
AATTAAAGGTCGGCGT-1,0.000008,0.030101,0.000008,0.026053,0.312388,0.631426,0.000008,0.000008
AATTAACGGATTTCCA-1,0.000348,0.31081,0.000348,0.685709,0.000348,0.00174,0.000348,0.000348
AATTACGAGACCCATC-1,0.129302,0.009107,0.014787,0.843731,0.000037,0.002962,0.000037,0.000037
AATTACTCGTACGCTC-1,0.236111,0.70712,0.000019,0.005034,0.001145,0.050533,0.000019,0.000019
AATTAGCGCTGCAGCG-1,0.03446,0.091966,0.016035,0.705306,0.121318,0.030802,0.000057,0.000057
AATTATACCCAGCAAG-1,0.152397,0.00029,0.00029,0.495276,0.055398,0.295768,0.00029,0.00029
AATTCATAAGGGATCT-1,0.000637,0.012105,0.000008,0.042167,0.143002,0.802067,0.000008,0.000008
AATTCATTGTCATGCA-1,0.106467,0.124251,0.018191,0.666406,0.000056,0.084519,0.000056,0.000056
AATTCCAAGCATGTAC-1,0.06591,0.008245,0.000054,0.652467,0.051005,0.222209,0.000054,0.000054
AATTCGATTCGAGGAT-1,0.065547,0.014113,0.008559,0.750459,0.04903,0.112199,0.000046,0.000046
AATTCTAGAGTTAGGC-1,0.076509,0.054546,0.012782,0.722448,0.078811,0.05479,0.000057,0.000057
AATTGAACGCTCTGGT-1,0.023303,0.220857,0.000096,0.304952,0.093533,0.357068,0.000096,0.000096
AATTGCAGCAATCGAC-1,0.496626,0.431068,0.000025,0.07208,0.000025,0.000125,0.000025,0.000025
AATTGCGTGGATTACA-1,0.003202,0.610496,0.003142,0.363122,0.000023,0.019968,0.000023,0.000023
AATTGTGGTTGCCAAA-1,0.304145,0.621735,0.000016,0.073979,0.000016,0.000078,0.000016,0.000016
AATTTGGGACATAGTA-1,0.00393,0.019263,0.000012,0.24896,0.068011,0.659799,0.000012,0.000012
AATTTGGTTCCAAAGA-1,0.000004,0.000004,0.000004,0.093295,0.893245,0.013438,0.000004,0.000004
ACAAACCATGCGTCCT-1,0.21578,0.130969,0.00393,0.649203,0.000015,0.000074,0.000015,0.000015
ACAAACTCCATCAGAG-1,0.095185,0.894104,0.000974,0.001947,0.000974,0.004869,0.000974,0.000974
ACAAAGAAGGTAGGCC-1,0.129204,0.021363,0.449026,0.343779,0.022801,0.0338,0.000013,0.000013
ACAAAGCATGACCTAG-1,0.280201,0.582638,0.000018,0.107784,0.000782,0.028542,0.000018,0.000018
ACAAATCGCACCGAAT-1,0.062237,0.034025,0.000058,0.57584,0.202953,0.124771,0.000058,0.000058
ACAAATGGTAGTGTTT-1,0.232309,0.207918,0.000189,0.363556,0.194709,0.000943,0.000189,0.000189
ACAAATTCAGATCTGA-1,0.000005,0.000005,0.000005,0.002248,0.483368,0.51436,0.000005,0.000005
ACAACAGCATGAGCTA-1,0.005136,0.029239,0.000011,0.177711,0.21005,0.577831,0.000011,0.000011
ACAACGGTCCCTGCGA-1,0.2507,0.000019,0.090307,0.506534,0.000019,0.152384,0.000019,0.000019
ACAAGCAGTGCCTAGC-1,0.166573,0.199524,0.001959,0.373221,0.202799,0.055852,0.000037,0.000037
ACAAGCTATATGGAAG-1,0.002653,0.002653,0.146233,0.005305,0.002653,0.835199,0.002653,0.002653
ACAAGGAAATCCGCCC-1,0.029988,0.147891,0.006573,0.428546,0.219449,0.167515,0.000019,0.000019
ACAAGGACAAGAGGTT-1,0.006265,0.105544,0.00001,0.375071,0.489592,0.023499,0.00001,0.00001
ACAAGGATGCTTTAGG-1,0.009923,0.035381,0.000069,0.478306,0.000423,0.47576,0.000069,0.000069
ACAAGGGCAGGCTCTG-1,0.002663,0.023708,0.001427,0.07273,0.197952,0.701507,0.000006,0.000006
ACAAGTAATTGTAAGG-1,0.36292,0.001789,0.001789,0.003578,0.001789,0.624557,0.001789,0.001789
ACAATAGTCGTACGTT-1,0.030844,0.154971,0.000065,0.603903,0.081766,0.128321,0.000065,0.000065
ACAATCCATTTAAACC-1,0.00778,0.061705,0.000016,0.567275,0.030845,0.332347,0.000016,0.000016
ACAATGAATACGGAGA-1,0.152301,0.190733,0.101965,0.553423,0.000197,0.000986,0.000197,0.000197
ACAATGATTCTTCTAC-1,0.001139,0.000005,0.000005,0.009337,0.128459,0.861045,0.000005,0.000005
ACAATTGTGTCTCTTT-1,0.486606,0.279472,0.000027,0.164505,0.00269,0.066645,0.000027,0.000027
ACAATTTAGGAGGCTC-1,0.575648,0.303994,0.000025,0.012839,0.00945,0.097993,0.000025,0.000025
ACAATTTGAGCAGTGG-1,0.028419,0.000017,0.000017,0.437479,0.011359,0.522676,0.000017,0.000017
ACAATTTGGCCATATT-1,0.079979,0.064587,0.000039,0.398113,0.00292,0.454286,0.000039,0.000039
ACACAAAGACGGGTGG-1,0.004032,0.000066,0.000013,0.594542,0.006485,0.394837,0.000013,0.000013
ACACAAATATTCCTAG-1,0.001732,0.000516,0.000005,0.101362,0.157901,0.738473,0.000005,0.000005
ACACACCAGGACCAGT-1,0.649441,0.092196,0.000043,0.212489,0.010394,0.03535,0.000043,0.000043
ACACACTTTCTACACG-1,0.002924,0.011687,0.000007,0.118786,0.755082,0.111499,0.000007,0.000007
ACACATGATCAAATCT-1,0.214084,0.036065,0.106303,0.64311,0.000055,0.000274,0.000055,0.000055
ACACATTGACGCAACA-1,0.662937,0.266851,0.000055,0.023124,0.011407,0.035515,0.000055,0.000055
ACACATTTCCGTAGAC-1,0.08563,0.246519,0.000023,0.578186,0.019287,0.070307,0.000023,0.000023
ACACCACATAATTAGC-1,0.006103,0.013731,0.000006,0.188243,0.012752,0.779155,0.000006,0.000006
ACACCCAGCATGCAGC-1,0.014337,0.000021,0.000021,0.797014,0.020971,0.167596,0.000021,0.000021
ACACCCGAGAAATCCG-1,0.000012,0.000012,0.000012,0.553623,0.02945,0.416869,0.000012,0.000012
ACACCGAGCGCTCTTT-1,0.346081,0.642565,0.000023,0.000046,0.000023,0.011216,0.000023,0.000023
ACACCGGTCTGACCGC-1,0.379075,0.001259,0.010078,0.60919,0.00005,0.000249,0.00005,0.00005
ACACCTTAAGTAGGGC-1,0.000008,0.000008,0.001234,0.095947,0.848453,0.054333,0.000008,0.000008
ACACCTTACTACTTGC-1,0.361626,0.546406,0.000028,0.07624,0.000028,0.015615,0.000028,0.000028
ACACGAGACTCCTTCT-1,0.008567,0.040877,0.002477,0.000059,0.033864,0.914137,0.00001,0.00001
ACACGGCACTATGCAT-1,0.006057,0.00303,0.009766,0.311405,0.231487,0.438229,0.000013,0.000013
ACACGGGAACTTAGGG-1,0.034482,0.038064,0.000018,0.516223,0.131844,0.279333,0.000018,0.000018
ACACGTAGGCCACAAG-1,0.087869,0.881288,0.000019,0.030674,0.000019,0.000094,0.000019,0.000019
ACACTCCAATGTCACT-1,0.893556,0.000086,0.000086,0.000626,0.024309,0.081164,0.000086,0.000086
ACACTGATCAAGGTGT-1,0.070081,0.177008,0.069357,0.463174,0.128786,0.091396,0.000099,0.000099
ACACTGGGACAGTCGT-1,0.693706,0.081882,0.000032,0.207302,0.000032,0.016983,0.000032,0.000032
ACAGAACTGAGAACAA-1,0.438934,0.000542,0.074933,0.428988,0.000542,0.054978,0.000542,0.000542
ACAGATTAGGTTAGTG-1,0.017902,0.019421,0.000007,0.109025,0.741421,0.112212,0.000007,0.000007
ACAGCATAGAGCCAGT-1,0.034841,0.000011,0.000011,0.162671,0.577273,0.225172,0.000011,0.000011
ACAGCGACATTCTCAT-1,0.46334,0.35681,0.000028,0.179602,0.000028,0.000138,0.000028,0.000028
ACAGCGCACCCGCAGC-1,0.000296,0.000008,0.000008,0.010705,0.165804,0.823165,0.000008,0.000008
ACAGGCACGGATCCTT-1,0.109559,0.110015,0.000023,0.755731,0.001694,0.022931,0.000023,0.000023
ACAGGCTTGCCCGACT-1,0.04536,0.048774,0.000087,0.678843,0.060431,0.166332,0.000087,0.000087
ACAGGTGGAGGTGAGG-1,0.087706,0.000142,0.041278,0.625522,0.000142,0.244925,0.000142,0.000142
ACAGGTGTGTTGTTGC-1,0.005917,0.433696,0.005917,0.011835,0.005917,0.524883,0.005917,0.005917
ACAGTAATACAACTTG-1,0.004612,0.169077,0.009707,0.698138,0.027324,0.091054,0.000044,0.000044
ACAGTATACCGTGGGA-1,0.000008,0.000008,0.000008,0.291906,0.015689,0.692365,0.000008,0.000008
ACATAAGTCGTGGTGA-1,0.113798,0.241439,0.010745,0.633263,0.000095,0.000473,0.000095,0.000095
ACATAATAAGGCGGTG-1,0.004694,0.103884,0.000014,0.478842,0.096636,0.315903,0.000014,0.000014
ACATACAATCAAGCGG-1,0.001115,0.218646,0.001115,0.770205,0.001115,0.005574,0.001115,0.001115
ACATCAGCTGGGACGC-1,0.39082,0.526785,0.002077,0.075789,0.000022,0.004463,0.000022,0.000022
ACATCCCGGCCATACG-1,0.000116,0.248824,0.000116,0.274722,0.000116,0.475872,0.000116,0.000116
ACATCCTGGTAACTGT-1,0.170072,0.772199,0.00002,0.04803,0.007051,0.002589,0.00002,0.00002
ACATCGATCGTTTACC-1,0.030255,0.022762,0.009224,0.555303,0.171418,0.211002,0.000018,0.000018
ACATCGCAATATTCGG-1,0.416343,0.004049,0.004049,0.008097,0.004049,0.555317,0.004049,0.004049
ACATCGGTCAGCCGCG-1,0.002442,0.088446,0.000014,0.167325,0.131708,0.610038,0.000014,0.000014
ACATCGTATGCAATGG-1,0.005747,0.245245,0.000029,0.233439,0.222669,0.292814,0.000029,0.000029
ACATCGTTAACCTAGT-1,0.006096,0.000653,0.000015,0.384417,0.205353,0.403435,0.000015,0.000015
ACATCTCAACGCGTAA-1,0.01567,0.026756,0.000013,0.407529,0.154325,0.395682,0.000013,0.000013
ACATGCTTACGGCAGC-1,0.123329,0.472882,0.00005,0.23837,0.00005,0.16522,0.00005,0.00005
ACATGGCGCCAAAGTA-1,0.363854,0.482125,0.000017,0.111327,0.000017,0.042624,0.000017,0.000017
ACATGGCTCAATTTAG-1,0.899813,0.011327,0.004553,0.001196,0.000067,0.082909,0.000067,0.000067
ACATTAGTTTATATCC-1,0.00564,0.045214,0.020337,0.748875,0.128856,0.050944,0.000068,0.000068
ACATTCGCGCGGAATA-1,0.06703,0.518433,0.000062,0.401999,0.000062,0.012291,0.000062,0.000062
ACATTTGAAACCTAAC-1,0.111344,0.107412,0.000724,0.452779,0.033772,0.293938,0.000016,0.000016
ACCAAACACCCAGCGA-1,0.000254,0.000006,0.000006,0.176678,0.035542,0.787504,0.000006,0.000006
ACCAACACCACACACT-1,0.018181,0.000008,0.000008,0.208236,0.02643,0.747123,0.000008,0.000008
ACCAACCGCACTCCAC-1,0.225534,0.661299,0.000017,0.043731,0.042055,0.02733,0.000017,0.000017
ACCAACGCTTATTTAT-1,0.1517,0.000249,0.072324,0.773735,0.000249,0.001245,0.000249,0.000249
ACCAAGAACGCGTGTC-1,0.025237,0.000014,0.000014,0.459044,0.034671,0.480993,0.000014,0.000014
ACCAAGTCATCGGCAG-1,0.385628,0.476567,0.001669,0.043869,0.012576,0.079656,0.000017,0.000017
ACCAATATGCAAGTTA-1,0.027914,0.060361,0.000039,0.311445,0.049873,0.550292,0.000039,0.000039
ACCACAACTCAGAACA-1,0.000004,0.000004,0.000004,0.021361,0.827195,0.151424,0.000004,0.000004
ACCACAAGTTTCTATC-1,0.004998,0.004116,0.000013,0.396909,0.216179,0.377759,0.000013,0.000013
ACCACACGGTTGATGG-1,0.000107,0.196821,0.039629,0.04762,0.299015,0.416595,0.000107,0.000107
ACCACCAATGTAACAA-1,0.080276,0.787106,0.000014,0.100184,0.000014,0.032379,0.000014,0.000014
ACCACCCTCTCTTCTA-1,0.000004,0.000004,0.000004,0.112428,0.046711,0.840839,0.000004,0.000004
ACCACGTGCAGCTATA-1,0.02059,0.047749,0.021781,0.446694,0.192632,0.270517,0.000019,0.000019
ACCACTGTTCAAGAAG-1,0.457665,0.540594,0.000025,0.001517,0.000025,0.000125,0.000025,0.000025
ACCAGACCATAACAAC-1,0.104771,0.443421,0.390787,0.000026,0.007222,0.053747,0.000013,0.000013
ACCAGCCCGGTCTTTG-1,0.004703,0.020241,0.000012,0.311869,0.076733,0.586416,0.000012,0.000012
ACCAGTGCCCGGTCAA-1,0.000004,0.000004,0.000004,0.000081,0.122698,0.8772,0.000004,0.000004
ACCAGTGCGGGAGACG-1,0.240937,0.690611,0.000024,0.065971,0.000024,0.002387,0.000024,0.000024
ACCATATCCGCAATAA-1,0.011223,0.001409,0.000013,0.534071,0.169984,0.283275,0.000013,0.000013
ACCATCCGCCAACTAG-1,0.019807,0.078363,0.011092,0.270835,0.055256,0.564598,0.000025,0.000025
ACCATCGTATATGGTA-1,0.00001,0.005437,0.00001,0.021217,0.433899,0.539406,0.00001,0.00001
ACCATTAAGGGTGTCA-1,0.730186,0.263798,0.005557,0.000092,0.000046,0.00023,0.000046,0.000046
ACCCAACGCCCGTGGC-1,0.013926,0.000016,0.000016,0.535656,0.005914,0.444441,0.000016,0.000016
ACCCACCTACATGCTC-1,0.498641,0.000023,0.011905,0.45981,0.000023,0.029554,0.000023,0.000023
ACCCATCTTGAGGGTA-1,0.00048,0.026337,0.000015,0.391833,0.101375,0.479928,0.000015,0.000015
ACCCATTTGTCCCTCT-1,0.840677,0.001423,0.012759,0.052017,0.019829,0.073228,0.000034,0.000034
ACCCGAGCGAAATTAC-1,0.000174,0.225056,0.029137,0.304888,0.074224,0.366172,0.000174,0.000174
ACCCGATTGGTTCCGA-1,0.293512,0.166233,0.000359,0.53702,0.000359,0.001797,0.000359,0.000359
ACCCGGAAACTCCCAG-1,0.124936,0.314149,0.000196,0.559153,0.000196,0.000979,0.000196,0.000196
ACCCGGAGCACCACAA-1,0.122188,0.803969,0.000014,0.073716,0.000014,0.000071,0.000014,0.000014
ACCCGGATGACGCATC-1,0.286627,0.269738,0.000034,0.131923,0.000034,0.311576,0.000034,0.000034
ACCCGGTTACACTTCC-1,0.000025,0.000025,0.000025,0.692097,0.180313,0.127465,0.000025,0.000025
ACCCGTAGCAGAGAAT-1,0.161204,0.210446,0.000144,0.627056,0.000144,0.000719,0.000144,0.000144
ACCCGTAGTCTAGTTG-1,0.212102,0.689747,0.000017,0.097995,0.000017,0.000087,0.000017,0.000017
ACCCGTGTCATCAGTA-1,0.000261,0.242053,0.000261,0.283708,0.179758,0.293437,0.000261,0.000261
ACCCTATAGGACTGAG-1,0.878833,0.000116,0.000116,0.120009,0.000116,0.000579,0.000116,0.000116
ACCCTATGCCATATCG-1,0.000285,0.142198,0.010348,0.00057,0.000285,0.845745,0.000285,0.000285
ACCCTCCCGTCAGGGC-1,0.4088,0.410708,0.000021,0.126639,0.000021,0.053771,0.000021,0.000021
ACCCTCCCTTGCTATT-1,0.185318,0.121286,0.000162,0.160528,0.000162,0.532222,0.000162,0.000162
ACCCTGGTAACGCCCT-1,0.007081,0.001424,0.000007,0.168146,0.052151,0.771176,0.000007,0.000007
ACCCTTCATCTGCGAA-1,0.014986,0.043048,0.00001,0.116591,0.352713,0.472633,0.00001,0.00001
ACCCTTGCCTGGGTCG-1,0.000232,0.00001,0.001426,0.411957,0.017539,0.568817,0.00001,0.00001
ACCCTTTAGTTCTCCA-1,0.014602,0.010319,0.000012,0.180982,0.208149,0.585911,0.000012,0.000012
ACCGAAAGGGCCCTGC-1,0.011304,0.00835,0.000006,0.196694,0.648705,0.134929,0.000006,0.000006
ACCGAAGAGTCTGGTT-1,0.169142,0.237048,0.000373,0.590449,0.000373,0.001867,0.000373,0.000373
ACCGACACATCTCCCA-1,0.205801,0.015053,0.107184,0.671103,0.000107,0.000536,0.000107,0.000107
ACCGACTGAGTCCCAC-1,0.007001,0.004165,0.00001,0.156569,0.701451,0.130785,0.00001,0.00001
ACCGAGTCTCCTTATT-1,0.031788,0.147633,0.000029,0.668413,0.066746,0.085335,0.000029,0.000029
ACCGATAGGCATAACC-1,0.779562,0.01505,0.000029,0.205127,0.000029,0.000145,0.000029,0.000029
ACCGATATTTAATCAT-1,0.334871,0.573903,0.000031,0.090947,0.000031,0.000155,0.000031,0.000031
ACCGATGGTAGCATCG-1,0.012407,0.925153,0.00001,0.000021,0.007629,0.054759,0.00001,0.00001
ACCGCAATAACTGCCT-1,0.051859,0.059195,0.063911,0.459317,0.131495,0.234182,0.000021,0.000021
ACCGCGGTGGAAGTCG-1,0.755174,0.000026,0.00268,0.234546,0.000026,0.007497,0.000026,0.000026
ACCGCTAGTCATTGGT-1,0.171851,0.208,0.000146,0.618836,0.000146,0.00073,0.000146,0.000146
ACCGGGCCTTTGTTGA-1,0.688946,0.161305,0.000032,0.147731,0.000032,0.001889,0.000032,0.000032
ACCGGTCAGGTACACC-1,0.183,0.052768,0.000073,0.763572,0.000073,0.000367,0.000073,0.000073
ACCGTCCACTGGGCCC-1,0.037786,0.075074,0.006058,0.405064,0.057354,0.418639,0.000013,0.000013
ACCGTGACCACGTGGG-1,0.000176,0.000176,0.000176,0.998059,0.000176,0.000882,0.000176,0.000176
ACCGTTCCCGCTCTGA-1,0.000006,0.000635,0.000006,0.051156,0.48353,0.464653,0.000006,0.000006
ACCTAAGTACCTTTCA-1,0.010176,0.099725,0.052189,0.716744,0.095959,0.02512,0.000043,0.000043
ACCTAATCGACTTCCT-1,0.106246,0.042363,0.00004,0.851027,0.00004,0.000202,0.00004,0.00004
ACCTACAGTATGTGGT-1,0.189304,0.763584,0.000029,0.028856,0.000029,0.01814,0.000029,0.000029
ACCTACTATAAATCTA-1,0.067002,0.244894,0.00004,0.683931,0.00004,0.004014,0.00004,0.00004
ACCTCAGCGAGGCGCA-1,0.131084,0.267424,0.001241,0.160679,0.001241,0.435849,0.001241,0.001241
ACCTCCGCCCTCGCTG-1,0.91513,0.000053,0.000053,0.084336,0.000053,0.000267,0.000053,0.000053
ACCTCCGTTATTCACC-1,0.000285,0.105649,0.000013,0.217858,0.089289,0.586881,0.000013,0.000013
ACCTCGAACTTATGCT-1,0.130703,0.256358,0.000034,0.61261,0.000034,0.000192,0.000034,0.000034
ACCTGCGTGTCATGTT-1,0.001611,0.102602,0.000065,0.375852,0.127475,0.392266,0.000065,0.000065
ACGAAATGGGCGGCAC-1,0.161572,0.135626,0.000078,0.702103,0.000078,0.000388,0.000078,0.000078
ACGACCCATGAGTTGC-1,0.144556,0.772449,0.000016,0.068771,0.000016,0.01416,0.000016,0.000016
ACGACTCTAGGGCCGA-1,0.032699,0.259314,0.000023,0.559144,0.002298,0.146477,0.000023,0.000023
ACGACTGGTCATACTC-1,0.105721,0.242155,0.000182,0.650483,0.000182,0.000911,0.000182,0.000182
ACGAGAACCCATCACG-1,0.033979,0.015225,0.000012,0.349535,0.201847,0.399376,0.000012,0.000012
ACGAGATATTTGCTTA-1,0.000014,0.000014,0.000014,0.303154,0.06457,0.632207,0.000014,0.000014
ACGAGGATACCACTCT-1,0.000125,0.487869,0.024205,0.469449,0.000125,0.017979,0.000125,0.000125
ACGAGGTTTACAACGT-1,0.000147,0.103267,0.000147,0.000294,0.37522,0.520631,0.000147,0.000147
ACGAGTACGGATGCCC-1,0.001951,0.001383,0.000006,0.013686,0.120916,0.862047,0.000006,0.000006
ACGATACATAGAACTA-1,0.038603,0.01493,0.000011,0.143995,0.081714,0.720726,0.000011,0.000011
ACGATACCTATCCTGA-1,0.003077,0.237481,0.003077,0.006154,0.728672,0.015385,0.003077,0.003077
ACGATCATACATAGAG-1,0.000015,0.000015,0.000015,0.559211,0.102909,0.337804,0.000015,0.000015
ACGATCATCTTGTAAA-1,0.216329,0.564089,0.000066,0.176664,0.033953,0.008767,0.000066,0.000066
ACGATGCATATGTTAT-1,0.000007,0.008537,0.00065,0.002094,0.342638,0.646061,0.000007,0.000007
ACGATGGATCCGATGC-1,0.055617,0.000018,0.006915,0.177788,0.298083,0.461543,0.000018,0.000018
ACGCAAACTAATAGAT-1,0.082268,0.000129,0.061364,0.855207,0.000129,0.000645,0.000129,0.000129
ACGCAATCACTACAGC-1,0.000005,0.022202,0.000005,0.002358,0.113928,0.861491,0.000005,0.000005
ACGCATAAATGACATG-1,0.001423,0.022999,0.000032,0.108047,0.112374,0.755061,0.000032,0.000032
ACGCATACGTTTACTA-1,0.453716,0.44252,0.002398,0.101146,0.000027,0.000137,0.000027,0.000027
ACGCATTCGTGAGTAC-1,0.000854,0.011194,0.000011,0.128412,0.552428,0.307081,0.000011,0.000011
ACGCCACTCGAAACAG-1,0.044738,0.326657,0.000067,0.048917,0.252187,0.327301,0.000067,0.000067
ACGCCAGATGATTTCT-1,0.030897,0.002495,0.000014,0.152876,0.389498,0.424193,0.000014,0.000014
