Barcode,Topic 1,Topic 2,Topic 3,Topic 4to11,Topic 12,Topic 13
AAACAAGTATCTCCCA-1,0.000006,0.000006,0.000006,0.999968,0.000006,0.000006
AAACAATCTACTAGCA-1,0.00027,0.00027,0.00027,0.002159,0.996761,0.00027
AAACACCAATAACTGC-1,0.000005,0.077726,0.000005,0.278909,0.000364,0.642991
AAACAGAGCGACTCCT-1,0.044053,0.000024,0.026921,0.601,0.168608,0.159394
AAACAGCTTTCAGAAG-1,0.000008,0.054984,0.000008,0.887151,0.002372,0.055476
AAACAGGGTCTATATT-1,0.000009,0.039911,0.000009,0.832012,0.008178,0.119882
AAACATTTCCCGGATT-1,0.000017,0.069084,0.000017,0.899869,0.007328,0.023685
AAACCACTACACAGAT-1,0.000049,0.000049,0.062829,0.875951,0.061072,0.000049
AAACCCGAACGAAATC-1,0.000014,0.008511,0.000014,0.913707,0.048642,0.029112
AAACCGGAAATGTTAA-1,0.00001,0.008817,0.00001,0.887948,0.009466,0.093749
AAACCGGGTAGGTACC-1,0.036072,0.063211,0.000035,0.900611,0.000035,0.000035
AAACCGTTCGTCCAGG-1,0.011253,0.005603,0.000013,0.785211,0.022168,0.175752
AAACCTCATGAAGTTG-1,0.000016,0.005534,0.000016,0.980858,0.002203,0.011374
AAACGAAGAACATACC-1,0.003726,0.000014,0.000014,0.000109,0.996124,0.000014
AAACGAAGATGGAGTA-1,0.000006,0.375107,0.000006,0.51257,0.008152,0.10416
AAACGACAGTCTTGCC-1,0.000121,0.000121,0.139901,0.225292,0.634445,0.000121
AAACGAGACGGTTGAT-1,0.000021,0.049624,0.000021,0.656604,0.107128,0.186602
AAACGCCCGAGATCGG-1,0.273097,0.069347,0.090465,0.407359,0.159604,0.000128
AAACGGGCGTACGGGT-1,0.000058,0.000058,0.000058,0.97481,0.02496,0.000058
AAACGTGTTCGCCCTA-1,0.000021,0.000021,0.024062,0.830233,0.145641,0.000021
AAACTAACGTGGCGAC-1,0.136231,0.011775,0.506629,0.30774,0.007618,0.030007
AAACTCGTGATATAAG-1,0.000044,0.000044,0.000044,0.891191,0.106845,0.001833
AAACTGCTGGCTCCAA-1,0.00001,0.00001,0.003093,0.990603,0.006274,0.00001
AAACTTAATTGCACGC-1,0.0816,0.134785,0.006751,0.383108,0.277401,0.116355
AAACTTGCAAACGTAT-1,0.000006,0.00186,0.000006,0.997586,0.000006,0.000535
AAAGAATGACCTTAGA-1,0.034105,0.328111,0.000029,0.250506,0.217325,0.169923
AAAGACATGAAGTTTA-1,0.103392,0.137997,0.000392,0.00314,0.754686,0.000392
AAAGACCCAAGTCGCG-1,0.344047,0.017228,0.093776,0.003145,0.539926,0.001879
AAAGACTGGGCGCTTT-1,0.008407,0.02013,0.000038,0.711847,0.248416,0.011162
AAAGCTTGCCTACATA-1,0.000021,0.000021,0.000021,0.889659,0.061881,0.048397
AAAGGCTACGGACCAT-1,0.000016,0.017888,0.000016,0.910675,0.006072,0.065334
AAAGGCTCTCGCGCCG-1,0.000016,0.000725,0.001279,0.98692,0.00901,0.002051
AAAGGGATGTAGCAAG-1,0.070338,0.000037,0.012059,0.7716,0.096372,0.049595
AAAGGGCAGCTTGAAT-1,0.021051,0.000044,0.000044,0.532382,0.446434,0.000044
AAAGGTAAGCTGTACC-1,0.000007,0.000007,0.041779,0.958194,0.000007,0.000007
AAAGGTCAACGACATG-1,0.000137,0.000137,0.04673,0.41524,0.537619,0.000137
AAAGTAGCATTGCTCA-1,0.00001,0.009476,0.00001,0.901045,0.000433,0.089025
AAAGTCACTGATGTAA-1,0.102163,0.000035,0.010786,0.000279,0.886702,0.000035
AAAGTCGACCCTCAGT-1,0.000013,0.032617,0.000013,0.921543,0.045802,0.000013
AAAGTGCCATCAATTA-1,0.00001,0.015904,0.00001,0.904831,0.003547,0.075699
AAAGTGTGATTTATCT-1,0.000023,0.000023,0.000023,0.99198,0.000612,0.007339
AAAGTTGACTCCCGTA-1,0.000025,0.000025,0.000025,0.885305,0.015535,0.099087
AAATAACCATACGGGA-1,0.027334,0.000023,0.056701,0.776654,0.138255,0.001032
AAATAAGGTAGTGCCC-1,0.000025,0.007156,0.000025,0.862316,0.099842,0.030636
AAATACCTATAAGCAT-1,0.000023,0.009731,0.000023,0.914538,0.008515,0.067171
AAATAGCTTAGACTTT-1,0.000054,0.000054,0.000054,0.756319,0.167307,0.076211
AAATAGGGTGCTATTG-1,0.015701,0.043143,0.000023,0.860735,0.008012,0.072385
AAATCACTCCTAAACG-1,0.088207,0.00005,0.270585,0.493068,0.14804,0.00005
AAATCGCGGAAGGAGT-1,0.000012,0.43179,0.003694,0.413755,0.000964,0.149786
AAATCGTGTACCACAA-1,0.000027,0.044525,0.000027,0.8828,0.02642,0.046201
AAATCTAGCCCTGCTA-1,0.000007,0.000007,0.000007,0.997277,0.000007,0.002697
AAATGATTCGATCAGC-1,0.000027,0.000027,0.003953,0.860863,0.100974,0.034156
AAATGCTCGTTACGTT-1,0.421366,0.000025,0.000025,0.000197,0.009224,0.569163
AAATGGCATGTCTTGT-1,0.069515,0.000034,0.027902,0.657305,0.171638,0.073606
AAATGGCCCGTGCCCT-1,0.000005,0.019258,0.000005,0.95364,0.000005,0.027087
AAATGGTCAATGTGCC-1,0.016229,0.000023,0.000023,0.95701,0.025228,0.001487
AAATGTATCTTATCCC-1,0.000855,0.597342,0.000855,0.268865,0.000855,0.131229
AAATGTGGGTGCTCCT-1,0.008815,0.000089,0.000089,0.000709,0.99021,0.000089
AAATTAACGGGTAGCT-1,0.020966,0.000039,0.000039,0.831072,0.084769,0.063115
AAATTAATAAGCGCGA-1,0.092474,0.886234,0.00003,0.000237,0.020996,0.00003
AAATTACACGACTCTG-1,0.034433,0.000026,0.070526,0.697329,0.095473,0.102212
AAATTACCTATCGATG-1,0.020351,0.01973,0.000034,0.847454,0.072872,0.039559
AAATTCCAGGTCCAAA-1,0.0472,0.095542,0.00004,0.569205,0.287974,0.00004
AAATTGATAGTCCTTT-1,0.000013,0.025076,0.000013,0.943727,0.000013,0.031158
AAATTGGTGAGAAGCA-1,0.000049,0.000049,0.000049,0.821832,0.145105,0.032917
AAATTTACCGAAATCC-1,0.025112,0.000033,0.231704,0.448252,0.24169,0.053209
AAATTTGCGGGTGTGG-1,0.002254,0.057754,0.000012,0.927893,0.000012,0.012075
AACAACTGGTAGTTGC-1,0.000028,0.005691,0.000028,0.979683,0.014543,0.000028
AACAATACATTGTCGA-1,0.00001,0.003394,0.00001,0.949917,0.00001,0.04666
AACAATTACTCTACGC-1,0.000041,0.000041,0.000041,0.808879,0.190956,0.000041
AACACACGCTCGCCGC-1,0.000018,0.000018,0.000018,0.981722,0.009476,0.008748
AACACGACTGTACTGA-1,0.372132,0.000034,0.000034,0.000271,0.625903,0.001626
AACACGAGACGCGGCC-1,0.000011,0.00062,0.000011,0.999214,0.000011,0.000134
AACACGCGGCCGCGAA-1,0.413108,0.000031,0.003227,0.000246,0.156763,0.426624
AACAGCTGTGTGGCAA-1,0.00001,0.003716,0.00001,0.831823,0.008385,0.156057
AACAGGAAATCGAATA-1,0.075977,0.000551,0.022329,0.688034,0.142586,0.070523
AACAGGATGGGCCGCG-1,0.000056,0.020406,0.000056,0.79912,0.069897,0.110464
AACAGGTAGTATGGAT-1,0.029984,0.230007,0.000013,0.739968,0.000013,0.000013
AACATATCAACTGGTG-1,0.000043,0.000043,0.000043,0.752986,0.234386,0.012499
AACATCGATACGTCTA-1,0.015118,0.065209,0.000027,0.786329,0.108959,0.024357
AACATTGTGACTCGAG-1,0.029909,0.000044,0.000044,0.908249,0.051453,0.010301
AACCAAGACTTCTCTG-1,0.00001,0.004242,0.00001,0.98779,0.00001,0.007938
AACCAGTATCACTCTT-1,0.144969,0.00003,0.567973,0.104433,0.07383,0.108765
AACCATAGGGTTGAAC-1,0.069349,0.230303,0.000015,0.175704,0.499214,0.025415
AACCATGGGATCGCTA-1,0.471621,0.000012,0.269936,0.005837,0.000012,0.252583
AACCCAGAGACGGAGA-1,0.385601,0.000032,0.025515,0.062902,0.340641,0.185308
AACCCATCCCATGATC-1,0.00001,0.114086,0.00001,0.256554,0.009672,0.619668
AACCCGAGCAGAATCG-1,0.000023,0.000023,0.000023,0.705283,0.035177,0.259471
AACCCGATAGGGCTTC-1,0.000047,0.000047,0.067064,0.788512,0.089832,0.054497
AACCCTACTGTCAATA-1,0.000025,0.043296,0.000025,0.812653,0.139884,0.004116
AACCCTGGTGGAACCA-1,0.322606,0.004802,0.029257,0.009618,0.632195,0.001522
AACCGAGCTTGGTCAT-1,0.020524,0.000051,0.013098,0.688514,0.187795,0.090018
AACCGCTAAGGGATGC-1,0.00001,0.00001,0.00001,0.998492,0.00001,0.001469
AACCGTTGTGTTTGCT-1,0.349239,0.000043,0.135311,0.327132,0.141511,0.046764
AACCTAAAGCCGTCCG-1,0.135867,0.023988,0.000064,0.000514,0.829707,0.00986
AACCTCGCTTTAGCCC-1,0.00001,0.000384,0.00001,0.998252,0.00001,0.001335
AACCTGTCACGGAATT-1,0.013621,0.025808,0.000035,0.645034,0.285541,0.029961
AACCTTTAAATACGGT-1,0.01817,0.021674,0.000018,0.905701,0.007486,0.046952
AACCTTTACGACGTCT-1,0.008792,0.000024,0.030835,0.698864,0.257624,0.003861
AACGAAAGTCGTCCCA-1,0.000006,0.279645,0.000006,0.569191,0.006788,0.144366
AACGATAATGCCGTAG-1,0.020012,0.018492,0.000022,0.863798,0.01341,0.084265
AACGATAGAAGGGCCG-1,0.147033,0.000047,0.148811,0.429016,0.204246,0.070846
AACGATATGTCAACTG-1,0.024911,0.000033,0.017393,0.909886,0.037501,0.010276
AACGCATGATCTGGGT-1,0.000035,0.000035,0.000035,0.854846,0.114378,0.030671
AACGCGAACGGCAACA-1,0.531574,0.281346,0.000059,0.172494,0.014469,0.000059
AACGCGGTCTCCAGCC-1,0.000032,0.000032,0.007016,0.948146,0.044742,0.000032
AACGCTGTTGCTGAAA-1,0.000006,0.002508,0.000006,0.997466,0.000006,0.000006
AACGGACGTACGTATA-1,0.00001,0.00001,0.00001,0.963181,0.00001,0.036778
AACGGCCATCTCCGGT-1,0.00001,0.00604,0.00001,0.988464,0.00001,0.005466
AACGTACTGTGGGTAC-1,0.005115,0.008435,0.000022,0.918424,0.025338,0.042666
AACGTAGTCTACCCAT-1,0.000099,0.033553,0.023614,0.00079,0.941846,0.000099
AACGTCAGACTAGTGG-1,0.083314,0.000078,0.000078,0.889166,0.027286,0.000078
AACGTGATGAAGGACA-1,0.134482,0.005582,0.773875,0.082912,0.003141,0.000008
AACGTGCGAAAGTCTC-1,0.007729,0.00242,0.000026,0.815936,0.087477,0.086412
AACGTTATCAGCACCT-1,0.424919,0.410006,0.000037,0.164965,0.000037,0.000037
AACTACCCGTTTGTCA-1,0.00001,0.00001,0.00001,0.974687,0.025273,0.00001
AACTAGCGTATCGCAC-1,0.238483,0.000099,0.000099,0.000792,0.760428,0.000099
AACTAGGCTTGGGTGT-1,0.047146,0.432955,0.000036,0.426837,0.011292,0.081734
AACTCAAGTTAATTGC-1,0.000012,0.012436,0.000012,0.981617,0.003645,0.002278
AACTCCAGAGCGTGTT-1,0.000036,0.032217,0.000036,0.879978,0.017189,0.070544
AACTCCTAATCCCATG-1,0.001014,0.000012,0.036014,0.903061,0.031086,0.028813
AACTCGATGGCGCAGT-1,0.610361,0.000094,0.000094,0.210448,0.003767,0.175237
AACTCTCAATAGAGCG-1,0.000037,0.008128,0.000037,0.811646,0.092255,0.087898
AACTCTCAGTGTGCTC-1,0.00001,0.00001,0.00001,0.999951,0.00001,0.00001
AACTGAGGTCAGCGTC-1,0.005744,0.00003,0.109135,0.523849,0.349637,0.011605
AACTGAGTTATACTGA-1,0.000015,0.000015,0.000015,0.895239,0.040156,0.064559
AACTGATATTAGGCCT-1,0.096193,0.000052,0.000052,0.687618,0.210861,0.005224
AACTGGGTCCCGACGT-1,0.005319,0.000021,0.007267,0.925534,0.061839,0.000021
AACTGGGTTCGAGCCG-1,0.167288,0.000381,0.000381,0.003047,0.828523,0.000381
AACTGGTGTGGGCCTT-1,0.239475,0.00008,0.00008,0.000638,0.705249,0.054479
AACTTCTGCGTCTATC-1,0.551682,0.000066,0.000066,0.199087,0.003214,0.245886
AACTTGCCCGTATGCA-1,0.000035,0.007389,0.000035,0.949655,0.042852,0.000035
AACTTGCGTTCTCGCG-1,0.550573,0.399242,0.000046,0.050047,0.000046,0.000046
AACTTTACGGGAGCTT-1,0.266834,0.163551,0.000026,0.00912,0.03372,0.526748
AACTTTAGCTGCTGAG-1,0.000079,0.035994,0.000079,0.000632,0.94519,0.018026
AACTTTCTCGATCATG-1,0.000024,0.000024,0.000024,0.942992,0.027506,0.02943
AAGAAATCACCAGATT-1,0.000027,0.000027,0.000027,0.857593,0.105775,0.036552
AAGAAGGATCAGTTAG-1,0.476999,0.000087,0.000087,0.341696,0.181043,0.000087
AAGACCAAATAACTCA-1,0.000258,0.178751,0.002093,0.661438,0.023879,0.133583
AAGACCCAACTGAACA-1,0.00001,0.034332,0.00001,0.940028,0.007191,0.018428
AAGACTAACCCGTTGT-1,0.502408,0.000131,0.035256,0.150971,0.123207,0.188027
AAGACTCACGCCCACT-1,0.027562,0.000172,0.000172,0.573752,0.398169,0.000172
AAGACTGCAAGCTACT-1,0.000012,0.002139,0.000012,0.978714,0.015912,0.003211
AAGAGATGAATCGGTA-1,0.037684,0.025678,0.000041,0.875887,0.054418,0.006291
AAGAGCTCTTTATCGG-1,0.026233,0.000043,0.005747,0.831498,0.099338,0.03714
AAGAGGATGTACGCGA-1,0.000013,0.002664,0.000013,0.989428,0.007869,0.000013
AAGAGGCATGGATCGC-1,0.00003,0.00859,0.006286,0.879083,0.079277,0.026734
AAGAGGCCCTTTGGAA-1,0.001281,0.000012,0.000012,0.89873,0.016368,0.083597
AAGATGGCACCGGACC-1,0.000012,0.004911,0.000012,0.974755,0.000012,0.020298
AAGATTGGCGGAACGT-1,0.006445,0.000057,0.000057,0.26593,0.544369,0.183142
AAGCACCCTGCGTATC-1,0.000016,0.004888,0.000016,0.993534,0.000016,0.00153
AAGCATACTCTCCTGA-1,0.000023,0.000023,0.000023,0.908496,0.004398,0.087038
AAGCCGAAGCGGTTTA-1,0.000017,0.000017,0.000017,0.999916,0.000017,0.000017
AAGCCGCTTTACCTTG-1,0.000058,0.000058,0.000058,0.845255,0.154514,0.000058
AAGCCGGAGAGCAGGA-1,0.000009,0.002598,0.000009,0.973014,0.010694,0.013676
AAGCGGAGTGCGCGCA-1,0.000698,0.000031,0.019959,0.795672,0.171689,0.011951
AAGCGGCGTCATGGGT-1,0.110062,0.023689,0.138102,0.565728,0.100978,0.061441
AAGCGTCCCTCATCGA-1,0.000013,0.027003,0.000013,0.963976,0.000013,0.008981
AAGCTAGATCGAGTAA-1,0.000009,0.002468,0.000009,0.997496,0.000009,0.000009
AAGCTCGTGCCAAGTC-1,0.00002,0.006784,0.006012,0.982498,0.004666,0.00002
AAGCTCTTTCATGGTG-1,0.012435,0.010201,0.000017,0.952803,0.000017,0.024527
AAGGAGAACTTATAAG-1,0.169079,0.000082,0.000082,0.000655,0.83002,0.000082
AAGGAGCGGTTGGTGC-1,0.031874,0.000042,0.000042,0.825356,0.133603,0.009081
AAGGATCGATCGCTTG-1,0.00002,0.00002,0.00002,0.83992,0.037594,0.122425
AAGGATGAGGGACCTC-1,0.000054,0.000054,0.000054,0.752351,0.162598,0.084888
AAGGCAGGCTGTCTCC-1,0.000017,0.015905,0.000017,0.834222,0.076998,0.072841
AAGGCGCGTAAAGCTT-1,0.033869,0.000037,0.000037,0.855617,0.105998,0.004443
AAGGCTGTGCTCATCG-1,0.017429,0.000067,0.000067,0.672713,0.235455,0.074269
AAGGGAACGACTGGCT-1,0.000005,0.142805,0.000005,0.278345,0.007259,0.57158
AAGGGACAGATTCTGT-1,0.021696,0.000076,0.000076,0.352938,0.457478,0.167735
AAGGGACTATGCATTC-1,0.000013,0.014869,0.000013,0.582426,0.008228,0.394452
AAGGGTTTGATTTCAG-1,0.002024,0.002024,0.29715,0.302727,0.002024,0.39405
AAGGTATCCTAATATA-1,0.00003,0.00003,0.003912,0.956145,0.039851,0.00003
AAGGTGATAAACCAGC-1,0.000013,0.033616,0.000013,0.935369,0.000013,0.030975
AAGTAGAAGACCGGGT-1,0.032109,0.000036,0.012702,0.902188,0.05293,0.000036
AAGTAGTGACGCGAGG-1,0.000034,0.000034,0.000034,0.877438,0.122426,0.000034
AAGTCAATTGTCGTCA-1,0.000016,0.009445,0.000016,0.981557,0.000016,0.00895
AAGTCTAGTAGCTGCC-1,0.000097,0.000097,0.000097,0.595857,0.403754,0.000097
AAGTCTTCTGTGGCCT-1,0.114985,0.814793,0.000088,0.008452,0.061594,0.000088
AAGTGACGACCGAATT-1,0.000015,0.0312,0.000015,0.944214,0.000405,0.024152
AAGTGAGTCGGGTTTA-1,0.002316,0.003757,0.000015,0.664746,0.032902,0.296264
AAGTGCAAAGGTAGAC-1,0.244429,0.085191,0.000017,0.069477,0.109609,0.491277
AAGTGCCTTGACTGTA-1,0.000011,0.000011,0.000011,0.999944,0.000011,0.000011
AAGTGCGTTAGAATCT-1,0.000007,0.011525,0.000007,0.973901,0.000007,0.014553
AAGTGTTTGGAGACGG-1,0.000012,0.006571,0.000012,0.993381,0.000012,0.000012
AAGTTCACTCCAAGCT-1,0.000035,0.070306,0.000035,0.81606,0.036636,0.076928
AAGTTCAGTCTGCGTA-1,0.00002,0.00002,0.002472,0.937357,0.052722,0.007409
AAGTTCGGCCAACAGG-1,0.000011,0.016547,0.000011,0.963512,0.000089,0.019829
AAGTTTACTAATGGCA-1,0.284352,0.00012,0.00012,0.000962,0.714326,0.00012
AATAACAACGCTCGGC-1,0.000023,0.000023,0.000023,0.877672,0.088303,0.033955
AATAACACTAGAACAA-1,0.001313,0.00342,0.000006,0.971266,0.006781,0.017214
AATAAGTCCTCGAGAC-1,0.015632,0.000018,0.000018,0.000143,0.984172,0.000018
AATAATCTTCGTATCG-1,0.000015,0.000015,0.000015,0.759142,0.023649,0.217163
AATACAATGTTTCAGG-1,0.162163,0.021591,0.000043,0.327616,0.210055,0.278532
AATACCGGAGGGCTGT-1,0.125355,0.043767,0.032722,0.468602,0.301984,0.02757
AATAGAACAGAGTGGC-1,0.000014,0.000014,0.000014,0.903174,0.026923,0.069861
AATAGAATCTGTTTCA-1,0.000015,0.000015,0.000015,0.998443,0.000015,0.001498
AATAGCAAGCCTCCTG-1,0.003912,0.000028,0.602216,0.146142,0.164157,0.083544
AATAGCTACCGCGTGC-1,0.000013,0.000013,0.000013,0.999933,0.000013,0.000013
AATAGTCCGTCCCGAC-1,0.000025,0.000025,0.000025,0.799721,0.006419,0.193787
AATAGTCGCGAGTCGG-1,0.265685,0.659771,0.000035,0.074438,0.000035,0.000035
AATATCAAGGTCGGAT-1,0.040078,0.00006,0.00006,0.000478,0.959264,0.00006
AATATCCTAGCAAACT-1,0.00115,0.780844,0.000041,0.117252,0.066449,0.034264
AATATCGAATCAATGC-1,0.00001,0.00001,0.00001,0.999952,0.00001,0.00001
AATATCGAGGGTTCTC-1,0.000059,0.000059,0.000059,0.490019,0.359765,0.150038
AATATTGGAGTATTGA-1,0.001742,0.000807,0.004891,0.979077,0.010619,0.002864
AATCATGTAAAGACTC-1,0.000014,0.008298,0.000014,0.923096,0.003657,0.064922
AATCCAAGGGCCTGAG-1,0.57357,0.00003,0.116098,0.189321,0.044684,0.076297
AATCGCCTCAGCGCCA-1,0.000025,0.006322,0.000025,0.91263,0.060042,0.020955
AATCGCGCAGAGGACT-1,0.000027,0.000027,0.000027,0.80298,0.09346,0.103478
AATCGGGACACTACGA-1,0.049072,0.000049,0.000049,0.000392,0.950389,0.000049
AATCTAGGTTTACTTG-1,0.000012,0.046792,0.002516,0.792299,0.000427,0.157955
AATCTATGCCGGAGCC-1,0.00008,0.00008,0.00008,0.74992,0.201863,0.047976
AATCTCTACTGTGGTT-1,0.006248,0.010707,0.000029,0.787809,0.081337,0.113871
AATCTGCGTTGGGACG-1,0.000043,0.000043,0.000043,0.881154,0.079213,0.039504
AATCTGGCTTTCTAGT-1,0.000014,0.063805,0.000014,0.917957,0.000014,0.018197
AATCTGGGTAGACCCT-1,0.11761,0.000177,0.115194,0.148905,0.617936,0.000177
AATGACAGCAATGTCT-1,0.000008,0.009783,0.000008,0.986924,0.000008,0.003269
AATGACGTAGGATGTC-1,0.012311,0.000029,0.000029,0.922021,0.023709,0.041902
AATGACTGTCAGCCGG-1,0.031005,0.000037,0.000037,0.906394,0.062491,0.000037
AATGAGTTCGCATATG-1,0.720919,0.062649,0.000074,0.213766,0.000074,0.002518
AATGATGATACGCTAT-1,0.000017,0.000017,0.002278,0.972259,0.003459,0.02197
AATGATGCGACTCCTG-1,0.000053,0.000053,0.000053,0.768562,0.223584,0.007693
AATGCAACCGGGTACC-1,0.071396,0.000026,0.005257,0.840951,0.019175,0.063196
AATGCACCAAGCAATG-1,0.003118,0.000026,0.005439,0.854209,0.112827,0.024381
AATGGCCGCCAATGCG-1,0.000036,0.000036,0.278298,0.572258,0.149335,0.000036
AATGGTCCACCGTTCA-1,0.000034,0.056343,0.000034,0.778692,0.112056,0.052841
AATGGTTCTCACAAGC-1,0.069378,0.00006,0.00006,0.604255,0.326188,0.00006
AATGTATGGCACTGTA-1,0.010241,0.207248,0.004184,0.313759,0.261726,0.202843
AATGTGCCCGAGGTGT-1,0.000011,0.000011,0.000011,0.856586,0.008494,0.134887
AATTAAAGGTCGGCGT-1,0.011017,0.009956,0.000021,0.942194,0.002754,0.034058
AATTAACGGATTTCCA-1,0.000023,0.000023,0.000023,0.990607,0.000023,0.009301
AATTACGAGACCCATC-1,0.000007,0.188472,0.001107,0.762039,0.000007,0.048368
AATTACTCGTACGCTC-1,0.503688,0.486988,0.000059,0.009146,0.000059,0.000059
AATTAGCGCTGCAGCG-1,0.008375,0.002722,0.000022,0.963137,0.000022,0.025721
AATTCATAAGGGATCT-1,0.000017,0.000017,0.005367,0.853282,0.1413,0.000017
AATTCATTGTCATGCA-1,0.005149,0.167322,0.000008,0.11181,0.011792,0.703918
AATTCCAAGCATGTAC-1,0.037196,0.023433,0.000042,0.706429,0.05535,0.17755
AATTCTAGAGTTAGGC-1,0.010162,0.021849,0.000025,0.89473,0.020604,0.052629
AATTGAACGCTCTGGT-1,0.007284,0.000021,0.000021,0.913806,0.01582,0.063047
AATTGCAGCAATCGAC-1,0.001675,0.011871,0.000021,0.919253,0.033544,0.033636
AATTGTGGTTGCCAAA-1,0.000014,0.000014,0.000014,0.985211,0.011544,0.003205
AATTTGGGACATAGTA-1,0.012235,0.000033,0.069005,0.637631,0.16445,0.116646
AATTTGGTTCCAAAGA-1,0.424473,0.010971,0.000027,0.219968,0.240916,0.103645
ACAAACCATGCGTCCT-1,0.004021,0.162022,0.000006,0.361405,0.139344,0.333201
ACAAACCGACAAGGCG-1,0.240264,0.000062,0.000062,0.000493,0.60644,0.152679
ACAAAGAAGGTAGGCC-1,0.00001,0.449639,0.003486,0.418379,0.049521,0.078965
ACAAAGCATGACCTAG-1,0.00002,0.001066,0.00002,0.81794,0.152448,0.028506
ACAAATCGCACCGAAT-1,0.00001,0.009159,0.00001,0.944553,0.00001,0.046259
ACAAATGGTAGTGTTT-1,0.000012,0.034386,0.000012,0.910369,0.048232,0.006989
ACAAATTCAGATCTGA-1,0.040821,0.011515,0.548182,0.307904,0.07539,0.016187
ACAACAGCATGAGCTA-1,0.047754,0.000041,0.000041,0.820904,0.131035,0.000225
ACAACGGTCCCTGCGA-1,0.014229,0.000023,0.000023,0.920319,0.065383,0.000023
ACAAGCAGTGCCTAGC-1,0.000032,0.000368,0.000032,0.79819,0.201347,0.000032
ACAAGCTATATGGAAG-1,0.001202,0.36748,0.001202,0.627712,0.001202,0.001202
ACAAGGAAATCCGCCC-1,0.006768,0.008507,0.00669,0.896647,0.006561,0.074828
ACAAGGACAAGAGGTT-1,0.000863,0.000032,0.000032,0.891415,0.089463,0.018196
ACAAGGATGCTTTAGG-1,0.000026,0.009013,0.000026,0.919021,0.012625,0.05929
ACAAGGCCTACCAGCC-1,0.000101,0.000101,0.150711,0.00081,0.848176,0.000101
ACAAGGGCAGGCTCTG-1,0.000015,0.000482,0.000015,0.972782,0.015663,0.011044
ACAATAGTCGTACGTT-1,0.000016,0.004785,0.000016,0.994951,0.000217,0.000016
ACAATCCATTTAAACC-1,0.000015,0.000015,0.000015,0.982481,0.017458,0.000015
ACAATCGATCTTTATA-1,0.147146,0.000077,0.000077,0.000617,0.852005,0.000077
ACAATGAATACGGAGA-1,0.000007,0.003502,0.000007,0.947165,0.000291,0.049028
ACAATGATTCTTCTAC-1,0.116545,0.000035,0.317864,0.479284,0.086237,0.000035
ACAATTGTGTCTCTTT-1,0.00756,0.031403,0.000016,0.907926,0.004088,0.049007
ACAATTTAGGAGGCTC-1,0.127039,0.050598,0.000034,0.493604,0.195902,0.132824
ACAATTTGAGCAGTGG-1,0.01563,0.000044,0.000044,0.914225,0.054703,0.015354
ACAATTTGGCCATATT-1,0.000013,0.000013,0.000013,0.999933,0.000013,0.000013
ACACAAAGACGGGTGG-1,0.000023,0.000023,0.006142,0.969265,0.024523,0.000023
ACACAAATATTCCTAG-1,0.000022,0.000022,0.009295,0.772655,0.201416,0.016589
ACACACCAGGACCAGT-1,0.000032,0.006314,0.000032,0.782986,0.071181,0.139455
ACACACTTTCTACACG-1,0.179478,0.015798,0.000051,0.573891,0.154168,0.076615
ACACATGATCAAATCT-1,0.000009,0.20351,0.000009,0.121331,0.014962,0.660179
ACACATTGACGCAACA-1,0.471028,0.361454,0.065686,0.004602,0.09719,0.00004
ACACCACATAATTAGC-1,0.000041,0.000041,0.000041,0.733052,0.166823,0.100003
ACACCCAGCATGCAGC-1,0.016913,0.000035,0.000035,0.881282,0.101699,0.000035
ACACCCGAGAAATCCG-1,0.115905,0.000047,0.000047,0.661742,0.139479,0.08278
ACACCCGTAAATCTGT-1,0.000085,0.000085,0.108521,0.536638,0.354587,0.000085
ACACCGAGCGCTCTTT-1,0.002248,0.974481,0.000016,0.023161,0.000016,0.000079
ACACCGGTCTGACCGC-1,0.062851,0.261085,0.000018,0.124675,0.46537,0.086001
ACACCTTAAGTAGGGC-1,0.058379,0.000058,0.000058,0.881485,0.05996,0.000058
ACACCTTACTACTTGC-1,0.000022,0.000022,0.000022,0.997699,0.000022,0.002213
ACACGAGACTCCTTCT-1,0.000022,0.000022,0.003431,0.940824,0.028677,0.027025
ACACGGCACTATGCAT-1,0.126141,0.000047,0.000047,0.000378,0.87334,0.000047
ACACGGGAACTTAGGG-1,0.006252,0.000062,0.000062,0.845966,0.147595,0.000062
ACACGTAGGCCACAAG-1,0.000007,0.001109,0.000007,0.99779,0.000007,0.001081
ACACTCCAATGTCACT-1,0.449036,0.075392,0.000075,0.288684,0.004027,0.182786
ACACTGATCAAGGTGT-1,0.000018,0.000018,0.000018,0.904595,0.020653,0.074696
ACACTGGGACAGTCGT-1,0.000023,0.00316,0.000023,0.895367,0.024756,0.076671
ACAGAACTGAGAACAA-1,0.000006,0.042355,0.000006,0.916101,0.000952,0.040579
ACAGATTAGGTTAGTG-1,0.192648,0.000095,0.000095,0.00076,0.806307,0.000095
ACAGCATAGAGCCAGT-1,0.119547,0.126383,0.00003,0.000238,0.753773,0.00003
ACAGCGACATTCTCAT-1,0.017869,0.027245,0.000032,0.889117,0.040057,0.02568
ACAGCGCACCCGCAGC-1,0.050317,0.000037,0.368117,0.336173,0.242609,0.002747
ACAGGCTTGCCCGACT-1,0.001362,0.094008,0.000025,0.625093,0.06181,0.217702
ACAGGTGGAGGTGAGG-1,0.000015,0.00005,0.000015,0.969055,0.000015,0.03085
ACAGGTGTGTTGTTGC-1,0.003077,0.003077,0.003077,0.984615,0.003077,0.003077
ACAGTAATACAACTTG-1,0.000011,0.018811,0.000011,0.836973,0.015078,0.129116
ACAGTATACCGTGGGA-1,0.002262,0.000026,0.000026,0.847375,0.118056,0.032256
ACAGTGCAGCGCATTT-1,0.041418,0.000226,0.000226,0.205039,0.752864,0.000226
ACATAAGTCGTGGTGA-1,0.000009,0.299881,0.000009,0.229333,0.000634,0.470134
ACATAATAAGGCGGTG-1,0.019073,0.00003,0.009409,0.80856,0.077048,0.085881
ACATCAGCTGGGACGC-1,0.000035,0.056157,0.000035,0.550415,0.224539,0.168819
ACATCCCGGCCATACG-1,0.000023,0.000023,0.000023,0.933803,0.048328,0.017801
ACATCCTGGTAACTGT-1,0.00977,0.000229,0.000026,0.815701,0.063536,0.110738
ACATCGATCGTTTACC-1,0.036631,0.000049,0.000049,0.925392,0.000049,0.037831
ACATCGGTCAGCCGCG-1,0.01507,0.000785,0.000035,0.947456,0.032169,0.004485
ACATCGTATGCAATGG-1,0.00811,0.000019,0.000019,0.967897,0.000019,0.023936
ACATCGTTAACCTAGT-1,0.403164,0.59653,0.000028,0.000223,0.000028,0.000028
ACATCTCAACGCGTAA-1,0.158699,0.000049,0.000049,0.000392,0.840762,0.000049
ACATGGCGCCAAAGTA-1,0.00001,0.006905,0.00001,0.992259,0.00001,0.000806
ACATGGCTCAATTTAG-1,0.56122,0.32668,0.015265,0.096559,0.000138,0.000138
ACATTAGTTTATATCC-1,0.00003,0.009107,0.00003,0.935503,0.020278,0.03505
ACCAAACACCCAGCGA-1,0.000042,0.000042,0.000042,0.80851,0.191323,0.000042
ACCAAACTAGAAATCC-1,0.009322,0.016858,0.000035,0.000282,0.973468,0.000035
ACCAACACCACACACT-1,0.000011,0.000011,0.000011,0.999946,0.000011,0.000011
ACCAACGCTTATTTAT-1,0.000026,0.003149,0.005254,0.883818,0.01747,0.090283
ACCAAGAACGCGTGTC-1,0.084582,0.000038,0.060157,0.500815,0.154935,0.199475
ACCAATATGCAAGTTA-1,0.000016,0.005613,0.000016,0.89951,0.017444,0.077401
ACCACAACTCAGAACA-1,0.114445,0.000045,0.205882,0.080152,0.45729,0.142186
ACCACAAGTTTCTATC-1,0.000022,0.000022,0.000022,0.955242,0.015546,0.029145
ACCACCAATGTAACAA-1,0.003899,0.000025,0.000025,0.935299,0.060727,0.000025
ACCACCCTCTCTTCTA-1,0.000025,0.002651,0.000025,0.675632,0.232154,0.089511
ACCACGTGCAGCTATA-1,0.013402,0.008575,0.00002,0.920434,0.031576,0.025993
ACCACTGTTCAAGAAG-1,0.29896,0.562148,0.000047,0.117667,0.021131,0.000047
ACCAGACCATAACAAC-1,0.044489,0.70331,0.000027,0.038193,0.213954,0.000027
ACCAGCCCGGTCTTTG-1,0.056826,0.000067,0.000067,0.000537,0.942435,0.000067
ACCAGGAGTGTGATCT-1,0.155991,0.000146,0.000146,0.001168,0.842404,0.000146
ACCAGTGCCCGGTCAA-1,0.057158,0.000262,0.125287,0.595374,0.055503,0.166416
ACCAGTGCGGGAGACG-1,0.004817,0.002775,0.000024,0.837813,0.03964,0.11493
ACCATATCCGCAATAA-1,0.054147,0.000044,0.000044,0.921413,0.024306,0.000044
ACCATCCGCCAACTAG-1,0.000009,0.019712,0.000009,0.877092,0.00019,0.102986
ACCATCGTATATGGTA-1,0.000039,0.07749,0.000039,0.834134,0.062486,0.025811
ACCATTAAGGGTGTCA-1,0.011393,0.987327,0.000014,0.000111,0.000014,0.001141
ACCCAACGCCCGTGGC-1,0.000068,0.000068,0.000068,0.807502,0.181399,0.010896
ACCCACCTACATGCTC-1,0.003366,0.000034,0.000034,0.795118,0.201414,0.000034
ACCCATCTTGAGGGTA-1,0.031273,0.014926,0.000044,0.832441,0.046911,0.074406
ACCCATTTGTCCCTCT-1,0.000044,0.033525,0.000044,0.815881,0.006218,0.144288
ACCCGAGCGAAATTAC-1,0.00001,0.002816,0.00001,0.819248,0.006054,0.171862
ACCCGGAAACTCCCAG-1,0.000016,0.000207,0.000016,0.963943,0.014575,0.021243
ACCCGGAGCACCACAA-1,0.000005,0.001941,0.000005,0.998038,0.000005,0.000005
ACCCGGATGACGCATC-1,0.000031,0.000031,0.000031,0.87297,0.047425,0.079512
ACCCGGTTACACTTCC-1,0.0372,0.105474,0.000032,0.833363,0.011017,0.012916
ACCCGTGTCATCAGTA-1,0.000628,0.000023,0.000023,0.803496,0.000023,0.195807
ACCCTATAGGACTGAG-1,0.398154,0.601412,0.000038,0.000319,0.000038,0.000038
ACCCTATGCCATATCG-1,0.000025,0.006693,0.000025,0.777953,0.029677,0.185627
ACCCTCCCTTGCTATT-1,0.000024,0.000024,0.000024,0.965059,0.028336,0.006534
ACCCTGGTAACGCCCT-1,0.000031,0.000031,0.000031,0.812816,0.17952,0.007569
ACCCTTCATCTGCGAA-1,0.184294,0.000054,0.048521,0.529224,0.20953,0.028377
ACCCTTGCCTGGGTCG-1,0.000013,0.000013,0.000013,0.991188,0.00876,0.000013
ACCCTTTAGTTCTCCA-1,0.226426,0.00011,0.03695,0.066328,0.414532,0.255654
ACCGAAAGGGCCCTGC-1,0.262502,0.000243,0.000243,0.001941,0.734829,0.000243
ACCGAAGAGTCTGGTT-1,0.000015,0.237214,0.000015,0.493842,0.006537,0.262377
ACCGACACATCTCCCA-1,0.006056,0.000012,0.000012,0.990963,0.000012,0.002945
ACCGACTGAGTCCCAC-1,0.015852,0.010097,0.000025,0.940579,0.006515,0.026932
ACCGATAGGCATAACC-1,0.00001,0.013189,0.00001,0.886461,0.013789,0.086541
ACCGATATTTAATCAT-1,0.000019,0.000019,0.000019,0.822321,0.012953,0.164669
ACCGATGGTAGCATCG-1,0.00002,0.00002,0.00002,0.993075,0.001392,0.005475
ACCGCAATAACTGCCT-1,0.000012,0.014835,0.000012,0.969243,0.000012,0.015884
ACCGCGGTGGAAGTCG-1,0.000026,0.000026,0.000026,0.851706,0.015098,0.133118
ACCGGGCCTTTGTTGA-1,0.018395,0.009216,0.000037,0.967333,0.000037,0.004981
ACCGGTCAGGTACACC-1,0.000005,0.465408,0.000005,0.00004,0.000005,0.534537
ACCGGTCTGAGTACGG-1,0.000059,0.000059,0.032829,0.905962,0.061031,0.000059
ACCGTCCACTGGGCCC-1,0.016985,0.214956,0.000016,0.482612,0.275158,0.010274
ACCGTGACCACGTGGG-1,0.000013,0.05353,0.000013,0.625329,0.003446,0.317669
ACCGTTCCCGCTCTGA-1,0.086938,0.030193,0.000036,0.00029,0.769509,0.113033
ACCTAAGTACCTTTCA-1,0.000007,0.000007,0.000007,0.999964,0.000007,0.000007
ACCTAATCGACTTCCT-1,0.000072,0.000072,0.000072,0.739954,0.141576,0.118253
ACCTACAGTATGTGGT-1,0.000017,0.001457,0.000017,0.870498,0.035409,0.092603
ACCTCCGCCCTCGCTG-1,0.000024,0.000024,0.000024,0.913184,0.004094,0.082651
ACCTCCGTTATTCACC-1,0.00005,0.004608,0.00005,0.784146,0.177646,0.033499
ACCTCGAACTTATGCT-1,0.019583,0.23647,0.000016,0.101909,0.477318,0.164703
ACCTGCGTGTCATGTT-1,0.000011,0.000051,0.001295,0.998621,0.000011,0.000011
ACCTTTCCTTTAGAAG-1,0.063743,0.000109,0.000109,0.000872,0.935058,0.000109
ACGAAATGGGCGGCAC-1,0.00002,0.00151,0.00002,0.791357,0.207073,0.00002
ACGACCCATGAGTTGC-1,0.001158,0.00085,0.00134,0.949199,0.03118,0.016273
ACGACTGGTCATACTC-1,0.000021,0.0185,0.000021,0.664404,0.004577,0.312478
ACGAGAACCCATCACG-1,0.594148,0.000069,0.000069,0.007853,0.011897,0.385965
ACGAGATATTTGCTTA-1,0.057485,0.000038,0.424714,0.270589,0.203515,0.04366
ACGAGGATACCACTCT-1,0.000009,0.0764,0.000009,0.882072,0.000009,0.041501
ACGAGGTTTACAACGT-1,0.00001,0.127171,0.00001,0.550031,0.002269,0.320509
ACGAGTACGGATGCCC-1,0.000138,0.000138,0.000138,0.536344,0.346506,0.116736
ACGATACATAGAACTA-1,0.025548,0.000021,0.006404,0.844681,0.113386,0.009961
ACGATACCTATCCTGA-1,0.001571,0.488863,0.001508,0.232281,0.274269,0.001508
ACGATCATACATAGAG-1,0.014395,0.000047,0.018849,0.811496,0.085406,0.069808
ACGATCATCTTGTAAA-1,0.00002,0.00002,0.00002,0.957714,0.00002,0.042206
ACGATGCATATGTTAT-1,0.00005,0.00005,0.00005,0.905175,0.088236,0.006438
ACGATGGATCCGATGC-1,0.297668,0.000035,0.072585,0.092119,0.304308,0.233285
ACGCAAACTAATAGAT-1,0.005965,0.033555,0.000012,0.887232,0.031563,0.041672
ACGCAATCACTACAGC-1,0.000031,0.000031,0.000031,0.923254,0.047833,0.028819
ACGCATAAATGACATG-1,0.037642,0.000051,0.179221,0.490848,0.292188,0.000051
ACGCATACGTTTACTA-1,0.000015,0.000015,0.000015,0.980563,0.000015,0.019378
ACGCATTCGTGAGTAC-1,0.000221,0.011055,0.000042,0.799694,0.138972,0.050017
ACGCCAGATGATTTCT-1,0.058032,0.000036,0.00855,0.75508,0.110697,0.067606
ACGCCCAGCTGTCGAT-1,0.008851,0.010513,0.000041,0.000331,0.980223,0.000041
ACGCCGCTAGACGACC-1,0.015383,0.000025,0.000025,0.886219,0.03134,0.067009
ACGCGAAGTCAGACGA-1,0.019369,0.01274,0.000021,0.928588,0.000021,0.039261
ACGCGCTACACAGGGT-1,0.000039,0.028158,0.000039,0.937005,0.03472,0.000039
ACGCGGGCCAAGGACA-1,0.000019,0.005548,0.000019,0.977823,0.016572,0.000019
ACGCGTTTCTTAAGAG-1,0.134808,0.864572,0.000056,0.000451,0.000056,0.000056
ACGCTAGTATCAGTGC-1,0.000075,0.000075,0.02803,0.928167,0.043579,0.000075
ACGCTAGTGATACACT-1,0.013258,0.000052,0.000052,0.631514,0.14214,0.212984
ACGCTGTGAGGCGTAG-1,0.000027,0.03737,0.000027,0.873531,0.024119,0.064925
ACGCTTAGTGTCTCTC-1,0.035,0.000074,0.000074,0.000589,0.964191,0.000074
ACGGAATTTAGCAAAT-1,0.498996,0.000026,0.000026,0.011312,0.008223,0.481417
ACGGACTCTCAAAGCG-1,0.000023,0.008812,0.000023,0.933585,0.006879,0.050677
ACGGAGCGCAAATTAC-1,0.000016,0.000016,0.002355,0.967256,0.025615,0.004743
ACGGATGGTGCGGATA-1,0.000013,0.000013,0.000013,0.999937,0.000013,0.000013
ACGGCACTTGCTTGGG-1,0.000025,0.048623,0.005622,0.942975,0.000025,0.002731
ACGGCCAACATGGACT-1,0.000009,0.005001,0.000009,0.994963,0.000009,0.000009
ACGGCGACGATGGGAA-1,0.000017,0.001716,0.000017,0.941888,0.001795,0.054567
ACGGCGGGTTGCCCTG-1,0.447785,0.018137,0.000084,0.000675,0.273896,0.259423
ACGGCTGGATGTAGAA-1,0.00001,0.134753,0.00001,0.32445,0.028783,0.511994
ACGGGAGTGTCGGCCC-1,0.000015,0.000015,0.000015,0.999405,0.000015,0.000533
ACGGGCGTATGCGACA-1,0.000027,0.000027,0.000027,0.982488,0.017405,0.000027
ACGGGTCATGTGACTT-1,0.247109,0.752511,0.000035,0.000277,0.000035,0.000035
ACGTACAGATTTCTCT-1,0.254239,0.000036,0.008705,0.014303,0.722636,0.00008
ACGTAGATTGCTGATG-1,0.011951,0.000049,0.000049,0.91497,0.072932,0.000049
ACGTATTACTCCGATC-1,0.000034,0.024398,0.000034,0.569866,0.23167,0.173997
ACGTCCTAAACGAGAT-1,0.00909,0.000059,0.000059,0.000473,0.99026,0.000059
ACGTCTCGTTCCGGGA-1,0.000013,0.112041,0.000013,0.743394,0.072746,0.071795
ACGTGACAAAGTAAGT-1,0.000005,0.467088,0.000005,0.513379,0.000005,0.019518
ACGTGCGCCTCGTGCA-1,0.031627,0.012923,0.012585,0.891591,0.047267,0.004007
ACGTGGTCGAATGTGC-1,0.172075,0.256142,0.000044,0.000356,0.571338,0.000044
ACGTTAATGTCGAAGA-1,0.022921,0.011691,0.000032,0.741082,0.080886,0.143388
ACGTTAGATTTGCCCG-1,0.000024,0.004345,0.000024,0.978279,0.011862,0.005468
ACGTTATTGGTCACTC-1,0.43661,0.416603,0.000036,0.146679,0.000036,0.000036
ACGTTCCGCGCTCCGT-1,0.303922,0.000073,0.000073,0.00058,0.695281,0.000073
ACGTTCGCAATCAATT-1,0.000023,0.000023,0.000023,0.929264,0.038003,0.032664
ACGTTCGTTCAGGAAA-1,0.000019,0.006188,0.000019,0.767309,0.003284,0.223181
ACGTTTAGTTGTGATC-1,0.126388,0.000063,0.011866,0.525261,0.336359,0.000063
ACTAAGGACGCACACC-1,0.000028,0.000028,0.012853,0.643649,0.270719,0.072723
ACTAATACGTCAGGCG-1,0.095284,0.004506,0.193625,0.681677,0.024058,0.000849
ACTACATCCCGACAAG-1,0.000009,0.109079,0.000009,0.233918,0.053303,0.603682
ACTACCAGCTCTCTGG-1,0.040031,0.000077,0.000077,0.777706,0.118039,0.064071
ACTACGCGTTAGAATT-1,0.000035,0.017766,0.000035,0.611894,0.027451,0.342819
ACTAGTTGCGATCGTC-1,0.000023,0.000023,0.000023,0.882331,0.000023,0.117578
ACTATATGCTGTGTTC-1,0.000063,0.000063,0.018028,0.903161,0.078624,0.000063
ACTATCCAGGGCATGG-1,0.00005,0.00005,0.00005,0.876696,0.099241,0.023914
ACTATCTGCCCGCGTA-1,0.000012,0.003399,0.000012,0.902899,0.003021,0.090658
ACTATGTCCAGCTGCC-1,0.013869,0.22682,0.00002,0.422216,0.200207,0.136869
ACTATTCGTCCGTGGT-1,0.098533,0.000044,0.116709,0.60705,0.175691,0.001973
ACTATTTCCGGGCCCA-1,0.000013,0.020361,0.000013,0.825185,0.000772,0.153657
ACTCAACGAATGTATT-1,0.713132,0.000066,0.000066,0.08943,0.087834,0.109473
ACTCAAGTGCAAGGCT-1,0.000013,0.002597,0.000013,0.975961,0.000863,0.020554
ACTCAATAAAGGCACG-1,0.007275,0.009804,0.000024,0.808729,0.146409,0.027759
ACTCAGACCTGCTTCT-1,0.691506,0.000065,0.000065,0.000518,0.279039,0.028808
ACTCATGGCAGCCTTC-1,0.000044,0.089525,0.000044,0.462599,0.210248,0.237541
ACTCCAATATCATCAT-1,0.000013,0.018649,0.000013,0.433154,0.000393,0.547778
ACTCCCATTCCTAAAG-1,0.000007,0.010372,0.000007,0.989349,0.000007,0.000257
ACTCCCGAATTCGTTT-1,0.000067,0.005196,0.000067,0.848504,0.10269,0.043476
ACTCCCGTAGACTAGG-1,0.00003,0.00003,0.00003,0.725723,0.220535,0.053652
ACTCCCTAATGCTAAA-1,0.000102,0.028625,0.000027,0.730055,0.038901,0.202289
ACTCCCTAGAATAGTA-1,0.012223,0.000023,0.000023,0.903768,0.004386,0.079577
ACTCGATGTATTTCAT-1,0.464608,0.478996,0.000044,0.056264,0.000044,0.000044
ACTCGCGATCTGACGC-1,0.000019,0.000019,0.000019,0.999903,0.000019,0.000019
ACTCGTAACCCGTCCT-1,0.00001,0.011436,0.00001,0.972273,0.00001,0.016259
ACTCGTCAGTAATCCC-1,0.000017,0.000017,0.000017,0.913549,0.086381,0.000017
ACTCTAAACCTGGGAT-1,0.000078,0.999063,0.000078,0.000625,0.000078,0.000078
ACTCTCTGACTTAGGT-1,0.000016,0.024422,0.000016,0.975181,0.000016,0.000348
ACTCTCTTATACACGA-1,0.090721,0.000037,0.439063,0.216538,0.241326,0.012315
ACTCTTCAGCTCCCGC-1,0.000042,0.000042,0.004322,0.86935,0.11817,0.008074
ACTCTTGTATAGTAAC-1,0.017079,0.000039,0.000039,0.746815,0.209096,0.026933
ACTGAAACGCCGTTAG-1,0.000012,0.000012,0.000012,0.973989,0.011104,0.01487
ACTGAATGGCGAAAGT-1,0.017177,0.030079,0.00088,0.934517,0.01476,0.002587
ACTGATTTAGTGATTC-1,0.198112,0.000131,0.000131,0.001048,0.800446,0.000131
ACTGCCGTCGTAACTC-1,0.048056,0.000026,0.010419,0.702453,0.070727,0.16832
ACTGCGGACACACCGT-1,0.000046,0.000046,0.000046,0.831976,0.167839,0.000046
ACTGCTCGGAAGGATG-1,0.00001,0.120939,0.00001,0.797851,0.005448,0.075741
ACTGGCGAACCTGCGT-1,0.000025,0.000025,0.048609,0.80336,0.140148,0.007833
ACTGTACGATACACAT-1,0.0175,0.000042,0.000042,0.851434,0.014622,0.11636
ACTGTAGCACTTTGGA-1,0.01063,0.000059,0.000059,0.771446,0.217746,0.000059
ACTGTATACGCGAGCA-1,0.670755,0.000044,0.000044,0.028819,0.016802,0.283535
ACTGTCCAGGATTATA-1,0.016469,0.021816,0.000023,0.956673,0.000238,0.004781
ACTGTCTTCTTTAGAA-1,0.000034,0.000034,0.000034,0.758304,0.211903,0.029692
ACTGTGCTAGTAGATC-1,0.415552,0.002079,0.000035,0.000279,0.008461,0.573594
ACTGTTTAGTGTAGGC-1,0.000067,0.000067,0.000067,0.000539,0.999192,0.000067
ACTTACCGGGCGCGCA-1,0.030905,0.000024,0.128159,0.727442,0.085015,0.028455
ACTTACGCATCCACGC-1,0.021307,0.032445,0.000035,0.921106,0.020364,0.004744
ACTTAGTACGACAAGA-1,0.544564,0.000022,0.00805,0.000179,0.014859,0.432326
ACTTATACTTACCCGG-1,0.003263,0.000037,0.000037,0.77861,0.098509,0.119544
ACTTATTAGGATCGGT-1,0.000028,0.017366,0.000028,0.858032,0.124516,0.000029
ACTTATTTATGTGCCA-1,0.000011,0.006148,0.000011,0.993808,0.000011,0.000011
ACTTCAGGCTGATCCC-1,0.000022,0.016193,0.000022,0.83998,0.097249,0.046534
ACTTCCAGTGGAAGCT-1,0.000012,0.520508,0.000012,0.47092,0.000012,0.008537
ACTTCCATGCGGGACA-1,0.000026,0.000026,0.000026,0.981146,0.006008,0.012768
ACTTCCTGTCGTGCGA-1,0.122183,0.000171,0.280725,0.396842,0.199909,0.000171
ACTTCGCCATACGCAC-1,0.000074,0.000074,0.018033,0.648403,0.136213,0.197203
ACTTCGCTAGCGAGTG-1,0.008665,0.054955,0.000077,0.744675,0.191551,0.000077
ACTTGACTCCCTCTTT-1,0.008638,0.012757,0.000025,0.936326,0.017582,0.024672
ACTTGCCATATTGTAC-1,0.325748,0.036618,0.000055,0.000443,0.63708,0.000055
ACTTGGGACCCGGTGG-1,0.000035,0.017034,0.000035,0.935634,0.047226,0.000035
ACTTGTAGTCCCTTCA-1,0.000015,0.058156,0.000015,0.819236,0.009666,0.112912
ACTTGTGGATGGAACG-1,0.000009,0.00001,0.000009,0.999954,0.000009,0.000009
ACTTTACCCTCATGAA-1,0.000084,0.000084,0.000084,0.557069,0.442593,0.000084
ACTTTCCTATAGCTTC-1,0.000028,0.000028,0.000028,0.966036,0.033852,0.000028
ACTTTGACTGCATCCT-1,0.000035,0.021191,0.000035,0.865069,0.052331,0.06134
ACTTTGGTCGTGCTCC-1,0.000012,0.103588,0.000012,0.536152,0.01454,0.345697
ACTTTGTCGACGCACT-1,0.00002,0.00002,0.00002,0.75634,0.000546,0.243054
AGAAATTATGACTCGC-1,0.000013,0.000143,0.000013,0.844306,0.018055,0.137471
AGAACCCAGCGTGACA-1,0.000016,0.000016,0.000016,0.864732,0.055297,0.079923
AGAACCCTCAATTGGG-1,0.000006,0.09677,0.001314,0.661293,0.005188,0.235428
AGAACGTGGTACATTC-1,0.000033,0.000033,0.010335,0.703368,0.286198,0.000033
AGAAGAGCGCCGTTCC-1,0.000566,0.000566,0.000566,0.997172,0.000566,0.000566
AGAAGGTACACTTCAC-1,0.000008,0.089799,0.000008,0.737511,0.000008,0.172667
AGAAGGTTGCCGAATT-1,0.00002,0.001648,0.00002,0.894834,0.103458,0.00002
AGAAGTGATTCGTGAT-1,0.000011,0.002367,0.000011,0.969302,0.000513,0.027796
AGAATAAATCTTCAGG-1,0.00427,0.059168,0.000016,0.79317,0.062837,0.080539
AGAATGCGGGTTCGGA-1,0.000013,0.01455,0.053753,0.859724,0.049994,0.021966
AGAATTATGGATTCGA-1,0.000033,0.000033,0.000033,0.863155,0.133235,0.003509
AGAATTGTTTGACATA-1,0.530668,0.000015,0.149807,0.124684,0.000015,0.194812
AGACAGCTCAGAATCC-1,0.353392,0.306313,0.000041,0.333909,0.000041,0.006303
AGACAGGCATCTCAGC-1,0.000011,0.000011,0.000011,0.989941,0.000011,0.010014
AGACATAGATCCTTCC-1,0.444368,0.00014,0.00014,0.001123,0.554088,0.00014
AGACCAAACCACACCT-1,0.000009,0.121219,0.000009,0.714309,0.001519,0.162936
AGACCATGGGATACAA-1,0.128322,0.000029,0.000029,0.84391,0.027679,0.000029
AGACCCACCGCTGATC-1,0.000018,0.020259,0.000018,0.921406,0.00381,0.054488
AGACCCGCCCTCCTCG-1,0.000039,0.000039,0.006481,0.91993,0.063915,0.009596
AGACCGCTCCGCGGTT-1,0.000017,0.000017,0.000017,0.905261,0.000093,0.094595
AGACCGGGAAACCCTG-1,0.000012,0.011241,0.000012,0.988431,0.000012,0.000292
AGACGAAGTGCCGGTC-1,0.000016,0.000016,0.000016,0.938432,0.028657,0.032862
AGACGACGATGCCGCT-1,0.000009,0.009339,0.000009,0.987693,0.000009,0.002942
AGACGCCCACTTCGCC-1,0.000011,0.004472,0.000011,0.992011,0.000966,0.002529
AGACGGGATTGGTATA-1,0.015335,0.000062,0.000062,0.0005,0.983978,0.000062
AGACGGGCCGATTTAA-1,0.13069,0.000024,0.294981,0.436625,0.107165,0.030515
AGACTAGCCTTCCAGA-1,0.000071,0.000071,0.000071,0.531703,0.140651,0.327434
AGAGAACCGTCTAGGA-1,0.002776,0.000062,0.000062,0.556772,0.251646,0.188682
AGAGAAGGAGTACAAT-1,0.000011,0.002165,0.000011,0.902215,0.004711,0.090886
AGAGATCTCTAAAGCG-1,0.000016,0.006032,0.000016,0.97744,0.013068,0.003427
AGAGCAGTTATGAGAC-1,0.000016,0.003688,0.000016,0.962726,0.033538,0.000016
AGAGCCGCCGAGATTT-1,0.0159,0.000024,0.000024,0.961432,0.004379,0.018241
AGAGCGCTTGTAACGG-1,0.000018,0.000018,0.000018,0.992099,0.007828,0.000018
AGAGCGGGCTAATCAT-1,0.08842,0.000042,0.007563,0.710439,0.147672,0.045865
AGAGCGTACAAGCTCG-1,0.133803,0.00007,0.00007,0.729261,0.127225,0.00957
AGAGCTACGAAAGCAT-1,0.452569,0.396122,0.000053,0.05146,0.099742,0.000053
AGAGGCTTCGGAAACC-1,0.000008,0.000008,0.000008,0.992749,0.000008,0.007217
AGAGGGACAATTGTCC-1,0.000019,0.045227,0.187381,0.569681,0.079851,0.11784
AGAGGTATCTCGGTCC-1,0.169215,0.000067,0.000067,0.000534,0.830051,0.000067
AGAGTAAACTTCACTA-1,0.000027,0.010293,0.005916,0.845086,0.049515,0.089164
AGAGTATAGTGTTACG-1,0.000051,0.009239,0.000051,0.676842,0.244058,0.069759
AGAGTGAACAGACACC-1,0.000036,0.000036,0.05267,0.853184,0.094037,0.000036
AGAGTTAGAGACCGAT-1,0.190048,0.072814,0.101826,0.422894,0.090101,0.122317
AGAGTTGCAGGCCTCC-1,0.000038,0.065102,0.006255,0.839365,0.089202,0.000038
