Barcode,Topic 1,Topic 2,Topic 3to13
AAACAAGTATCTCCCA-1,0.000006,0.000006,0.999987
AAACAATCTACTAGCA-1,0.00027,0.00027,0.99946
AAACACCAATAACTGC-1,0.000005,0.077726,0.922269
AAACAGAGCGACTCCT-1,0.044053,0.000024,0.955923
AAACAGCTTTCAGAAG-1,0.000008,0.054984,0.945008
AAACAGGGTCTATATT-1,0.000009,0.039911,0.96008
AAACATTTCCCGGATT-1,0.000017,0.069084,0.930899
AAACCACTACACAGAT-1,0.000049,0.000049,0.999902
AAACCCGAACGAAATC-1,0.000014,0.008511,0.991475
AAACCGGAAATGTTAA-1,0.00001,0.008817,0.991173
AAACCGGGTAGGTACC-1,0.036072,0.063211,0.900717
AAACCGTTCGTCCAGG-1,0.011253,0.005603,0.983144
AAACCTCATGAAGTTG-1,0.000016,0.005534,0.99445
AAACGAAGAACATACC-1,0.003726,0.000014,0.99626
AAACGAAGATGGAGTA-1,0.000006,0.375107,0.624887
AAACGACAGTCTTGCC-1,0.000121,0.000121,0.999758
AAACGAGACGGTTGAT-1,0.000021,0.049624,0.950356
AAACGCCCGAGATCGG-1,0.273097,0.069347,0.657556
AAACGGGCGTACGGGT-1,0.000058,0.000058,0.999885
AAACGTGTTCGCCCTA-1,0.000021,0.000021,0.999958
AAACTAACGTGGCGAC-1,0.136231,0.011775,0.851993
AAACTCGTGATATAAG-1,0.000044,0.000044,0.999913
AAACTGCTGGCTCCAA-1,0.00001,0.00001,0.99998
AAACTTAATTGCACGC-1,0.0816,0.134785,0.783615
AAACTTGCAAACGTAT-1,0.000006,0.00186,0.998133
AAAGAATGACCTTAGA-1,0.034105,0.328111,0.637784
AAAGACATGAAGTTTA-1,0.103392,0.137997,0.75861
AAAGACCCAAGTCGCG-1,0.344047,0.017228,0.638725
AAAGACTGGGCGCTTT-1,0.008407,0.02013,0.971463
AAAGCTTGCCTACATA-1,0.000021,0.000021,0.999958
AAAGGCTACGGACCAT-1,0.000016,0.017888,0.982097
AAAGGCTCTCGCGCCG-1,0.000016,0.000725,0.999259
AAAGGGATGTAGCAAG-1,0.070338,0.000037,0.929625
AAAGGGCAGCTTGAAT-1,0.021051,0.000044,0.978905
AAAGGTAAGCTGTACC-1,0.000007,0.000007,0.999986
AAAGGTCAACGACATG-1,0.000137,0.000137,0.999726
AAAGTAGCATTGCTCA-1,0.00001,0.009476,0.990514
AAAGTCACTGATGTAA-1,0.102163,0.000035,0.897802
AAAGTCGACCCTCAGT-1,0.000013,0.032617,0.96737
AAAGTGCCATCAATTA-1,0.00001,0.015904,0.984086
AAAGTGTGATTTATCT-1,0.000023,0.000023,0.999954
AAAGTTGACTCCCGTA-1,0.000025,0.000025,0.999951
AAATAACCATACGGGA-1,0.027334,0.000023,0.972643
AAATAAGGTAGTGCCC-1,0.000025,0.007156,0.992819
AAATACCTATAAGCAT-1,0.000023,0.009731,0.990247
AAATAGCTTAGACTTT-1,0.000054,0.000054,0.999891
AAATAGGGTGCTATTG-1,0.015701,0.043143,0.941156
AAATCACTCCTAAACG-1,0.088207,0.00005,0.911743
AAATCGCGGAAGGAGT-1,0.000012,0.43179,0.568198
AAATCGTGTACCACAA-1,0.000027,0.044525,0.955448
AAATCTAGCCCTGCTA-1,0.000007,0.000007,0.999987
AAATGATTCGATCAGC-1,0.000027,0.000027,0.999946
AAATGCTCGTTACGTT-1,0.421366,0.000025,0.578609
AAATGGCATGTCTTGT-1,0.069515,0.000034,0.930451
AAATGGCCCGTGCCCT-1,0.000005,0.019258,0.980737
AAATGGTCAATGTGCC-1,0.016229,0.000023,0.983748
AAATGTATCTTATCCC-1,0.000855,0.597342,0.401803
AAATGTGGGTGCTCCT-1,0.008815,0.000089,0.991096
AAATTAACGGGTAGCT-1,0.020966,0.000039,0.978995
AAATTAATAAGCGCGA-1,0.092474,0.886234,0.021293
AAATTACACGACTCTG-1,0.034433,0.000026,0.96554
AAATTACCTATCGATG-1,0.020351,0.01973,0.959919
AAATTCCAGGTCCAAA-1,0.0472,0.095542,0.857258
AAATTGATAGTCCTTT-1,0.000013,0.025076,0.974911
AAATTGGTGAGAAGCA-1,0.000049,0.000049,0.999902
AAATTTACCGAAATCC-1,0.025112,0.000033,0.974855
AAATTTGCGGGTGTGG-1,0.002254,0.057754,0.939992
AACAACTGGTAGTTGC-1,0.000028,0.005691,0.994281
AACAATACATTGTCGA-1,0.00001,0.003394,0.996596
AACAATTACTCTACGC-1,0.000041,0.000041,0.999918
AACACACGCTCGCCGC-1,0.000018,0.000018,0.999964
AACACGACTGTACTGA-1,0.372132,0.000034,0.627834
AACACGAGACGCGGCC-1,0.000011,0.00062,0.999369
AACACGCGGCCGCGAA-1,0.413108,0.000031,0.586861
AACAGCTGTGTGGCAA-1,0.00001,0.003716,0.996274
AACAGGAAATCGAATA-1,0.075977,0.000551,0.923472
AACAGGATGGGCCGCG-1,0.000056,0.020406,0.979537
AACAGGTAGTATGGAT-1,0.029984,0.230007,0.740009
AACATATCAACTGGTG-1,0.000043,0.000043,0.999914
AACATCGATACGTCTA-1,0.015118,0.065209,0.919672
AACATTGTGACTCGAG-1,0.029909,0.000044,0.970047
AACCAAGACTTCTCTG-1,0.00001,0.004242,0.995748
AACCAGTATCACTCTT-1,0.144969,0.00003,0.855001
AACCATAGGGTTGAAC-1,0.069349,0.230303,0.700348
AACCATGGGATCGCTA-1,0.471621,0.000012,0.528367
AACCCAGAGACGGAGA-1,0.385601,0.000032,0.614367
AACCCATCCCATGATC-1,0.00001,0.114086,0.885904
AACCCGAGCAGAATCG-1,0.000023,0.000023,0.999954
AACCCGATAGGGCTTC-1,0.000047,0.000047,0.999906
AACCCTACTGTCAATA-1,0.000025,0.043296,0.956678
AACCCTGGTGGAACCA-1,0.322606,0.004802,0.672592
AACCGAGCTTGGTCAT-1,0.020524,0.000051,0.979425
AACCGCTAAGGGATGC-1,0.00001,0.00001,0.99998
AACCGTTGTGTTTGCT-1,0.349239,0.000043,0.650718
AACCTAAAGCCGTCCG-1,0.135867,0.023988,0.840145
AACCTCGCTTTAGCCC-1,0.00001,0.000384,0.999606
AACCTGTCACGGAATT-1,0.013621,0.025808,0.960571
AACCTTTAAATACGGT-1,0.01817,0.021674,0.960156
AACCTTTACGACGTCT-1,0.008792,0.000024,0.991184
AACGAAAGTCGTCCCA-1,0.000006,0.279645,0.72035
AACGATAATGCCGTAG-1,0.020012,0.018492,0.961496
AACGATAGAAGGGCCG-1,0.147033,0.000047,0.85292
AACGATATGTCAACTG-1,0.024911,0.000033,0.975055
AACGCATGATCTGGGT-1,0.000035,0.000035,0.999929
AACGCGAACGGCAACA-1,0.531574,0.281346,0.187081
AACGCGGTCTCCAGCC-1,0.000032,0.000032,0.999936
AACGCTGTTGCTGAAA-1,0.000006,0.002508,0.997485
AACGGACGTACGTATA-1,0.00001,0.00001,0.999979
AACGGCCATCTCCGGT-1,0.00001,0.00604,0.99395
AACGTACTGTGGGTAC-1,0.005115,0.008435,0.98645
AACGTAGTCTACCCAT-1,0.000099,0.033553,0.966348
AACGTCAGACTAGTGG-1,0.083314,0.000078,0.916608
AACGTGATGAAGGACA-1,0.134482,0.005582,0.859936
AACGTGCGAAAGTCTC-1,0.007729,0.00242,0.989851
AACGTTATCAGCACCT-1,0.424919,0.410006,0.165075
AACTACCCGTTTGTCA-1,0.00001,0.00001,0.99998
AACTAGCGTATCGCAC-1,0.238483,0.000099,0.761418
AACTAGGCTTGGGTGT-1,0.047146,0.432955,0.519899
AACTCAAGTTAATTGC-1,0.000012,0.012436,0.987552
AACTCCAGAGCGTGTT-1,0.000036,0.032217,0.967746
AACTCCTAATCCCATG-1,0.001014,0.000012,0.998974
AACTCGATGGCGCAGT-1,0.610361,0.000094,0.389546
AACTCTCAATAGAGCG-1,0.000037,0.008128,0.991836
AACTCTCAGTGTGCTC-1,0.00001,0.00001,0.999981
AACTGAGGTCAGCGTC-1,0.005744,0.00003,0.994226
AACTGAGTTATACTGA-1,0.000015,0.000015,0.999969
AACTGATATTAGGCCT-1,0.096193,0.000052,0.903755
AACTGGGTCCCGACGT-1,0.005319,0.000021,0.99466
AACTGGGTTCGAGCCG-1,0.167288,0.000381,0.832331
AACTGGTGTGGGCCTT-1,0.239475,0.00008,0.760446
AACTTCTGCGTCTATC-1,0.551682,0.000066,0.448253
AACTTGCCCGTATGCA-1,0.000035,0.007389,0.992576
AACTTGCGTTCTCGCG-1,0.550573,0.399242,0.050185
AACTTTACGGGAGCTT-1,0.266834,0.163551,0.569615
AACTTTAGCTGCTGAG-1,0.000079,0.035994,0.963927
AACTTTCTCGATCATG-1,0.000024,0.000024,0.999952
AAGAAATCACCAGATT-1,0.000027,0.000027,0.999947
AAGAAGGATCAGTTAG-1,0.476999,0.000087,0.522914
AAGACCAAATAACTCA-1,0.000258,0.178751,0.820992
AAGACCCAACTGAACA-1,0.00001,0.034332,0.965658
AAGACTAACCCGTTGT-1,0.502408,0.000131,0.497461
AAGACTCACGCCCACT-1,0.027562,0.000172,0.972266
AAGACTGCAAGCTACT-1,0.000012,0.002139,0.997849
AAGAGATGAATCGGTA-1,0.037684,0.025678,0.936637
AAGAGCTCTTTATCGG-1,0.026233,0.000043,0.973724
AAGAGGATGTACGCGA-1,0.000013,0.002664,0.997323
AAGAGGCATGGATCGC-1,0.00003,0.00859,0.99138
AAGAGGCCCTTTGGAA-1,0.001281,0.000012,0.998706
AAGATGGCACCGGACC-1,0.000012,0.004911,0.995077
AAGATTGGCGGAACGT-1,0.006445,0.000057,0.993498
AAGCACCCTGCGTATC-1,0.000016,0.004888,0.995096
AAGCATACTCTCCTGA-1,0.000023,0.000023,0.999955
AAGCCGAAGCGGTTTA-1,0.000017,0.000017,0.999966
AAGCCGCTTTACCTTG-1,0.000058,0.000058,0.999885
AAGCCGGAGAGCAGGA-1,0.000009,0.002598,0.997393
AAGCGGAGTGCGCGCA-1,0.000698,0.000031,0.99927
AAGCGGCGTCATGGGT-1,0.110062,0.023689,0.866249
AAGCGTCCCTCATCGA-1,0.000013,0.027003,0.972983
AAGCTAGATCGAGTAA-1,0.000009,0.002468,0.997523
AAGCTCGTGCCAAGTC-1,0.00002,0.006784,0.993196
AAGCTCTTTCATGGTG-1,0.012435,0.010201,0.977364
AAGGAGAACTTATAAG-1,0.169079,0.000082,0.830839
AAGGAGCGGTTGGTGC-1,0.031874,0.000042,0.968083
AAGGATCGATCGCTTG-1,0.00002,0.00002,0.999959
AAGGATGAGGGACCTC-1,0.000054,0.000054,0.999891
AAGGCAGGCTGTCTCC-1,0.000017,0.015905,0.984078
AAGGCGCGTAAAGCTT-1,0.033869,0.000037,0.966094
AAGGCTGTGCTCATCG-1,0.017429,0.000067,0.982504
AAGGGAACGACTGGCT-1,0.000005,0.142805,0.85719
AAGGGACAGATTCTGT-1,0.021696,0.000076,0.978227
AAGGGACTATGCATTC-1,0.000013,0.014869,0.985119
AAGGGTTTGATTTCAG-1,0.002024,0.002024,0.995951
AAGGTATCCTAATATA-1,0.00003,0.00003,0.999939
AAGGTGATAAACCAGC-1,0.000013,0.033616,0.966371
AAGTAGAAGACCGGGT-1,0.032109,0.000036,0.967855
AAGTAGTGACGCGAGG-1,0.000034,0.000034,0.999932
AAGTCAATTGTCGTCA-1,0.000016,0.009445,0.990539
AAGTCTAGTAGCTGCC-1,0.000097,0.000097,0.999806
AAGTCTTCTGTGGCCT-1,0.114985,0.814793,0.070222
AAGTGACGACCGAATT-1,0.000015,0.0312,0.968786
AAGTGAGTCGGGTTTA-1,0.002316,0.003757,0.993927
AAGTGCAAAGGTAGAC-1,0.244429,0.085191,0.67038
AAGTGCCTTGACTGTA-1,0.000011,0.000011,0.999978
AAGTGCGTTAGAATCT-1,0.000007,0.011525,0.988468
AAGTGTTTGGAGACGG-1,0.000012,0.006571,0.993417
AAGTTCACTCCAAGCT-1,0.000035,0.070306,0.929659
AAGTTCAGTCTGCGTA-1,0.00002,0.00002,0.99996
AAGTTCGGCCAACAGG-1,0.000011,0.016547,0.983442
AAGTTTACTAATGGCA-1,0.284352,0.00012,0.715528
AATAACAACGCTCGGC-1,0.000023,0.000023,0.999954
AATAACACTAGAACAA-1,0.001313,0.00342,0.995267
AATAAGTCCTCGAGAC-1,0.015632,0.000018,0.98435
AATAATCTTCGTATCG-1,0.000015,0.000015,0.999969
AATACAATGTTTCAGG-1,0.162163,0.021591,0.816246
AATACCGGAGGGCTGT-1,0.125355,0.043767,0.830878
AATAGAACAGAGTGGC-1,0.000014,0.000014,0.999972
AATAGAATCTGTTTCA-1,0.000015,0.000015,0.99997
AATAGCAAGCCTCCTG-1,0.003912,0.000028,0.99606
AATAGCTACCGCGTGC-1,0.000013,0.000013,0.999973
AATAGTCCGTCCCGAC-1,0.000025,0.000025,0.999951
AATAGTCGCGAGTCGG-1,0.265685,0.659771,0.074544
AATATCAAGGTCGGAT-1,0.040078,0.00006,0.959862
AATATCCTAGCAAACT-1,0.00115,0.780844,0.218005
AATATCGAATCAATGC-1,0.00001,0.00001,0.999981
AATATCGAGGGTTCTC-1,0.000059,0.000059,0.999882
AATATTGGAGTATTGA-1,0.001742,0.000807,0.997451
AATCATGTAAAGACTC-1,0.000014,0.008298,0.991689
AATCCAAGGGCCTGAG-1,0.57357,0.00003,0.4264
AATCGCCTCAGCGCCA-1,0.000025,0.006322,0.993652
AATCGCGCAGAGGACT-1,0.000027,0.000027,0.999945
AATCGGGACACTACGA-1,0.049072,0.000049,0.950879
AATCTAGGTTTACTTG-1,0.000012,0.046792,0.953196
AATCTATGCCGGAGCC-1,0.00008,0.00008,0.99984
AATCTCTACTGTGGTT-1,0.006248,0.010707,0.983045
AATCTGCGTTGGGACG-1,0.000043,0.000043,0.999913
AATCTGGCTTTCTAGT-1,0.000014,0.063805,0.936181
AATCTGGGTAGACCCT-1,0.11761,0.000177,0.882212
AATGACAGCAATGTCT-1,0.000008,0.009783,0.990209
AATGACGTAGGATGTC-1,0.012311,0.000029,0.98766
AATGACTGTCAGCCGG-1,0.031005,0.000037,0.968959
AATGAGTTCGCATATG-1,0.720919,0.062649,0.216432
AATGATGATACGCTAT-1,0.000017,0.000017,0.999966
AATGATGCGACTCCTG-1,0.000053,0.000053,0.999893
AATGCAACCGGGTACC-1,0.071396,0.000026,0.928578
AATGCACCAAGCAATG-1,0.003118,0.000026,0.996856
AATGGCCGCCAATGCG-1,0.000036,0.000036,0.999928
AATGGTCCACCGTTCA-1,0.000034,0.056343,0.943623
AATGGTTCTCACAAGC-1,0.069378,0.00006,0.930562
AATGTATGGCACTGTA-1,0.010241,0.207248,0.782512
AATGTGCCCGAGGTGT-1,0.000011,0.000011,0.999978
AATTAAAGGTCGGCGT-1,0.011017,0.009956,0.979027
AATTAACGGATTTCCA-1,0.000023,0.000023,0.999954
AATTACGAGACCCATC-1,0.000007,0.188472,0.811522
AATTACTCGTACGCTC-1,0.503688,0.486988,0.009324
AATTAGCGCTGCAGCG-1,0.008375,0.002722,0.988903
AATTCATAAGGGATCT-1,0.000017,0.000017,0.999966
AATTCATTGTCATGCA-1,0.005149,0.167322,0.827528
AATTCCAAGCATGTAC-1,0.037196,0.023433,0.939371
AATTCTAGAGTTAGGC-1,0.010162,0.021849,0.967988
AATTGAACGCTCTGGT-1,0.007284,0.000021,0.992694
AATTGCAGCAATCGAC-1,0.001675,0.011871,0.986454
AATTGTGGTTGCCAAA-1,0.000014,0.000014,0.999973
AATTTGGGACATAGTA-1,0.012235,0.000033,0.987732
AATTTGGTTCCAAAGA-1,0.424473,0.010971,0.564556
ACAAACCATGCGTCCT-1,0.004021,0.162022,0.833957
ACAAACCGACAAGGCG-1,0.240264,0.000062,0.759675
ACAAAGAAGGTAGGCC-1,0.00001,0.449639,0.55035
ACAAAGCATGACCTAG-1,0.00002,0.001066,0.998914
ACAAATCGCACCGAAT-1,0.00001,0.009159,0.990831
ACAAATGGTAGTGTTT-1,0.000012,0.034386,0.965602
ACAAATTCAGATCTGA-1,0.040821,0.011515,0.947663
ACAACAGCATGAGCTA-1,0.047754,0.000041,0.952205
ACAACGGTCCCTGCGA-1,0.014229,0.000023,0.985748
ACAAGCAGTGCCTAGC-1,0.000032,0.000368,0.999601
ACAAGCTATATGGAAG-1,0.001202,0.36748,0.631318
ACAAGGAAATCCGCCC-1,0.006768,0.008507,0.984725
ACAAGGACAAGAGGTT-1,0.000863,0.000032,0.999105
ACAAGGATGCTTTAGG-1,0.000026,0.009013,0.990961
ACAAGGCCTACCAGCC-1,0.000101,0.000101,0.999798
ACAAGGGCAGGCTCTG-1,0.000015,0.000482,0.999504
ACAATAGTCGTACGTT-1,0.000016,0.004785,0.9952
ACAATCCATTTAAACC-1,0.000015,0.000015,0.999969
ACAATCGATCTTTATA-1,0.147146,0.000077,0.852776
ACAATGAATACGGAGA-1,0.000007,0.003502,0.996491
ACAATGATTCTTCTAC-1,0.116545,0.000035,0.88342
ACAATTGTGTCTCTTT-1,0.00756,0.031403,0.961037
ACAATTTAGGAGGCTC-1,0.127039,0.050598,0.822363
ACAATTTGAGCAGTGG-1,0.01563,0.000044,0.984326
ACAATTTGGCCATATT-1,0.000013,0.000013,0.999973
ACACAAAGACGGGTGG-1,0.000023,0.000023,0.999953
ACACAAATATTCCTAG-1,0.000022,0.000022,0.999956
ACACACCAGGACCAGT-1,0.000032,0.006314,0.993654
ACACACTTTCTACACG-1,0.179478,0.015798,0.804724
ACACATGATCAAATCT-1,0.000009,0.20351,0.796481
ACACATTGACGCAACA-1,0.471028,0.361454,0.167518
ACACCACATAATTAGC-1,0.000041,0.000041,0.999919
ACACCCAGCATGCAGC-1,0.016913,0.000035,0.983052
ACACCCGAGAAATCCG-1,0.115905,0.000047,0.884048
ACACCCGTAAATCTGT-1,0.000085,0.000085,0.999831
ACACCGAGCGCTCTTT-1,0.002248,0.974481,0.023271
ACACCGGTCTGACCGC-1,0.062851,0.261085,0.676064
ACACCTTAAGTAGGGC-1,0.058379,0.000058,0.941562
ACACCTTACTACTTGC-1,0.000022,0.000022,0.999956
ACACGAGACTCCTTCT-1,0.000022,0.000022,0.999956
ACACGGCACTATGCAT-1,0.126141,0.000047,0.873812
ACACGGGAACTTAGGG-1,0.006252,0.000062,0.993686
ACACGTAGGCCACAAG-1,0.000007,0.001109,0.998884
ACACTCCAATGTCACT-1,0.449036,0.075392,0.475572
ACACTGATCAAGGTGT-1,0.000018,0.000018,0.999963
ACACTGGGACAGTCGT-1,0.000023,0.00316,0.996817
ACAGAACTGAGAACAA-1,0.000006,0.042355,0.957639
ACAGATTAGGTTAGTG-1,0.192648,0.000095,0.807257
ACAGCATAGAGCCAGT-1,0.119547,0.126383,0.75407
ACAGCGACATTCTCAT-1,0.017869,0.027245,0.954886
ACAGCGCACCCGCAGC-1,0.050317,0.000037,0.949646
ACAGGCTTGCCCGACT-1,0.001362,0.094008,0.90463
ACAGGTGGAGGTGAGG-1,0.000015,0.00005,0.999935
ACAGGTGTGTTGTTGC-1,0.003077,0.003077,0.993846
ACAGTAATACAACTTG-1,0.000011,0.018811,0.981178
ACAGTATACCGTGGGA-1,0.002262,0.000026,0.997713
ACAGTGCAGCGCATTT-1,0.041418,0.000226,0.958356
ACATAAGTCGTGGTGA-1,0.000009,0.299881,0.70011
ACATAATAAGGCGGTG-1,0.019073,0.00003,0.980897
ACATCAGCTGGGACGC-1,0.000035,0.056157,0.943808
ACATCCCGGCCATACG-1,0.000023,0.000023,0.999954
ACATCCTGGTAACTGT-1,0.00977,0.000229,0.990001
ACATCGATCGTTTACC-1,0.036631,0.000049,0.96332
ACATCGGTCAGCCGCG-1,0.01507,0.000785,0.984145
ACATCGTATGCAATGG-1,0.00811,0.000019,0.991871
ACATCGTTAACCTAGT-1,0.403164,0.59653,0.000306
ACATCTCAACGCGTAA-1,0.158699,0.000049,0.841252
ACATGGCGCCAAAGTA-1,0.00001,0.006905,0.993085
ACATGGCTCAATTTAG-1,0.56122,0.32668,0.1121
ACATTAGTTTATATCC-1,0.00003,0.009107,0.990862
ACCAAACACCCAGCGA-1,0.000042,0.000042,0.999917
ACCAAACTAGAAATCC-1,0.009322,0.016858,0.97382
ACCAACACCACACACT-1,0.000011,0.000011,0.999978
ACCAACGCTTATTTAT-1,0.000026,0.003149,0.996825
ACCAAGAACGCGTGTC-1,0.084582,0.000038,0.915381
ACCAATATGCAAGTTA-1,0.000016,0.005613,0.994371
ACCACAACTCAGAACA-1,0.114445,0.000045,0.88551
ACCACAAGTTTCTATC-1,0.000022,0.000022,0.999956
ACCACCAATGTAACAA-1,0.003899,0.000025,0.996076
ACCACCCTCTCTTCTA-1,0.000025,0.002651,0.997323
ACCACGTGCAGCTATA-1,0.013402,0.008575,0.978023
ACCACTGTTCAAGAAG-1,0.29896,0.562148,0.138892
ACCAGACCATAACAAC-1,0.044489,0.70331,0.2522
ACCAGCCCGGTCTTTG-1,0.056826,0.000067,0.943107
ACCAGGAGTGTGATCT-1,0.155991,0.000146,0.843863
ACCAGTGCCCGGTCAA-1,0.057158,0.000262,0.94258
ACCAGTGCGGGAGACG-1,0.004817,0.002775,0.992408
ACCATATCCGCAATAA-1,0.054147,0.000044,0.945808
ACCATCCGCCAACTAG-1,0.000009,0.019712,0.980278
ACCATCGTATATGGTA-1,0.000039,0.07749,0.922471
ACCATTAAGGGTGTCA-1,0.011393,0.987327,0.00128
ACCCAACGCCCGTGGC-1,0.000068,0.000068,0.999864
ACCCACCTACATGCTC-1,0.003366,0.000034,0.9966
ACCCATCTTGAGGGTA-1,0.031273,0.014926,0.953801
ACCCATTTGTCCCTCT-1,0.000044,0.033525,0.966431
ACCCGAGCGAAATTAC-1,0.00001,0.002816,0.997174
ACCCGGAAACTCCCAG-1,0.000016,0.000207,0.999777
ACCCGGAGCACCACAA-1,0.000005,0.001941,0.998053
ACCCGGATGACGCATC-1,0.000031,0.000031,0.999937
ACCCGGTTACACTTCC-1,0.0372,0.105474,0.857327
ACCCGTGTCATCAGTA-1,0.000628,0.000023,0.999349
ACCCTATAGGACTGAG-1,0.398154,0.601412,0.000434
ACCCTATGCCATATCG-1,0.000025,0.006693,0.993282
ACCCTCCCTTGCTATT-1,0.000024,0.000024,0.999953
ACCCTGGTAACGCCCT-1,0.000031,0.000031,0.999937
ACCCTTCATCTGCGAA-1,0.184294,0.000054,0.815652
ACCCTTGCCTGGGTCG-1,0.000013,0.000013,0.999974
ACCCTTTAGTTCTCCA-1,0.226426,0.00011,0.773463
ACCGAAAGGGCCCTGC-1,0.262502,0.000243,0.737256
ACCGAAGAGTCTGGTT-1,0.000015,0.237214,0.762771
ACCGACACATCTCCCA-1,0.006056,0.000012,0.993932
ACCGACTGAGTCCCAC-1,0.015852,0.010097,0.974051
ACCGATAGGCATAACC-1,0.00001,0.013189,0.986801
ACCGATATTTAATCAT-1,0.000019,0.000019,0.999962
ACCGATGGTAGCATCG-1,0.00002,0.00002,0.999961
ACCGCAATAACTGCCT-1,0.000012,0.014835,0.985152
ACCGCGGTGGAAGTCG-1,0.000026,0.000026,0.999948
ACCGGGCCTTTGTTGA-1,0.018395,0.009216,0.972389
ACCGGTCAGGTACACC-1,0.000005,0.465408,0.534587
ACCGGTCTGAGTACGG-1,0.000059,0.000059,0.999881
ACCGTCCACTGGGCCC-1,0.016985,0.214956,0.768059
ACCGTGACCACGTGGG-1,0.000013,0.05353,0.946457
ACCGTTCCCGCTCTGA-1,0.086938,0.030193,0.882868
ACCTAAGTACCTTTCA-1,0.000007,0.000007,0.999986
ACCTAATCGACTTCCT-1,0.000072,0.000072,0.999855
ACCTACAGTATGTGGT-1,0.000017,0.001457,0.998527
ACCTCCGCCCTCGCTG-1,0.000024,0.000024,0.999952
ACCTCCGTTATTCACC-1,0.00005,0.004608,0.995342
ACCTCGAACTTATGCT-1,0.019583,0.23647,0.743947
ACCTGCGTGTCATGTT-1,0.000011,0.000051,0.999938
ACCTTTCCTTTAGAAG-1,0.063743,0.000109,0.936148
ACGAAATGGGCGGCAC-1,0.00002,0.00151,0.99847
ACGACCCATGAGTTGC-1,0.001158,0.00085,0.997992
ACGACTGGTCATACTC-1,0.000021,0.0185,0.98148
ACGAGAACCCATCACG-1,0.594148,0.000069,0.405783
ACGAGATATTTGCTTA-1,0.057485,0.000038,0.942478
ACGAGGATACCACTCT-1,0.000009,0.0764,0.923591
ACGAGGTTTACAACGT-1,0.00001,0.127171,0.872819
ACGAGTACGGATGCCC-1,0.000138,0.000138,0.999724
ACGATACATAGAACTA-1,0.025548,0.000021,0.974431
ACGATACCTATCCTGA-1,0.001571,0.488863,0.509566
ACGATCATACATAGAG-1,0.014395,0.000047,0.985558
ACGATCATCTTGTAAA-1,0.00002,0.00002,0.99996
ACGATGCATATGTTAT-1,0.00005,0.00005,0.9999
ACGATGGATCCGATGC-1,0.297668,0.000035,0.702297
ACGCAAACTAATAGAT-1,0.005965,0.033555,0.96048
ACGCAATCACTACAGC-1,0.000031,0.000031,0.999937
ACGCATAAATGACATG-1,0.037642,0.000051,0.962307
ACGCATACGTTTACTA-1,0.000015,0.000015,0.999971
ACGCATTCGTGAGTAC-1,0.000221,0.011055,0.988724
ACGCCAGATGATTTCT-1,0.058032,0.000036,0.941933
ACGCCCAGCTGTCGAT-1,0.008851,0.010513,0.980636
ACGCCGCTAGACGACC-1,0.015383,0.000025,0.984592
ACGCGAAGTCAGACGA-1,0.019369,0.01274,0.967892
ACGCGCTACACAGGGT-1,0.000039,0.028158,0.971803
ACGCGGGCCAAGGACA-1,0.000019,0.005548,0.994433
ACGCGTTTCTTAAGAG-1,0.134808,0.864572,0.00062
ACGCTAGTATCAGTGC-1,0.000075,0.000075,0.999851
ACGCTAGTGATACACT-1,0.013258,0.000052,0.98669
ACGCTGTGAGGCGTAG-1,0.000027,0.03737,0.962602
ACGCTTAGTGTCTCTC-1,0.035,0.000074,0.964927
ACGGAATTTAGCAAAT-1,0.498996,0.000026,0.500978
ACGGACTCTCAAAGCG-1,0.000023,0.008812,0.991164
ACGGAGCGCAAATTAC-1,0.000016,0.000016,0.999969
ACGGATGGTGCGGATA-1,0.000013,0.000013,0.999975
ACGGCACTTGCTTGGG-1,0.000025,0.048623,0.951353
ACGGCCAACATGGACT-1,0.000009,0.005001,0.99499
ACGGCGACGATGGGAA-1,0.000017,0.001716,0.998267
ACGGCGGGTTGCCCTG-1,0.447785,0.018137,0.534078
ACGGCTGGATGTAGAA-1,0.00001,0.134753,0.865237
ACGGGAGTGTCGGCCC-1,0.000015,0.000015,0.999969
ACGGGCGTATGCGACA-1,0.000027,0.000027,0.999947
ACGGGTCATGTGACTT-1,0.247109,0.752511,0.00038
ACGTACAGATTTCTCT-1,0.254239,0.000036,0.745725
ACGTAGATTGCTGATG-1,0.011951,0.000049,0.988
ACGTATTACTCCGATC-1,0.000034,0.024398,0.975568
ACGTCCTAAACGAGAT-1,0.00909,0.000059,0.990851
ACGTCTCGTTCCGGGA-1,0.000013,0.112041,0.887947
ACGTGACAAAGTAAGT-1,0.000005,0.467088,0.532907
ACGTGCGCCTCGTGCA-1,0.031627,0.012923,0.95545
ACGTGGTCGAATGTGC-1,0.172075,0.256142,0.571783
ACGTTAATGTCGAAGA-1,0.022921,0.011691,0.965389
ACGTTAGATTTGCCCG-1,0.000024,0.004345,0.995632
ACGTTATTGGTCACTC-1,0.43661,0.416603,0.146787
ACGTTCCGCGCTCCGT-1,0.303922,0.000073,0.696006
ACGTTCGCAATCAATT-1,0.000023,0.000023,0.999954
ACGTTCGTTCAGGAAA-1,0.000019,0.006188,0.993793
ACGTTTAGTTGTGATC-1,0.126388,0.000063,0.873549
ACTAAGGACGCACACC-1,0.000028,0.000028,0.999943
ACTAATACGTCAGGCG-1,0.095284,0.004506,0.900209
ACTACATCCCGACAAG-1,0.000009,0.109079,0.890912
ACTACCAGCTCTCTGG-1,0.040031,0.000077,0.959892
ACTACGCGTTAGAATT-1,0.000035,0.017766,0.982199
ACTAGTTGCGATCGTC-1,0.000023,0.000023,0.999955
ACTATATGCTGTGTTC-1,0.000063,0.000063,0.999875
ACTATCCAGGGCATGG-1,0.00005,0.00005,0.9999
ACTATCTGCCCGCGTA-1,0.000012,0.003399,0.99659
ACTATGTCCAGCTGCC-1,0.013869,0.22682,0.759311
ACTATTCGTCCGTGGT-1,0.098533,0.000044,0.901423
ACTATTTCCGGGCCCA-1,0.000013,0.020361,0.979626
ACTCAACGAATGTATT-1,0.713132,0.000066,0.286802
ACTCAAGTGCAAGGCT-1,0.000013,0.002597,0.997391
ACTCAATAAAGGCACG-1,0.007275,0.009804,0.982921
ACTCAGACCTGCTTCT-1,0.691506,0.000065,0.308429
ACTCATGGCAGCCTTC-1,0.000044,0.089525,0.910431
ACTCCAATATCATCAT-1,0.000013,0.018649,0.981338
ACTCCCATTCCTAAAG-1,0.000007,0.010372,0.98962
ACTCCCGAATTCGTTT-1,0.000067,0.005196,0.994737
ACTCCCGTAGACTAGG-1,0.00003,0.00003,0.99994
ACTCCCTAATGCTAAA-1,0.000102,0.028625,0.971273
ACTCCCTAGAATAGTA-1,0.012223,0.000023,0.987754
ACTCGATGTATTTCAT-1,0.464608,0.478996,0.056396
ACTCGCGATCTGACGC-1,0.000019,0.000019,0.999961
ACTCGTAACCCGTCCT-1,0.00001,0.011436,0.988554
ACTCGTCAGTAATCCC-1,0.000017,0.000017,0.999965
ACTCTAAACCTGGGAT-1,0.000078,0.999063,0.000859
ACTCTCTGACTTAGGT-1,0.000016,0.024422,0.975561
ACTCTCTTATACACGA-1,0.090721,0.000037,0.909242
ACTCTTCAGCTCCCGC-1,0.000042,0.000042,0.999915
ACTCTTGTATAGTAAC-1,0.017079,0.000039,0.982883
ACTGAAACGCCGTTAG-1,0.000012,0.000012,0.999975
ACTGAATGGCGAAAGT-1,0.017177,0.030079,0.952744
ACTGATTTAGTGATTC-1,0.198112,0.000131,0.801757
ACTGCCGTCGTAACTC-1,0.048056,0.000026,0.951918
ACTGCGGACACACCGT-1,0.000046,0.000046,0.999907
ACTGCTCGGAAGGATG-1,0.00001,0.120939,0.87905
ACTGGCGAACCTGCGT-1,0.000025,0.000025,0.99995
ACTGTACGATACACAT-1,0.0175,0.000042,0.982458
ACTGTAGCACTTTGGA-1,0.01063,0.000059,0.989311
ACTGTATACGCGAGCA-1,0.670755,0.000044,0.329201
ACTGTCCAGGATTATA-1,0.016469,0.021816,0.961715
ACTGTCTTCTTTAGAA-1,0.000034,0.000034,0.999933
ACTGTGCTAGTAGATC-1,0.415552,0.002079,0.58237
ACTGTTTAGTGTAGGC-1,0.000067,0.000067,0.999865
ACTTACCGGGCGCGCA-1,0.030905,0.000024,0.969071
ACTTACGCATCCACGC-1,0.021307,0.032445,0.946248
ACTTAGTACGACAAGA-1,0.544564,0.000022,0.455414
ACTTATACTTACCCGG-1,0.003263,0.000037,0.9967
ACTTATTAGGATCGGT-1,0.000028,0.017366,0.982606
ACTTATTTATGTGCCA-1,0.000011,0.006148,0.993841
ACTTCAGGCTGATCCC-1,0.000022,0.016193,0.983785
ACTTCCAGTGGAAGCT-1,0.000012,0.520508,0.47948
ACTTCCATGCGGGACA-1,0.000026,0.000026,0.999948
ACTTCCTGTCGTGCGA-1,0.122183,0.000171,0.877646
ACTTCGCCATACGCAC-1,0.000074,0.000074,0.999853
ACTTCGCTAGCGAGTG-1,0.008665,0.054955,0.93638
ACTTGACTCCCTCTTT-1,0.008638,0.012757,0.978605
ACTTGCCATATTGTAC-1,0.325748,0.036618,0.637634
ACTTGGGACCCGGTGG-1,0.000035,0.017034,0.98293
ACTTGTAGTCCCTTCA-1,0.000015,0.058156,0.941829
ACTTGTGGATGGAACG-1,0.000009,0.00001,0.999981
ACTTTACCCTCATGAA-1,0.000084,0.000084,0.999831
ACTTTCCTATAGCTTC-1,0.000028,0.000028,0.999944
ACTTTGACTGCATCCT-1,0.000035,0.021191,0.978774
ACTTTGGTCGTGCTCC-1,0.000012,0.103588,0.8964
ACTTTGTCGACGCACT-1,0.00002,0.00002,0.99996
AGAAATTATGACTCGC-1,0.000013,0.000143,0.999845
AGAACCCAGCGTGACA-1,0.000016,0.000016,0.999968
AGAACCCTCAATTGGG-1,0.000006,0.09677,0.903224
AGAACGTGGTACATTC-1,0.000033,0.000033,0.999934
AGAAGAGCGCCGTTCC-1,0.000566,0.000566,0.998869
AGAAGGTACACTTCAC-1,0.000008,0.089799,0.910194
AGAAGGTTGCCGAATT-1,0.00002,0.001648,0.998332
AGAAGTGATTCGTGAT-1,0.000011,0.002367,0.997622
AGAATAAATCTTCAGG-1,0.00427,0.059168,0.936562
AGAATGCGGGTTCGGA-1,0.000013,0.01455,0.985437
AGAATTATGGATTCGA-1,0.000033,0.000033,0.999933
AGAATTGTTTGACATA-1,0.530668,0.000015,0.469317
AGACAGCTCAGAATCC-1,0.353392,0.306313,0.340295
AGACAGGCATCTCAGC-1,0.000011,0.000011,0.999978
AGACATAGATCCTTCC-1,0.444368,0.00014,0.555492
AGACCAAACCACACCT-1,0.000009,0.121219,0.878772
AGACCATGGGATACAA-1,0.128322,0.000029,0.871648
AGACCCACCGCTGATC-1,0.000018,0.020259,0.979723
AGACCCGCCCTCCTCG-1,0.000039,0.000039,0.999922
AGACCGCTCCGCGGTT-1,0.000017,0.000017,0.999965
AGACCGGGAAACCCTG-1,0.000012,0.011241,0.988747
AGACGAAGTGCCGGTC-1,0.000016,0.000016,0.999968
AGACGACGATGCCGCT-1,0.000009,0.009339,0.990652
AGACGCCCACTTCGCC-1,0.000011,0.004472,0.995517
AGACGGGATTGGTATA-1,0.015335,0.000062,0.984603
AGACGGGCCGATTTAA-1,0.13069,0.000024,0.869285
AGACTAGCCTTCCAGA-1,0.000071,0.000071,0.999859
AGAGAACCGTCTAGGA-1,0.002776,0.000062,0.997162
AGAGAAGGAGTACAAT-1,0.000011,0.002165,0.997824
AGAGATCTCTAAAGCG-1,0.000016,0.006032,0.993952
AGAGCAGTTATGAGAC-1,0.000016,0.003688,0.996296
AGAGCCGCCGAGATTT-1,0.0159,0.000024,0.984076
AGAGCGCTTGTAACGG-1,0.000018,0.000018,0.999963
AGAGCGGGCTAATCAT-1,0.08842,0.000042,0.911539
AGAGCGTACAAGCTCG-1,0.133803,0.00007,0.866127
AGAGCTACGAAAGCAT-1,0.452569,0.396122,0.151309
AGAGGCTTCGGAAACC-1,0.000008,0.000008,0.999983
AGAGGGACAATTGTCC-1,0.000019,0.045227,0.954754
AGAGGTATCTCGGTCC-1,0.169215,0.000067,0.830718
AGAGTAAACTTCACTA-1,0.000027,0.010293,0.98968
AGAGTATAGTGTTACG-1,0.000051,0.009239,0.99071
AGAGTGAACAGACACC-1,0.000036,0.000036,0.999927
AGAGTTAGAGACCGAT-1,0.190048,0.072814,0.737138
AGAGTTGCAGGCCTCC-1,0.000038,0.065102,0.93486
AGATAACTTCAGGGCC-1,0.000046,0.000046,0.999907
AGATACCAATAGAACC-1,0.000014,0.003956,0.99603
AGATACCAGCACTTCA-1,0.000031,0.033434,0.966535
AGATACCGGTGTTCAC-1,0.000031,0.000031,0.999937
AGATACGACTTCATAT-1,0.628997,0.253888,0.117115
AGATACTCAAGATCGA-1,0.007788,0.004962,0.98725
AGATATAATACGACTA-1,0.023093,0.14013,0.836777
AGATCGTGCATAAGAT-1,0.00001,0.014395,0.985595
AGATCTCAGGTGTGAT-1,0.00823,0.000036,0.991734
AGATGACTCGCCCACG-1,0.023792,0.00005,0.976158
AGATGAGGGTTGCGAT-1,0.000026,0.000026,0.999948
AGATGATGGAGTCTGG-1,0.000088,0.000088,0.999825
AGATGCAAGACGTGCA-1,0.000007,0.020652,0.979341
AGATGCATCCTGTGTC-1,0.00001,0.212075,0.787916
AGATGCTATAACGAGC-1,0.339082,0.660422,0.000496
AGATTATAGGACGTTT-1,0.026628,0.000046,0.973326
AGATTCAAGCGGGTCG-1,0.00026,0.00026,0.99948
AGATTCACAACCGATA-1,0.000009,0.065801,0.93419
AGCAAAGGCCGCTAGT-1,0.000012,0.017435,0.982553
AGCAACATATCTTATT-1,0.000016,0.000016,0.999968
AGCAACCGAAAGTAAT-1,0.000005,0.046203,0.953792
AGCACCAGTACTCACG-1,0.000045,0.005363,0.994592
AGCACTACCGGCCTGT-1,0.017858,0.000035,0.982108
AGCACTACCTCACCAG-1,0.000023,0.000023,0.999953
AGCACTTAAGGACGCC-1,0.058232,0.025735,0.916034
AGCAGAAGGAGAAAGA-1,0.011236,0.158253,0.830511
AGCAGCCAGATGAATA-1,0.000018,0.026598,0.973384
AGCATATCAATATGCT-1,0.000018,0.000018,0.999964
AGCATCATTTCGAAAG-1,0.00001,0.051269,0.948722
AGCATCGTCGATAATT-1,0.000035,0.000035,0.99993
AGCCAAGCTTTGTGTC-1,0.026699,0.040553,0.932748
AGCCACAGGTTACCCG-1,0.000039,0.000039,0.999922
AGCCACTCCCGTGCTT-1,0.000029,0.000029,0.999942
AGCCCATACATGTAAG-1,0.011524,0.000062,0.988414
AGCCCGGTAGCCTGTA-1,0.000022,0.035108,0.96487
AGCCCTAAGCGAAGTT-1,0.081689,0.000039,0.918272
AGCCCTGTCGCACCGT-1,0.000027,0.000027,0.999946
AGCCCTTCTAATCCGA-1,0.000038,0.000038,0.999923
AGCCCTTGGACATCCC-1,0.000014,0.002479,0.997507
AGCCGCAAATTCAAAT-1,0.029862,0.969526,0.000611
AGCCGTGGCTAAATGT-1,0.000009,0.017382,0.982609
AGCCTAATACCCACGT-1,0.000008,0.054207,0.945785
AGCCTTAAAGCGGAAG-1,0.59688,0.020221,0.382899
AGCGACAGGAACGGTC-1,0.000011,0.015939,0.98405
AGCGACATCCCATTCA-1,0.040084,0.004479,0.955437
AGCGACCAACGATATT-1,0.000024,0.006004,0.993971
AGCGATGCGCCTAATA-1,0.000015,0.000015,0.99997
AGCGCATAATGAATCG-1,0.000018,0.000247,0.999735
AGCGCGGGTGCCAATG-1,0.015368,0.000045,0.984587
AGCGCTAGAGCGATGT-1,0.000039,0.000039,0.999922
AGCGCTTATGGGCAAG-1,0.247251,0.025989,0.726759
AGCGGACACTTCGTAG-1,0.000019,0.000019,0.999963
AGCGGCGGTTAGCGGT-1,0.000008,0.086752,0.913241
AGCGGGAAGGGTCCAT-1,0.480354,0.000047,0.519599
AGCGGTTGAGATGTAC-1,0.211281,0.000385,0.788334
AGCGGTTGCCGCTCTG-1,0.000028,0.016179,0.983792
AGCGTACGAGAGCTAG-1,0.395491,0.21071,0.393799
AGCGTCTGAACCCGCA-1,0.45651,0.057514,0.485975
AGCGTGGTATTCTACT-1,0.000015,0.002435,0.99755
AGCGTTCCGATTTAAA-1,0.298095,0.000152,0.701753
AGCTAACAAGCAATGT-1,0.000009,0.011175,0.988816
AGCTAGAAGCAGAAGT-1,0.000042,0.000042,0.999915
AGCTATTTAATCCAAC-1,0.092856,0.000028,0.907115
AGCTCCATATATGTTC-1,0.016394,0.005448,0.978158
AGCTCCTTCGCACATC-1,0.000732,0.008719,0.990549
AGCTCGTTGATGGAAA-1,0.004596,0.000027,0.995377
AGCTCTAGACGTTCCA-1,0.000015,0.001883,0.998102
AGCTCTTCCCAGTGCA-1,0.000027,0.000027,0.999946
AGCTCTTCGTAACCTT-1,0.000027,0.000027,0.999946
AGCTCTTTACTCAGTT-1,0.00004,0.011166,0.988793
AGCTGAAGTAAACCAA-1,0.031696,0.000024,0.96828
AGCTGCATTTGAGGTG-1,0.249237,0.000372,0.750392
AGCTGCTGTGCCGAAT-1,0.040652,0.000154,0.959194
AGCTGTAACCTCAATC-1,0.000006,0.009659,0.990335
AGCTTATAGAGACCTG-1,0.282532,0.000057,0.717411
AGCTTCAATACTTTGA-1,0.147744,0.00009,0.852165
AGCTTGATCTTAACTT-1,0.000032,0.007031,0.992937
AGGAACGAACGACTTC-1,0.000016,0.000016,0.999969
AGGAAGCTGTCCGCCG-1,0.000018,0.000018,0.999963
AGGACAGTCGAATCCC-1,0.014435,0.023925,0.96164
AGGACATCGCACGTCG-1,0.231994,0.000038,0.767968
AGGACGACCCATTAGA-1,0.000017,0.000017,0.999967
AGGACGCTCGATGTTG-1,0.000045,0.000045,0.99991
AGGACTTATAGGAGAA-1,0.030853,0.940828,0.02832
AGGAGACATCCACAGT-1,0.003497,0.197624,0.79888
AGGAGAGTCTGGCTAC-1,0.000065,0.000065,0.99987
AGGAGGCCTTCGCGCG-1,0.000013,0.000013,0.999975
AGGATAAAGTCGGGAT-1,0.000017,0.020437,0.979545
AGGATATAGGGATTTA-1,0.000025,0.030954,0.969021
AGGATCACGCGATCTG-1,0.000008,0.017184,0.982808
AGGATTGCTTACGACA-1,0.000031,0.000031,0.999938
AGGCACGTGACTGTCC-1,0.000012,0.016582,0.983406
AGGCAGATGCGTAAAC-1,0.070835,0.03239,0.896774
AGGCAGGGAGCGTACT-1,0.000016,0.002721,0.997263
AGGCATTGTCGTAGGG-1,0.000007,0.000007,0.999987
AGGCCACATTGGTTAC-1,0.000018,0.000018,0.999965
AGGCCACCCGTTATGA-1,0.000038,0.000038,0.999924
AGGCCCAGTGACTGGT-1,0.516716,0.322171,0.161113
AGGCCCATTGTACAGG-1,0.191937,0.000063,0.808
AGGCCCTAGAACGCCA-1,0.000007,0.005032,0.994961
AGGCCTGAGAATCTCG-1,0.000012,0.002518,0.99747
AGGCGATAACTGGCGT-1,0.000014,0.000014,0.999972
AGGCGGTTTGTCCCGC-1,0.000009,0.149538,0.850453
AGGCGTCTATGGACGG-1,0.000073,0.000073,0.999853
AGGCTATGGTTAGCTT-1,0.040733,0.000086,0.959181
AGGCTTCCCGAAGAAG-1,0.000015,0.00456,0.995426
AGGCTTGCTAGACACC-1,0.152075,0.0378,0.810125
AGGGAAACGAGGTACT-1,0.002591,0.000025,0.997383
AGGGACAGCACGGCGG-1,0.086113,0.000086,0.9138
AGGGACCGGCTGCGTT-1,0.00007,0.052847,0.947083
AGGGACTCTACGCGAC-1,0.000023,0.009927,0.99005
AGGGAGACATACTTCG-1,0.000051,0.000051,0.999899
AGGGCAGCGGCGTGGT-1,0.424199,0.000026,0.575775
AGGGCCCTAATGTTCT-1,0.000014,0.011734,0.988252
AGGGCGAGCAGCTGAT-1,0.000012,0.005424,0.994564
AGGGCGTGATCGGCTA-1,0.194882,0.000065,0.805053
AGGGCTGCAGTTACAG-1,0.02015,0.000027,0.979823
AGGGTCAGAGCACTCG-1,0.064887,0.065322,0.86979
AGGGTCAGTAACCCTA-1,0.014717,0.000022,0.985261
AGGGTCGATGCGAACT-1,0.000022,0.00547,0.994508
AGGGTGCTCTCGAGGG-1,0.000028,0.021256,0.978716
AGGGTGGATAGTGCAT-1,0.106244,0.011716,0.88204
AGGGTGTGCTACACGC-1,0.114903,0.000074,0.885023
AGGGTTCCCTTTGGTT-1,0.00008,0.00008,0.99984
AGGGTTTAGTTCGGGA-1,0.000045,0.008008,0.991947
AGGTAACCTCCTATTC-1,0.494157,0.027097,0.478745
AGGTACGATATTGCCA-1,0.031402,0.000032,0.968565
AGGTAGATCGAGATAT-1,0.000007,0.001416,0.998578
AGGTAGGTACAAAGCT-1,0.000021,0.027686,0.972293
AGGTATAATTGATAGT-1,0.000025,0.000025,0.999949
AGGTATGCGGACATTA-1,0.000058,0.000058,0.999884
AGGTCAGGTGAGAGTG-1,0.000007,0.000007,0.999987
AGGTCGCCTCCCAACA-1,0.000015,0.009103,0.990882
AGGTCGCGGAGTTACT-1,0.000034,0.000034,0.999933
AGGTGGTGACCTTCGC-1,0.00009,0.080316,0.919593
AGGTGTATCGCCATGA-1,0.000023,0.002453,0.997524
AGGTGTTGCCGACCAC-1,0.00001,0.009112,0.990878
AGGTTACACCATGCCG-1,0.00003,0.00003,0.999941
AGGTTGAGGCACGCTT-1,0.028141,0.00004,0.971819
AGGTTTCACACACCTT-1,0.007173,0.000218,0.992609
AGTAACGTTCATCCTG-1,0.060633,0.000079,0.939288
AGTAATGTCTTGCCGC-1,0.109719,0.018808,0.871473
AGTACATCATTTATCA-1,0.000055,0.000055,0.99989
AGTACCTTCGAGTGCT-1,0.000025,0.000025,0.999949
AGTACGGCCCGTATCG-1,0.002333,0.072433,0.925234
AGTACGGGCACCTGGC-1,0.000045,0.060337,0.939618
AGTACGTGGCCTGTCT-1,0.051214,0.073795,0.874991
AGTACTCTTATGCCCA-1,0.000031,0.000031,0.999938
AGTAGCGTGAACGAAC-1,0.075881,0.00007,0.924049
AGTAGCTAGACGCCGA-1,0.000135,0.000135,0.999731
AGTAGGAAGGAAGTTG-1,0.000024,0.000024,0.999952
AGTAGGTAACATACAT-1,0.36319,0.012899,0.623911
AGTATAATACTAGGCA-1,0.022621,0.000065,0.977314
AGTATGCTGGAGACCA-1,0.000012,0.011089,0.988899
AGTATTTGGCACGACC-1,0.000017,0.017482,0.982501
AGTCAAATGATGTGAT-1,0.05429,0.077958,0.867751
AGTCAACACCACCATC-1,0.000038,0.000038,0.999924
AGTCAAGATGACACTT-1,0.000023,0.020415,0.979561
AGTCACTAGCTCTCGA-1,0.000013,0.000013,0.999975
AGTCACTCCGCCTCAT-1,0.73354,0.032997,0.233462
AGTCAGCCACCGCCTG-1,0.580132,0.000031,0.419838
AGTCCATTGGCTGATG-1,0.003403,0.000028,0.996568
AGTCCCGCCTTTAATT-1,0.021513,0.000032,0.978455
AGTCCCTCGCAGAAAG-1,0.001438,0.000025,0.998537
AGTCGACGGTCTCAAG-1,0.01238,0.000027,0.987593
AGTCGGCCCAAACGAC-1,0.049741,0.050131,0.900129
AGTCGGCTCAACTTTA-1,0.00001,0.00001,0.999981
AGTCGGTTGCGTGAGA-1,0.000018,0.000018,0.999964
AGTCGTCGACCACCAA-1,0.000013,0.000013,0.999975
AGTCGTGGGCATTACG-1,0.00001,0.007041,0.992949
AGTCTAAAGTATACTC-1,0.000049,0.000049,0.999903
AGTCTCACAAGACTAC-1,0.000017,0.004362,0.995622
AGTCTGGACATCCTTG-1,0.352481,0.010672,0.636847
AGTCTTCTCCTCAAAT-1,0.001921,0.001052,0.997027
AGTGAACAAACTTCTC-1,0.000011,0.008208,0.99178
AGTGAAGATGGTGTCC-1,0.017192,0.000036,0.982772
AGTGACCTACTTTACG-1,0.00002,0.013725,0.986255
AGTGAGACTTCCAGTA-1,0.00005,0.00005,0.999899
AGTGAGCCTCGCCGCC-1,0.000028,0.000028,0.999944
AGTGAGGGTTTCTGAC-1,0.138686,0.01122,0.850094
AGTGATAACCTGCGCG-1,0.000009,0.007417,0.992573
AGTGATATGAGTAGTT-1,0.045427,0.028557,0.926016
AGTGATTCAAGCAGGA-1,0.000039,0.000039,0.999921
AGTGCACGCTTAAGAA-1,0.000009,0.000009,0.999981
AGTGCGTAGCTCGTAA-1,0.000023,0.032072,0.967906
AGTGCTAAACACAGCA-1,0.000012,0.00127,0.998718
AGTGCTTGCACGAATA-1,0.000026,0.03047,0.969504
AGTGGCGGCAATTTGA-1,0.001118,0.000028,0.998854
AGTGGCGTCTGAAGGT-1,0.00001,0.005632,0.994357
AGTGGCTCCGTCGGCC-1,0.003357,0.028674,0.967969
AGTGGTGTTACCCGTG-1,0.000008,0.065396,0.934596
AGTGGTTGCGTATAGG-1,0.088922,0.22008,0.690998
AGTGTATTGCGCATTG-1,0.000035,0.000035,0.999931
AGTGTGCTAAGATCGC-1,0.457204,0.542291,0.000505
AGTGTGGTCTATTGTG-1,0.071236,0.000056,0.928708
AGTTAAACACTTGCGA-1,0.000029,0.000029,0.999943
AGTTAAGCGGTCCCGG-1,0.053472,0.000042,0.946486
AGTTAAGTCAACCGCT-1,0.000008,0.013199,0.986793
AGTTACCCTTAAGACT-1,0.394352,0.521493,0.084155
AGTTACCGCACATGGT-1,0.224128,0.099202,0.67667
AGTTACTCTATCGTGG-1,0.000034,0.000034,0.999932
AGTTATTGAAAGGTAA-1,0.057489,0.000078,0.942433
AGTTCACCGGTTGGAC-1,0.339417,0.660205,0.000378
AGTTCCTACAGAATTA-1,0.000043,0.000043,0.999913
AGTTCCTATTTATGTT-1,0.000018,0.002822,0.997161
AGTTCTGCGTTGTATC-1,0.16652,0.833056,0.000425
AGTTGACATCGGCTGG-1,0.573684,0.100715,0.325601
AGTTGCTGACTGATAT-1,0.51587,0.276948,0.207182
AGTTTATGTAAAGACA-1,0.000044,0.000044,0.999912
AGTTTCGCAGGTCGGA-1,0.206258,0.004962,0.78878
AGTTTGCACCTGCCTC-1,0.000035,0.016055,0.98391
AGTTTGGCACGGGTTG-1,0.000011,0.007414,0.992574
AGTTTGGCCAGACCTA-1,0.000015,0.023638,0.976347
ATAAACCATTGGACGG-1,0.002747,0.000046,0.997207
ATAAACGGACCCGTAA-1,0.000015,0.00588,0.994105
ATAAACGTTGCACCAC-1,0.029472,0.002985,0.967543
ATAAAGGCTCGGTCGT-1,0.003369,0.01361,0.983021
ATAAAGGTCAAGTACG-1,0.157737,0.000085,0.842178
ATAAATATTAGCAGCT-1,0.000011,0.014893,0.985096
ATAACGCCGGAGGGTC-1,0.000031,0.018644,0.981325
ATAACGGAGTCCAACG-1,0.021398,0.00785,0.970752
ATAACGTTACCTCCAC-1,0.000013,0.000013,0.999975
ATAAGCAAACACCGAG-1,0.000814,0.00334,0.995846
ATAAGGTGGAGAACAT-1,0.042667,0.033357,0.923976
ATAAGTACCCGATTGT-1,0.000015,0.002608,0.997376
ATAAGTAGGATTCAGA-1,0.010502,0.000048,0.98945
ATAAGTAGGGCGACTC-1,0.000044,0.000044,0.999911
ATAAGTTACCGCGACG-1,0.004022,0.023779,0.972199
ATAATACCGTTAGCCG-1,0.491895,0.186502,0.321602
ATAATAGCTGTTGAAT-1,0.010934,0.00004,0.989026
ATAATAGTGTAGGGAC-1,0.180539,0.000041,0.81942
ATAATCTTGGAGAACC-1,0.000018,0.000018,0.999964
ATACAGGCCCTCCAAT-1,0.000018,0.007549,0.992434
ATACCACGGGCAACTT-1,0.000034,0.000034,0.999932
ATACCAGCAAATTGCT-1,0.02306,0.000049,0.976892
ATACCAGGCTAATAGA-1,0.228753,0.000048,0.771199
ATACCAGGTGAGCGAT-1,0.089676,0.00015,0.910174
ATACCGTCATCCATAA-1,0.019287,0.000033,0.980681
ATACCTAACCAAGAAA-1,0.00611,0.027747,0.966143
ATACGAAGGCTTTCCA-1,0.000057,0.000057,0.999886
ATACGACAGATGGGTA-1,0.019807,0.000092,0.980101
ATACGCCGGCGAAACC-1,0.000014,0.025978,0.974008
ATACGGAACGTCGTTT-1,0.00001,0.075637,0.924353
ATACGGGTTTCGATTG-1,0.035367,0.000059,0.964573
ATACGGTGAAGATGCA-1,0.002467,0.049257,0.948276
ATACGTACTTAGCCAC-1,0.00002,0.024087,0.975893
ATACGTCCACTCCTGT-1,0.000019,0.000019,0.999962
ATACGTTATGCACGGA-1,0.000663,0.063976,0.935361
ATACTACCCGTACCAC-1,0.000014,0.018659,0.981327
ATACTAGCATGACCCT-1,0.041986,0.000029,0.957985
ATACTCTCGCCACTCT-1,0.396213,0.603309,0.000478
ATACTGCCTTACACCG-1,0.000028,0.031317,0.968655
ATACTTGTTCTCGAGC-1,0.10156,0.105757,0.792682
ATAGACAACGGGACCT-1,0.000089,0.000089,0.999822
ATAGACGAAGAGAAAG-1,0.007809,0.000024,0.992167
ATAGAGTACTGGGACA-1,0.000029,0.000029,0.999942
ATAGAGTTATCAACTT-1,0.000094,0.000094,0.999813
ATAGATTTGCAGTCGG-1,0.14416,0.00009,0.85575
ATAGCAACTAGGGAAG-1,0.000015,0.013647,0.986338
ATAGCCTCAGTACCCA-1,0.360368,0.617318,0.022314
ATAGCTGCTCTTGTTA-1,0.390675,0.608849,0.000476
ATAGGAATCTAAGCTT-1,0.096361,0.000148,0.903492
ATAGGCGGCTATAGAA-1,0.000029,0.000029,0.999943
ATAGGCTAGCTTCGCA-1,0.000069,0.000069,0.999862
ATAGGGATATCCTTGA-1,0.021543,0.003429,0.975028
ATAGGTTGGGCAGATG-1,0.060034,0.000048,0.939918
ATAGTCTTTGACGTGC-1,0.25148,0.013621,0.734899
ATAGTGAAGCGTTCTC-1,0.000022,0.000022,0.999956
ATAGTTCCACCCACTC-1,0.006203,0.001332,0.992466
ATATAAAGCGCTCGTG-1,0.003017,0.009758,0.987225
ATATAAATGTAGCTGC-1,0.000025,0.000025,0.99995
ATATACATGTATGGTA-1,0.001972,0.001972,0.996055
ATATACGCTCGTGACG-1,0.000026,0.000026,0.999949
ATATAGAGTATTGGTC-1,0.000007,0.077601,0.922392
ATATCAACCTACAGAG-1,0.000031,0.000031,0.999938
ATATCAATTCCAGCCT-1,0.000008,0.429746,0.570247
ATATCGGTAGGGAGAT-1,0.000048,0.000048,0.999904
ATATCGTGCCAGACCC-1,0.074812,0.000113,0.925075
ATATCGTTCCTCGAAC-1,0.000014,0.000014,0.999972
ATATCTCCCTCGTTAA-1,0.017497,0.000021,0.982482
ATATCTTAGGGCCTTC-1,0.000029,0.000029,0.999943
ATATGTCTCCCTAGCC-1,0.000031,0.000031,0.999938
ATATGTGCACAAACCA-1,0.000011,0.00524,0.99475
ATATTCAGTTAAACCT-1,0.000029,0.00739,0.992581
ATATTCCACATAGTGA-1,0.000017,0.000017,0.999965
ATATTCCCACAGGTCA-1,0.492384,0.010716,0.496899
ATATTGCTGTCAAAGT-1,0.109941,0.000069,0.88999
ATATTGGAGAGGCCTT-1,0.000017,0.007416,0.992567
ATATTTAACCCTCAAG-1,0.004405,0.054116,0.94148
ATCAAACACTGTTCCA-1,0.000023,0.000023,0.999955
ATCAAACGAAGGTTTG-1,0.000013,0.004666,0.995321
ATCAATCTGGGCTGCA-1,0.00004,0.00004,0.999921
ATCAATGCCGTGGCTG-1,0.00001,0.234223,0.765768
ATCACATTAGAATATC-1,0.008354,0.000021,0.991625
ATCACGTGCTAATTAA-1,0.000008,0.00625,0.993742
ATCACTTCATCCTCGC-1,0.02725,0.000031,0.972719
ATCAGACGGCACGCCG-1,0.000017,0.000017,0.999965
ATCAGCCTCATGCTGC-1,0.015145,0.000067,0.984788
ATCAGCTCGTCCACTA-1,0.000012,0.0297,0.970288
ATCAGGTAGCTGACAG-1,0.000034,0.000034,0.999932
ATCAGGTCGCCATTGC-1,0.145275,0.018611,0.836113
ATCAGTAGGCAGGGAT-1,0.000056,0.000056,0.999889
ATCATAGCCCTATGTA-1,0.000011,0.00043,0.999559
ATCATCCAATATTTGT-1,0.044957,0.045066,0.909977
ATCATCTGCCCAGTGT-1,0.139882,0.00009,0.860028
ATCATGGACTACCGAC-1,0.002214,0.017988,0.979798
ATCATTGTACCGCATT-1,0.004274,0.004274,0.991453
ATCCAACGCAGTCATA-1,0.000033,0.007234,0.992734
ATCCAATGGAGGGTCC-1,0.000036,0.031233,0.968731
ATCCAATGGTACCGAA-1,0.064815,0.362374,0.572812
ATCCACATCGACAGAA-1,0.009769,0.014283,0.975948
ATCCACGCTAAATGTT-1,0.216715,0.140546,0.642739
ATCCACTTTCAGACTA-1,0.00006,0.047333,0.952607
