Barcode,Topic 1to2,Topic 3to11,Topic 12,Topic 13
AAACAAGTATCTCCCA-1,0.907868,0.092105,0.000013,0.000013
AAACACCAATAACTGC-1,0.286072,0.713461,0.000233,0.000233
AAACAGAGCGACTCCT-1,0.003459,0.99653,0.000006,0.000006
AAACAGCTTTCAGAAG-1,0.337763,0.662162,0.000037,0.000037
AAACAGGGTCTATATT-1,0.312657,0.687249,0.000047,0.000047
AAACAGTGTTCCTGGG-1,0.574024,0.42579,0.000093,0.000093
AAACATGGTGAGAGGA-1,0.309924,0.689984,0.000046,0.000046
AAACATTTCCCGGATT-1,0.698268,0.301665,0.000034,0.000034
AAACCCGAACGAAATC-1,0.740946,0.258998,0.000028,0.000028
AAACCGGAAATGTTAA-1,0.818771,0.181195,0.000017,0.000017
AAACCGGGTAGGTACC-1,0.229598,0.770358,0.000022,0.000022
AAACCGTTCGTCCAGG-1,0.108272,0.891265,0.000232,0.000232
AAACCTAAGCAGCCGG-1,0.066583,0.933389,0.000014,0.000014
AAACCTCATGAAGTTG-1,0.644314,0.355651,0.000017,0.000017
AAACGAAGAACATACC-1,0.010725,0.989264,0.000005,0.000005
AAACGAAGATGGAGTA-1,0.273911,0.726001,0.000044,0.000044
AAACGAGACGGTTGAT-1,0.090811,0.90916,0.000014,0.000014
AAACGCTGGGCACGAC-1,0.952633,0.047218,0.000074,0.000074
AAACGGGCGTACGGGT-1,0.187393,0.812549,0.000029,0.000029
AAACGGTTGCGAACTG-1,0.080267,0.919673,0.00003,0.00003
AAACGTGTTCGCCCTA-1,0.000641,0.999346,0.000007,0.000007
AAACTAACGTGGCGAC-1,0.000303,0.999685,0.000006,0.000006
AAACTCGGTTCGCAAT-1,0.127954,0.872005,0.000021,0.000021
AAACTCGTGATATAAG-1,0.007692,0.992299,0.000005,0.000005
AAACTGCTGGCTCCAA-1,0.057273,0.942706,0.00001,0.00001
AAACTTAATTGCACGC-1,0.235883,0.764035,0.000041,0.000041
AAACTTGCAAACGTAT-1,0.124337,0.875541,0.000061,0.000061
AAAGAATGACCTTAGA-1,0.246393,0.753571,0.000018,0.000018
AAAGAATGTGGACTAA-1,0.898452,0.101485,0.000032,0.000032
AAAGACCCAAGTCGCG-1,0.137993,0.861993,0.000007,0.000007
AAAGACTGGGCGCTTT-1,0.576634,0.423283,0.000042,0.000042
AAAGCTTGCCTACATA-1,0.000008,0.999983,0.000004,0.000004
AAAGGCCCTATAATAC-1,0.67887,0.320934,0.000098,0.000098
AAAGGCTACGGACCAT-1,0.283279,0.716437,0.000142,0.000142
AAAGGCTCTCGCGCCG-1,0.000827,0.998346,0.000414,0.000414
AAAGGGATGTAGCAAG-1,0.046879,0.953089,0.000016,0.000016
AAAGGGCAGCTTGAAT-1,0.327292,0.672624,0.000042,0.000042
AAAGGTAAGCTGTACC-1,0.000531,0.999461,0.000004,0.000004
AAAGTAGCATTGCTCA-1,0.275799,0.723755,0.000223,0.000223
AAAGTCACTGATGTAA-1,0.048618,0.951367,0.000008,0.000008
AAAGTCGACCCTCAGT-1,0.279669,0.720208,0.000061,0.000061
AAAGTGCCATCAATTA-1,0.841735,0.158201,0.000032,0.000032
AAAGTGTGATTTATCT-1,0.831459,0.168482,0.00003,0.00003
AAAGTTGACTCCCGTA-1,0.773914,0.226025,0.000031,0.000031
AAATAACCATACGGGA-1,0.020714,0.979265,0.000011,0.000011
AAATAAGGTAGTGCCC-1,0.007805,0.992182,0.000006,0.000006
AAATACCTATAAGCAT-1,0.042635,0.957347,0.000009,0.000009
AAATAGCTTAGACTTT-1,0.240547,0.759393,0.00003,0.00003
AAATAGGGTGCTATTG-1,0.019622,0.980361,0.000008,0.000008
AAATCCGATACACGCC-1,0.103331,0.89658,0.000045,0.000045
AAATCGCGGAAGGAGT-1,0.184993,0.814946,0.000031,0.000031
AAATCGTGTACCACAA-1,0.020781,0.979175,0.000022,0.000022
AAATCTAGCCCTGCTA-1,0.82127,0.178652,0.000039,0.000039
AAATCTGCCCGCGTCC-1,0.669818,0.330035,0.000073,0.000073
AAATGACTGATCAAAC-1,0.207058,0.791556,0.000693,0.000693
AAATGATTCGATCAGC-1,0.001026,0.998967,0.000004,0.000004
AAATGCTCGTTACGTT-1,0.319497,0.68044,0.000032,0.000032
AAATGGCATGTCTTGT-1,0.024006,0.975971,0.000011,0.000011
AAATGGCCCGTGCCCT-1,0.214765,0.785042,0.000097,0.000097
AAATGGTCAATGTGCC-1,0.012965,0.987023,0.000006,0.000006
AAATGTATCTTATCCC-1,0.025641,0.948718,0.012821,0.012821
AAATTAACGGGTAGCT-1,0.000394,0.999588,0.000009,0.000009
AAATTAATAAGCGCGA-1,0.999334,0.000545,0.000061,0.000061
AAATTACACGACTCTG-1,0.011021,0.988954,0.000012,0.000012
AAATTACCTATCGATG-1,0.016312,0.983665,0.000011,0.000011
AAATTCCAGGTCCAAA-1,0.048039,0.95194,0.000011,0.000011
AAATTGATAGTCCTTT-1,0.000237,0.999525,0.000119,0.000119
AAATTGGTGAGAAGCA-1,0.002456,0.997531,0.000006,0.000006
AAATTTACCGAAATCC-1,0.01347,0.986509,0.000011,0.000011
AAATTTGCGGGTGTGG-1,0.044089,0.955831,0.00004,0.00004
AACAACTGGTAGTTGC-1,0.019147,0.980825,0.000014,0.000014
AACAATACATTGTCGA-1,0.083784,0.916098,0.000059,0.000059
AACAATTACTCTACGC-1,0.238347,0.761582,0.000035,0.000035
AACACACGCTCGCCGC-1,0.67237,0.327574,0.000028,0.000028
AACACGACTGTACTGA-1,0.025247,0.974729,0.000012,0.000012
AACACGAGACGCGGCC-1,0.032018,0.967928,0.000027,0.000027
AACACGCGGCCGCGAA-1,0.00176,0.998232,0.000004,0.000004
AACAGCTGTGTGGCAA-1,0.199301,0.800514,0.000093,0.000093
AACAGGAAATCGAATA-1,0.040152,0.959825,0.000012,0.000012
AACAGGATGGGCCGCG-1,0.005306,0.994682,0.000006,0.000006
AACAGGTAGTATGGAT-1,0.861961,0.138004,0.000018,0.000018
AACATAGCGTGTATCG-1,0.179435,0.820484,0.00004,0.00004
AACATATCAACTGGTG-1,0.019965,0.980016,0.000009,0.000009
AACATCGATACGTCTA-1,0.000124,0.999862,0.000007,0.000007
AACATTGAAGTTGATC-1,0.147417,0.852169,0.000207,0.000207
AACATTGTGACTCGAG-1,0.0449,0.954888,0.000106,0.000106
AACCAAGACTTCTCTG-1,0.394127,0.605538,0.000168,0.000168
AACCAGTATCACTCTT-1,0.035851,0.964119,0.000015,0.000015
AACCATAGGGTTGAAC-1,0.207958,0.791992,0.000025,0.000025
AACCATGGGATCGCTA-1,0.049597,0.950346,0.000029,0.000029
AACCCAGAGACGGAGA-1,0.00003,0.99994,0.000015,0.000015
AACCCATCCCATGATC-1,0.182934,0.816785,0.00014,0.00014
AACCCGACAACCCGTG-1,0.236068,0.76381,0.000061,0.000061
AACCCGAGCAGAATCG-1,0.935224,0.064748,0.000014,0.000014
AACCCGCTGTATTCCA-1,0.341015,0.658779,0.000103,0.000103
AACCCTACTGTCAATA-1,0.751424,0.248545,0.000015,0.000015
AACCCTGGTGGAACCA-1,0.025913,0.97407,0.000008,0.000008
AACCGAGCTTGGTCAT-1,0.098941,0.901041,0.000009,0.000009
AACCGCTAAGGGATGC-1,0.778702,0.221243,0.000027,0.000027
AACCGTTGTGTTTGCT-1,0.111067,0.888907,0.000013,0.000013
AACCTCGCTTTAGCCC-1,0.06819,0.931753,0.000028,0.000028
AACCTGTCACGGAATT-1,0.039894,0.960083,0.000012,0.000012
AACCTTTAAATACGGT-1,0.129515,0.870378,0.000053,0.000053
AACCTTTACGACGTCT-1,0.012278,0.987709,0.000007,0.000007
AACGAAAGTCGTCCCA-1,0.489009,0.510742,0.000124,0.000124
AACGACCTCCTAGCCG-1,0.946655,0.053301,0.000022,0.000022
AACGATAATGCCGTAG-1,0.003024,0.996904,0.000036,0.000036
AACGATAGAAGGGCCG-1,0.083754,0.916228,0.000009,0.000009
AACGATATGTCAACTG-1,0.0507,0.94927,0.000015,0.000015
AACGCATGATCTGGGT-1,0.103971,0.896014,0.000007,0.000007
AACGCGAACGGCAACA-1,0.474301,0.525571,0.000064,0.000064
AACGCGACCTTGGGCG-1,0.077268,0.922617,0.000057,0.000057
AACGCGGTCTCCAGCC-1,0.100438,0.899534,0.000014,0.000014
AACGCTGTTGCTGAAA-1,0.893651,0.106305,0.000022,0.000022
AACGGACGTACGTATA-1,0.734778,0.26519,0.000016,0.000016
AACGGCCATCTCCGGT-1,0.056961,0.942947,0.000046,0.000046
AACGTACTGTGGGTAC-1,0.062098,0.937784,0.000059,0.000059
AACGTCAGACTAGTGG-1,0.122856,0.877114,0.000015,0.000015
AACGTCATCCGGCTTG-1,0.93491,0.053256,0.005917,0.005917
AACGTCGCTGCACTTC-1,0.963933,0.035935,0.000066,0.000066
AACGTGATGAAGGACA-1,0.007911,0.992077,0.000006,0.000006
AACGTGCGAAAGTCTC-1,0.060205,0.939775,0.00001,0.00001
AACGTTATCAGCACCT-1,0.845248,0.154629,0.000062,0.000062
AACGTTCTACCATTGT-1,0.876129,0.122997,0.000437,0.000437
AACTACCCGTTTGTCA-1,0.990697,0.00927,0.000016,0.000016
AACTAGCGTATCGCAC-1,0.012677,0.987247,0.000038,0.000038
AACTAGGCTTGGGTGT-1,0.485176,0.514297,0.000263,0.000263
AACTCAAGTTAATTGC-1,0.000016,0.999967,0.000008,0.000008
AACTCCAGAGCGTGTT-1,0.65441,0.344903,0.000343,0.000343
AACTCCTAATCCCATG-1,0.019121,0.98086,0.000009,0.000009
AACTCGATGGCGCAGT-1,0.398491,0.601457,0.000026,0.000026
AACTCTCAATAGAGCG-1,0.919438,0.080516,0.000023,0.000023
AACTCTCAGTGTGCTC-1,0.57986,0.419789,0.000175,0.000175
AACTGAGGTCAGCGTC-1,0.000863,0.999123,0.000007,0.000007
AACTGAGTTATACTGA-1,0.351269,0.648555,0.000088,0.000088
AACTGATATTAGGCCT-1,0.024343,0.975635,0.000011,0.000011
AACTGGGTCCCGACGT-1,0.046488,0.953482,0.000015,0.000015
AACTGGGTTCGAGCCG-1,0.011218,0.988707,0.000037,0.000037
AACTGGTGTGGGCCTT-1,0.128205,0.87177,0.000012,0.000012
AACTTCTGCGTCTATC-1,0.83621,0.163625,0.000083,0.000083
AACTTGCCCGTATGCA-1,0.135834,0.86413,0.000018,0.000018
AACTTGCGTTCTCGCG-1,0.919928,0.079952,0.00006,0.00006
AACTTTACGGGAGCTT-1,0.99508,0.004868,0.000026,0.000026
AACTTTAGCTGCTGAG-1,0.003272,0.996707,0.00001,0.00001
AACTTTCTCGATCATG-1,0.010641,0.989354,0.000003,0.000003
AAGAAAGTTTGATGGG-1,0.490374,0.509372,0.000127,0.000127
AAGAAATCACCAGATT-1,0.00797,0.992018,0.000006,0.000006
AAGAAGGATCAGTTAG-1,0.536077,0.463831,0.000046,0.000046
AAGACATACGTGGTTT-1,0.923047,0.076912,0.00002,0.00002
AAGACCAAATAACTCA-1,0.245888,0.754088,0.000012,0.000012
AAGACCCAACTGAACA-1,0.104604,0.895176,0.00011,0.00011
AAGACTGCAAGCTACT-1,0.052868,0.94711,0.000011,0.000011
AAGAGATGAATCGGTA-1,0.042325,0.9576,0.000037,0.000037
AAGAGCTCTTTATCGG-1,0.100773,0.899198,0.000015,0.000015
AAGAGGATGTACGCGA-1,0.175485,0.82446,0.000028,0.000028
AAGAGGCATGGATCGC-1,0.098891,0.901087,0.000011,0.000011
AAGAGGCCCTTTGGAA-1,0.982436,0.017548,0.000008,0.000008
AAGATGGCACCGGACC-1,0.057728,0.941794,0.000239,0.000239
AAGATTGGCGGAACGT-1,0.027777,0.972195,0.000014,0.000014
AAGCACCCTGCGTATC-1,0.351824,0.647977,0.0001,0.0001
AAGCATACTCTCCTGA-1,0.06535,0.934492,0.000079,0.000079
AAGCCACTTGCAGGTA-1,0.377285,0.622608,0.000053,0.000053
AAGCCGAAGCGGTTTA-1,0.875773,0.124176,0.000025,0.000025
AAGCCGCCGTGAAATC-1,0.335277,0.664393,0.000165,0.000165
AAGCCGCTTTACCTTG-1,0.005688,0.994301,0.000005,0.000005
AAGCCGGAGAGCAGGA-1,0.898129,0.10184,0.000016,0.000016
AAGCGCAGGGCTTTGA-1,0.35369,0.6461,0.000105,0.000105
AAGCGGAGTGCGCGCA-1,0.000007,0.999987,0.000003,0.000003
AAGCGGCGTCATGGGT-1,0.068471,0.931506,0.000011,0.000011
AAGCGTCCCTCATCGA-1,0.233983,0.765766,0.000125,0.000125
AAGCTAGATCGAGTAA-1,0.166544,0.833418,0.000019,0.000019
AAGCTATGGATTGACC-1,0.53158,0.00641,0.461297,0.000712
AAGCTCGTGCCAAGTC-1,0.227521,0.772448,0.000016,0.000016
AAGCTCTTTCATGGTG-1,0.126366,0.873558,0.000038,0.000038
AAGGAGCGGTTGGTGC-1,0.02881,0.971161,0.000015,0.000015
AAGGATCGATCGCTTG-1,0.905308,0.094651,0.00002,0.00002
AAGGATGAGGGACCTC-1,0.000026,0.999949,0.000013,0.000013
AAGGCAGGCTGTCTCC-1,0.125087,0.874821,0.000046,0.000046
AAGGCGCGTAAAGCTT-1,0.0029,0.997084,0.000008,0.000008
AAGGCTGTGCTCATCG-1,0.032794,0.967188,0.000009,0.000009
AAGGGAACGACTGGCT-1,0.293305,0.706223,0.000236,0.000236
AAGGGACAGATTCTGT-1,0.175161,0.824814,0.000012,0.000012
AAGGGACTATGCATTC-1,0.248595,0.751029,0.000188,0.000188
AAGGGTTAGCCATGCG-1,0.796113,0.203365,0.000261,0.000261
AAGGGTTTGATTTCAG-1,0.120276,0.879637,0.000044,0.000044
AAGGTATCCTAATATA-1,0.018912,0.981064,0.000012,0.000012
AAGGTGATAAACCAGC-1,0.807532,0.1924,0.000034,0.000034
AAGTAGAAGACCGGGT-1,0.004478,0.995489,0.000016,0.000016
AAGTAGTGACGCGAGG-1,0.10906,0.89088,0.00003,0.00003
AAGTCAATTGTCGTCA-1,0.903998,0.095921,0.000041,0.000041
AAGTCTAGTAGCTGCC-1,0.0483,0.95169,0.000005,0.000005
AAGTCTTCTGTGGCCT-1,0.045225,0.954757,0.000009,0.000009
AAGTGACGACCGAATT-1,0.237488,0.762254,0.000129,0.000129
AAGTGAGTCGGGTTTA-1,0.126141,0.873619,0.00012,0.00012
AAGTGCAAAGGTAGAC-1,0.860281,0.139677,0.000021,0.000021
AAGTGCCTTGACTGTA-1,0.966917,0.033032,0.000026,0.000026
AAGTGCGTTAGAATCT-1,0.273423,0.726419,0.000079,0.000079
AAGTGCTTCTCTATTG-1,0.278606,0.72121,0.000092,0.000092
AAGTGTTTGGAGACGG-1,0.178685,0.82121,0.000053,0.000053
AAGTTCACTCCAAGCT-1,0.059465,0.940379,0.000078,0.000078
AAGTTCAGTCTGCGTA-1,0.01254,0.987449,0.000006,0.000006
AAGTTCGGCCAACAGG-1,0.024717,0.975196,0.000043,0.000043
AAGTTGTGATGTTATA-1,0.853216,0.146738,0.000023,0.000023
AAGTTTACTAATGGCA-1,0.000006,0.999988,0.000003,0.000003
AAGTTTATGGGCCCAA-1,0.269269,0.730706,0.000013,0.000013
AATAACAACGCTCGGC-1,0.179789,0.820176,0.000018,0.000018
AATAACACTAGAACAA-1,0.341217,0.65866,0.000061,0.000061
AATAACGTCGCGCCCA-1,0.895903,0.103147,0.000475,0.000475
AATAAGTCCTCGAGAC-1,0.004903,0.995088,0.000005,0.000005
AATAATCTTCGTATCG-1,0.579731,0.42018,0.000044,0.000044
AATACAATGTTTCAGG-1,0.889806,0.109997,0.000098,0.000098
AATACCGGAGGGCTGT-1,0.357195,0.642337,0.000234,0.000234
AATACCTGATGTGAAC-1,0.286046,0.713857,0.000049,0.000049
AATAGAACAGAGTGGC-1,0.142289,0.857252,0.00023,0.00023
AATAGAATCTGTTTCA-1,0.445984,0.553905,0.000055,0.000055
AATAGCAAGCCTCCTG-1,0.000011,0.999977,0.000006,0.000006
AATAGCTACCGCGTGC-1,0.013415,0.986574,0.000006,0.000006
AATAGGCACGACCCTT-1,0.012821,0.974359,0.00641,0.00641
AATAGTCCGTCCCGAC-1,0.17248,0.827034,0.000243,0.000243
AATAGTCGCGAGTCGG-1,0.950079,0.049895,0.000013,0.000013
AATATCAAGGTCGGAT-1,0.023214,0.976764,0.000011,0.000011
AATATCCTAGCAAACT-1,0.296951,0.702936,0.000057,0.000057
AATATCGAATCAATGC-1,0.918517,0.081425,0.000029,0.000029
AATATCGAGGGTTCTC-1,0.040257,0.95972,0.000012,0.000012
AATATTGGAGTATTGA-1,0.738532,0.261043,0.000212,0.000212
AATCAGGTTTCATTTA-1,0.467311,0.532502,0.000093,0.000093
AATCATGTAAAGACTC-1,0.999832,0.000139,0.000015,0.000015
AATCCAAGGGCCTGAG-1,0.054752,0.94522,0.000014,0.000014
AATCCATGCAAGGGTG-1,0.4869,0.513054,0.000023,0.000023
AATCCCGCTCAGAGCC-1,0.265372,0.733629,0.0005,0.0005
AATCGAGGTCTCAAGG-1,0.74535,0.246957,0.003846,0.003846
AATCGCCTCAGCGCCA-1,0.084762,0.91519,0.000024,0.000024
AATCGCGCAGAGGACT-1,0.929844,0.0701,0.000028,0.000028
AATCGGGACACTACGA-1,0.013797,0.986189,0.000007,0.000007
AATCGGTATAGCCCTC-1,0.859212,0.140734,0.000027,0.000027
AATCGTGAGCCGAGCA-1,0.083342,0.91663,0.000014,0.000014
AATCTAGGTTTACTTG-1,0.099276,0.900649,0.000037,0.000037
AATCTATGCCGGAGCC-1,0.046233,0.953751,0.000008,0.000008
AATCTCTACTGTGGTT-1,0.927109,0.072834,0.000028,0.000028
AATCTGCGTTGGGACG-1,0.091467,0.908483,0.000025,0.000025
AATCTGGCTTTCTAGT-1,0.02909,0.970881,0.000015,0.000015
AATGACAGCAATGTCT-1,0.072906,0.927023,0.000036,0.000036
AATGACGTAGGATGTC-1,0.120986,0.878979,0.000018,0.000018
AATGACTGTCAGCCGG-1,0.00004,0.99992,0.00002,0.00002
AATGAGTTCGCATATG-1,0.695875,0.304074,0.000025,0.000025
AATGATGATACGCTAT-1,0.000022,0.999956,0.000011,0.000011
AATGATGCGACTCCTG-1,0.006043,0.993943,0.000007,0.000007
AATGCAACCGGGTACC-1,0.111269,0.88871,0.00001,0.00001
AATGCACCAAGCAATG-1,0.030114,0.969868,0.000009,0.000009
AATGGTCCACCGTTCA-1,0.946003,0.053884,0.000057,0.000057
AATGGTTCTCACAAGC-1,0.008455,0.991496,0.000025,0.000025
AATGTATGGCACTGTA-1,0.224154,0.775761,0.000042,0.000042
AATGTGCCCGAGGTGT-1,0.322401,0.676841,0.000379,0.000379
AATGTGCTAATCTGAG-1,0.635444,0.364031,0.000263,0.000263
AATGTTAAGACCCTGA-1,0.333856,0.665973,0.000085,0.000085
AATGTTGTCGTGAGAC-1,0.918174,0.081752,0.000037,0.000037
AATTAAAGGTCGGCGT-1,0.030109,0.969875,0.000008,0.000008
AATTAACGGATTTCCA-1,0.311158,0.688146,0.000348,0.000348
AATTACGAGACCCATC-1,0.138409,0.861518,0.000037,0.000037
AATTACTCGTACGCTC-1,0.943231,0.056731,0.000019,0.000019
AATTAGCGCTGCAGCG-1,0.126426,0.87346,0.000057,0.000057
AATTATACCCAGCAAG-1,0.152687,0.846732,0.00029,0.00029
AATTCATAAGGGATCT-1,0.012742,0.987243,0.000008,0.000008
AATTCATTGTCATGCA-1,0.230718,0.769171,0.000056,0.000056
AATTCCAAGCATGTAC-1,0.074155,0.925736,0.000054,0.000054
AATTCGATTCGAGGAT-1,0.07966,0.920247,0.000046,0.000046
AATTCTAGAGTTAGGC-1,0.131056,0.868831,0.000057,0.000057
AATTGAACGCTCTGGT-1,0.24416,0.755649,0.000096,0.000096
AATTGCAGCAATCGAC-1,0.927694,0.072256,0.000025,0.000025
AATTGCGTGGATTACA-1,0.613698,0.386255,0.000023,0.000023
AATTGTGGTTGCCAAA-1,0.92588,0.074088,0.000016,0.000016
AATTTGGGACATAGTA-1,0.023193,0.976782,0.000012,0.000012
AATTTGGTTCCAAAGA-1,0.000009,0.999982,0.000004,0.000004
ACAAACCATGCGTCCT-1,0.346748,0.653222,0.000015,0.000015
ACAAACTCCATCAGAG-1,0.989289,0.008764,0.000974,0.000974
ACAAAGAAGGTAGGCC-1,0.150567,0.849406,0.000013,0.000013
ACAAAGCATGACCTAG-1,0.862839,0.137126,0.000018,0.000018
ACAAATCGCACCGAAT-1,0.096262,0.903622,0.000058,0.000058
ACAAATGGTAGTGTTT-1,0.440227,0.559396,0.000189,0.000189
ACAAATTCAGATCTGA-1,0.00001,0.99998,0.000005,0.000005
ACAACAGCATGAGCTA-1,0.034375,0.965603,0.000011,0.000011
ACAACGGTCCCTGCGA-1,0.250719,0.749244,0.000019,0.000019
ACAAGCAGTGCCTAGC-1,0.366097,0.63383,0.000037,0.000037
ACAAGCTATATGGAAG-1,0.005305,0.98939,0.002653,0.002653
ACAAGGAAATCCGCCC-1,0.177879,0.822083,0.000019,0.000019
ACAAGGACAAGAGGTT-1,0.111809,0.888172,0.00001,0.00001
ACAAGGATGCTTTAGG-1,0.045304,0.954558,0.000069,0.000069
ACAAGGGCAGGCTCTG-1,0.026371,0.973617,0.000006,0.000006
ACAAGTAATTGTAAGG-1,0.364709,0.631713,0.001789,0.001789
ACAATAGTCGTACGTT-1,0.185816,0.814055,0.000065,0.000065
ACAATCCATTTAAACC-1,0.069484,0.930483,0.000016,0.000016
ACAATGAATACGGAGA-1,0.343034,0.656572,0.000197,0.000197
ACAATGATTCTTCTAC-1,0.001144,0.998846,0.000005,0.000005
ACAATTGTGTCTCTTT-1,0.766078,0.233868,0.000027,0.000027
ACAATTTAGGAGGCTC-1,0.879642,0.120307,0.000025,0.000025
ACAATTTGAGCAGTGG-1,0.028435,0.971531,0.000017,0.000017
ACAATTTGGCCATATT-1,0.144566,0.855357,0.000039,0.000039
ACACAAAGACGGGTGG-1,0.004098,0.995877,0.000013,0.000013
ACACAAATATTCCTAG-1,0.002248,0.997742,0.000005,0.000005
ACACACCAGGACCAGT-1,0.741637,0.258277,0.000043,0.000043
ACACACTTTCTACACG-1,0.014611,0.985375,0.000007,0.000007
ACACATGATCAAATCT-1,0.250149,0.749742,0.000055,0.000055
ACACATTGACGCAACA-1,0.929788,0.070102,0.000055,0.000055
ACACATTTCCGTAGAC-1,0.332149,0.667804,0.000023,0.000023
ACACCACATAATTAGC-1,0.019833,0.980156,0.000006,0.000006
ACACCCAGCATGCAGC-1,0.014358,0.985601,0.000021,0.000021
ACACCCGAGAAATCCG-1,0.000023,0.999953,0.000012,0.000012
ACACCGAGCGCTCTTT-1,0.988646,0.011308,0.000023,0.000023
ACACCGGTCTGACCGC-1,0.380334,0.619566,0.00005,0.00005
ACACCTTAAGTAGGGC-1,0.000017,0.999966,0.000008,0.000008
ACACCTTACTACTTGC-1,0.908032,0.091911,0.000028,0.000028
ACACGAGACTCCTTCT-1,0.049443,0.950537,0.00001,0.00001
ACACGGCACTATGCAT-1,0.009087,0.990887,0.000013,0.000013
ACACGGGAACTTAGGG-1,0.072546,0.927418,0.000018,0.000018
ACACGTAGGCCACAAG-1,0.969156,0.030806,0.000019,0.000019
ACACTCCAATGTCACT-1,0.893642,0.106185,0.000086,0.000086
ACACTGATCAAGGTGT-1,0.247089,0.752713,0.000099,0.000099
ACACTGGGACAGTCGT-1,0.775588,0.224348,0.000032,0.000032
ACAGAACTGAGAACAA-1,0.439476,0.559441,0.000542,0.000542
ACAGATTAGGTTAGTG-1,0.037322,0.962664,0.000007,0.000007
ACAGCATAGAGCCAGT-1,0.034852,0.965127,0.000011,0.000011
ACAGCGACATTCTCAT-1,0.82015,0.179795,0.000028,0.000028
ACAGCGCACCCGCAGC-1,0.000304,0.999681,0.000008,0.000008
ACAGGCACGGATCCTT-1,0.219575,0.780379,0.000023,0.000023
ACAGGCTTGCCCGACT-1,0.094135,0.905692,0.000087,0.000087
ACAGGTGGAGGTGAGG-1,0.087848,0.911867,0.000142,0.000142
ACAGGTGTGTTGTTGC-1,0.439613,0.548552,0.005917,0.005917
ACAGTAATACAACTTG-1,0.173689,0.826223,0.000044,0.000044
ACAGTATACCGTGGGA-1,0.000016,0.999968,0.000008,0.000008
ACATAAGTCGTGGTGA-1,0.355236,0.644575,0.000095,0.000095
ACATAATAAGGCGGTG-1,0.108578,0.891394,0.000014,0.000014
ACATACAATCAAGCGG-1,0.219761,0.778009,0.001115,0.001115
ACATCAGCTGGGACGC-1,0.917605,0.082351,0.000022,0.000022
ACATCCCGGCCATACG-1,0.248941,0.750827,0.000116,0.000116
ACATCCTGGTAACTGT-1,0.94227,0.05769,0.00002,0.00002
ACATCGATCGTTTACC-1,0.053017,0.946947,0.000018,0.000018
ACATCGCAATATTCGG-1,0.420391,0.571511,0.004049,0.004049
ACATCGGTCAGCCGCG-1,0.090889,0.909084,0.000014,0.000014
ACATCGTATGCAATGG-1,0.250992,0.748951,0.000029,0.000029
ACATCGTTAACCTAGT-1,0.00675,0.99322,0.000015,0.000015
ACATCTCAACGCGTAA-1,0.042426,0.957549,0.000013,0.000013
ACATGCTTACGGCAGC-1,0.596211,0.40369,0.00005,0.00005
ACATGGCGCCAAAGTA-1,0.84598,0.153986,0.000017,0.000017
ACATGGCTCAATTTAG-1,0.91114,0.088725,0.000067,0.000067
ACATTAGTTTATATCC-1,0.050854,0.949011,0.000068,0.000068
ACATTCGCGCGGAATA-1,0.585463,0.414413,0.000062,0.000062
ACATTTGAAACCTAAC-1,0.218756,0.781213,0.000016,0.000016
ACCAAACACCCAGCGA-1,0.00026,0.999729,0.000006,0.000006
ACCAACACCACACACT-1,0.018189,0.981796,0.000008,0.000008
ACCAACCGCACTCCAC-1,0.886833,0.113133,0.000017,0.000017
ACCAACGCTTATTTAT-1,0.151949,0.847553,0.000249,0.000249
ACCAAGAACGCGTGTC-1,0.025251,0.974722,0.000014,0.000014
ACCAAGTCATCGGCAG-1,0.862195,0.13777,0.000017,0.000017
ACCAATATGCAAGTTA-1,0.088274,0.911648,0.000039,0.000039
ACCACAACTCAGAACA-1,0.000008,0.999984,0.000004,0.000004
ACCACAAGTTTCTATC-1,0.009115,0.99086,0.000013,0.000013
ACCACACGGTTGATGG-1,0.196928,0.802859,0.000107,0.000107
ACCACCAATGTAACAA-1,0.867382,0.132591,0.000014,0.000014
ACCACCCTCTCTTCTA-1,0.000009,0.999983,0.000004,0.000004
ACCACGTGCAGCTATA-1,0.068338,0.931623,0.000019,0.000019
ACCACTGTTCAAGAAG-1,0.998259,0.001691,0.000025,0.000025
ACCAGACCATAACAAC-1,0.548192,0.451782,0.000013,0.000013
ACCAGCCCGGTCTTTG-1,0.024944,0.975031,0.000012,0.000012
ACCAGTGCCCGGTCAA-1,0.000008,0.999983,0.000004,0.000004
ACCAGTGCGGGAGACG-1,0.931548,0.068405,0.000024,0.000024
ACCATATCCGCAATAA-1,0.012632,0.987343,0.000013,0.000013
ACCATCCGCCAACTAG-1,0.09817,0.901781,0.000025,0.000025
ACCATCGTATATGGTA-1,0.005447,0.994533,0.00001,0.00001
ACCATTAAGGGTGTCA-1,0.993983,0.005925,0.000046,0.000046
ACCCAACGCCCGTGGC-1,0.013942,0.986027,0.000016,0.000016
ACCCACCTACATGCTC-1,0.498663,0.501292,0.000023,0.000023
ACCCATCTTGAGGGTA-1,0.026817,0.973152,0.000015,0.000015
ACCCATTTGTCCCTCT-1,0.8421,0.157832,0.000034,0.000034
ACCCGAGCGAAATTAC-1,0.22523,0.774421,0.000174,0.000174
ACCCGATTGGTTCCGA-1,0.459745,0.539536,0.000359,0.000359
ACCCGGAAACTCCCAG-1,0.439086,0.560523,0.000196,0.000196
ACCCGGAGCACCACAA-1,0.926157,0.073815,0.000014,0.000014
ACCCGGATGACGCATC-1,0.556365,0.443567,0.000034,0.000034
ACCCGGTTACACTTCC-1,0.00005,0.9999,0.000025,0.000025
ACCCGTAGCAGAGAAT-1,0.37165,0.628062,0.000144,0.000144
ACCCGTAGTCTAGTTG-1,0.901849,0.098116,0.000017,0.000017
ACCCGTGTCATCAGTA-1,0.242314,0.757164,0.000261,0.000261
ACCCTATAGGACTGAG-1,0.878949,0.12082,0.000116,0.000116
ACCCTATGCCATATCG-1,0.142483,0.856947,0.000285,0.000285
ACCCTCCCGTCAGGGC-1,0.819508,0.180451,0.000021,0.000021
ACCCTCCCTTGCTATT-1,0.306604,0.693073,0.000162,0.000162
ACCCTGGTAACGCCCT-1,0.008506,0.99148,0.000007,0.000007
ACCCTTCATCTGCGAA-1,0.058033,0.941947,0.00001,0.00001
ACCCTTGCCTGGGTCG-1,0.000242,0.999739,0.00001,0.00001
ACCCTTTAGTTCTCCA-1,0.024921,0.975055,0.000012,0.000012
ACCGAAAGGGCCCTGC-1,0.019654,0.980334,0.000006,0.000006
ACCGAAGAGTCTGGTT-1,0.40619,0.593063,0.000373,0.000373
ACCGACACATCTCCCA-1,0.220854,0.778932,0.000107,0.000107
ACCGACTGAGTCCCAC-1,0.011166,0.988815,0.00001,0.00001
ACCGAGTCTCCTTATT-1,0.179421,0.820522,0.000029,0.000029
ACCGATAGGCATAACC-1,0.794612,0.20533,0.000029,0.000029
ACCGATATTTAATCAT-1,0.908773,0.091165,0.000031,0.000031
ACCGATGGTAGCATCG-1,0.93756,0.062419,0.00001,0.00001
ACCGCAATAACTGCCT-1,0.111054,0.888905,0.000021,0.000021
ACCGCGGTGGAAGTCG-1,0.7552,0.244749,0.000026,0.000026
ACCGCTAGTCATTGGT-1,0.379851,0.619858,0.000146,0.000146
ACCGGGCCTTTGTTGA-1,0.850251,0.149685,0.000032,0.000032
ACCGGTCAGGTACACC-1,0.235768,0.764085,0.000073,0.000073
ACCGTCCACTGGGCCC-1,0.11286,0.887115,0.000013,0.000013
ACCGTGACCACGTGGG-1,0.000353,0.999294,0.000176,0.000176
ACCGTTCCCGCTCTGA-1,0.000642,0.999345,0.000006,0.000006
ACCTAAGTACCTTTCA-1,0.109901,0.890013,0.000043,0.000043
ACCTAATCGACTTCCT-1,0.148609,0.85131,0.00004,0.00004
ACCTACAGTATGTGGT-1,0.952888,0.047054,0.000029,0.000029
ACCTACTATAAATCTA-1,0.311895,0.688025,0.00004,0.00004
ACCTCAGCGAGGCGCA-1,0.398509,0.59901,0.001241,0.001241
ACCTCCGCCCTCGCTG-1,0.915183,0.08471,0.000053,0.000053
ACCTCCGTTATTCACC-1,0.105934,0.89404,0.000013,0.000013
ACCTCGAACTTATGCT-1,0.387061,0.61287,0.000034,0.000034
ACCTGCGTGTCATGTT-1,0.104212,0.895658,0.000065,0.000065
ACGAAATGGGCGGCAC-1,0.297198,0.702647,0.000078,0.000078
ACGACCCATGAGTTGC-1,0.917005,0.082963,0.000016,0.000016
ACGACTCTAGGGCCGA-1,0.292012,0.707942,0.000023,0.000023
ACGACTGGTCATACTC-1,0.347876,0.651759,0.000182,0.000182
ACGAGAACCCATCACG-1,0.049204,0.950771,0.000012,0.000012
ACGAGATATTTGCTTA-1,0.000028,0.999945,0.000014,0.000014
ACGAGGATACCACTCT-1,0.487994,0.511757,0.000125,0.000125
ACGAGGTTTACAACGT-1,0.103414,0.896292,0.000147,0.000147
ACGAGTACGGATGCCC-1,0.003333,0.996655,0.000006,0.000006
ACGATACATAGAACTA-1,0.053532,0.946446,0.000011,0.000011
ACGATACCTATCCTGA-1,0.240558,0.753288,0.003077,0.003077
ACGATCATACATAGAG-1,0.000031,0.999938,0.000015,0.000015
ACGATCATCTTGTAAA-1,0.780418,0.21945,0.000066,0.000066
ACGATGCATATGTTAT-1,0.008544,0.991443,0.000007,0.000007
ACGATGGATCCGATGC-1,0.055635,0.944328,0.000018,0.000018
ACGCAAACTAATAGAT-1,0.082397,0.917345,0.000129,0.000129
ACGCAATCACTACAGC-1,0.022207,0.977782,0.000005,0.000005
ACGCATAAATGACATG-1,0.024422,0.975514,0.000032,0.000032
ACGCATACGTTTACTA-1,0.896236,0.103709,0.000027,0.000027
ACGCATTCGTGAGTAC-1,0.012047,0.987932,0.000011,0.000011
ACGCCACTCGAAACAG-1,0.371395,0.628471,0.000067,0.000067
ACGCCAGATGATTTCT-1,0.033391,0.966581,0.000014,0.000014
ACGCCAGTGCGTTTGC-1,0.850536,0.14937,0.000047,0.000047
ACGCCGCTAGACGACC-1,0.027585,0.972393,0.000011,0.000011
ACGCGAAGTCAGACGA-1,0.004877,0.995068,0.000027,0.000027
ACGCGCTACACAGGGT-1,0.139131,0.860841,0.000014,0.000014
ACGCGGGCCAAGGACA-1,0.056564,0.943421,0.000008,0.000008
ACGCGTTTCTTAAGAG-1,0.999703,0.000243,0.000027,0.000027
ACGCTACTGAATGGGC-1,0.998635,0.001117,0.000124,0.000124
ACGCTAGTGATACACT-1,0.016569,0.983412,0.00001,0.00001
ACGCTGTGAGGCGTAG-1,0.658866,0.341077,0.000028,0.000028
ACGCTTAGTGTCTCTC-1,0.00321,0.996754,0.000018,0.000018
ACGGAACACGAGTGCC-1,0.325722,0.674227,0.000025,0.000025
ACGGAATTTAGCAAAT-1,0.1577,0.842193,0.000053,0.000053
ACGGACGCAGCGACAA-1,0.518178,0.481521,0.00015,0.00015
ACGGACTCTCAAAGCG-1,0.22674,0.773187,0.000037,0.000037
ACGGAGCGCAAATTAC-1,0.004749,0.995237,0.000007,0.000007
ACGGATGGTGCGGATA-1,0.08469,0.915251,0.00003,0.00003
ACGGCACTTGCTTGGG-1,0.255598,0.744216,0.000093,0.000093
ACGGCCAACATGGACT-1,0.263448,0.736132,0.00021,0.00021
ACGGCGACGATGGGAA-1,0.074556,0.925412,0.000016,0.000016
ACGGCGGGTTGCCCTG-1,0.175841,0.824063,0.000048,0.000048
ACGGCTGGATGTAGAA-1,0.401953,0.597993,0.000027,0.000027
ACGGGAGTGTCGGCCC-1,0.143727,0.856121,0.000076,0.000076
ACGGGCGTATGCGACA-1,0.029285,0.970708,0.000004,0.000004
ACGGGTCATGTGACTT-1,0.89339,0.106556,0.000027,0.000027
ACGGGTTGTGACCTGT-1,0.278645,0.721108,0.000123,0.000123
ACGGTACAGTTCAATG-1,0.221606,0.778352,0.000021,0.000021
ACGGTCACCGAGAACA-1,0.526425,0.473273,0.000151,0.000151
ACGTACAGATTTCTCT-1,0.020664,0.979315,0.00001,0.00001
ACGTACTTTGGCACGG-1,0.478397,0.521196,0.000204,0.000204
ACGTAGATTGCTGATG-1,0.016279,0.983702,0.000009,0.000009
ACGTAGGAGAGTCGCT-1,0.156987,0.842959,0.000027,0.000027
ACGTATTACTCCGATC-1,0.831059,0.1689,0.000021,0.000021
ACGTCGGGCAACTCGG-1,0.373091,0.626883,0.000013,0.000013
ACGTCTCGTTCCGGGA-1,0.219334,0.780624,0.000021,0.000021
ACGTGACAAAGTAAGT-1,0.189678,0.810204,0.000059,0.000059
ACGTGCGCCTCGTGCA-1,0.036096,0.963875,0.000014,0.000014
ACGTTAATGTCGAAGA-1,0.013927,0.986058,0.000008,0.000008
ACGTTAGATTTGCCCG-1,0.050118,0.949852,0.000015,0.000015
ACGTTATTGGTCACTC-1,0.934814,0.065074,0.000056,0.000056
ACGTTCACTATGCCGC-1,0.443878,0.556062,0.00003,0.00003
ACGTTCCGCGCTCCGT-1,0.02445,0.975531,0.000009,0.000009
ACGTTCGCAATCAATT-1,0.019281,0.980695,0.000012,0.000012
ACGTTCGTTCAGGAAA-1,0.132482,0.867249,0.000134,0.000134
ACGTTCTGTACAAGTC-1,0.141765,0.85809,0.000073,0.000073
ACGTTGTCGTTGAAAG-1,0.487551,0.511888,0.000281,0.000281
ACGTTTAGTTGTGATC-1,0.068484,0.931484,0.000016,0.000016
ACGTTTCGGTGCACTT-1,0.88992,0.109544,0.000268,0.000268
ACTAAGGACGCACACC-1,0.01148,0.988512,0.000004,0.000004
ACTAATACGTCAGGCG-1,0.031263,0.968711,0.000013,0.000013
ACTACAAAGAGAGGTG-1,0.425809,0.573971,0.00011,0.00011
ACTACATCCCGACAAG-1,0.208962,0.790992,0.000023,0.000023
ACTACCAGCTCTCTGG-1,0.031763,0.968208,0.000015,0.000015
ACTACCATCCGAGGGC-1,0.380629,0.619137,0.000117,0.000117
ACTACGCGTTAGAATT-1,0.500303,0.498614,0.000542,0.000542
ACTAGTTGCGATCGTC-1,0.791872,0.208068,0.00003,0.00003
ACTATATGCTGTGTTC-1,0.012809,0.987175,0.000008,0.000008
ACTATCCAGGGCATGG-1,0.886468,0.113485,0.000024,0.000024
ACTATCGCCGGCTAAA-1,0.227844,0.76483,0.003663,0.003663
ACTATCTGCCCGCGTA-1,0.741229,0.258744,0.000014,0.000014
ACTATGTCCAGCTGCC-1,0.408039,0.591413,0.000274,0.000274
ACTATTCGTCCGTGGT-1,0.037534,0.962436,0.000015,0.000015
ACTATTTCCGGGCCCA-1,0.000143,0.999714,0.000071,0.000071
ACTCAACGAATGTATT-1,0.060955,0.939016,0.000014,0.000014
ACTCAAGTGCAAGGCT-1,0.184019,0.815806,0.000087,0.000087
ACTCAATAAAGGCACG-1,0.023143,0.976835,0.000011,0.000011
ACTCAGACCTGCTTCT-1,0.00001,0.999979,0.000005,0.000005
ACTCATGGCAGCCTTC-1,0.539671,0.460223,0.000053,0.000053
ACTCCAATATCATCAT-1,0.156106,0.843113,0.00039,0.00039
ACTCCCATTCCTAAAG-1,0.392646,0.607199,0.000077,0.000077
ACTCCCGAATTCGTTT-1,0.02152,0.978449,0.000015,0.000015
ACTCCCGTAGACTAGG-1,0.000007,0.999987,0.000003,0.000003
ACTCCCTAATGCTAAA-1,0.167787,0.832046,0.000083,0.000083
ACTCCCTAGAATAGTA-1,0.05442,0.945548,0.000016,0.000016
ACTCCGGCCGACCACT-1,0.068698,0.93128,0.000011,0.000011
ACTCGATGTATTTCAT-1,0.933894,0.066039,0.000033,0.000033
ACTCGCCGTTCGATAA-1,0.882665,0.117296,0.000019,0.000019
ACTCGCGATCTGACGC-1,0.079809,0.920138,0.000027,0.000027
ACTCGTAACCCGTCCT-1,0.23085,0.768984,0.000083,0.000083
ACTCGTCAGTAATCCC-1,0.136962,0.862997,0.00002,0.00002
ACTCTAAACCTGGGAT-1,0.229575,0.758591,0.005917,0.005917
ACTCTCTGACTTAGGT-1,0.14457,0.85539,0.00002,0.00002
ACTCTCTTATACACGA-1,0.011155,0.988821,0.000012,0.000012
ACTCTGACCTAATAGA-1,0.173334,0.826625,0.000021,0.000021
ACTCTTCAGCTCCCGC-1,0.008307,0.991673,0.00001,0.00001
ACTCTTGTATAGTAAC-1,0.007607,0.992365,0.000014,0.000014
ACTGAAACGCCGTTAG-1,0.869841,0.130084,0.000038,0.000038
ACTGAATGGCGAAAGT-1,0.223751,0.775993,0.000128,0.000128
ACTGATTTAGTGATTC-1,0.00863,0.991344,0.000013,0.000013
ACTGCCCGCCATTCTC-1,0.391195,0.608644,0.000081,0.000081
ACTGCCGTCGTAACTC-1,0.004356,0.995628,0.000008,0.000008
ACTGCGGACACACCGT-1,0.034061,0.965919,0.00001,0.00001
ACTGCTCGGAAGGATG-1,0.244457,0.755128,0.000207,0.000207
ACTGGCGAACCTGCGT-1,0.004037,0.995952,0.000005,0.000005
ACTGGGATGCCAGTGC-1,0.435262,0.564507,0.000116,0.000116
ACTGTACGATACACAT-1,0.026482,0.973495,0.000012,0.000012
ACTGTAGCACTTTGGA-1,0.0148,0.985175,0.000012,0.000012
ACTGTATACGCGAGCA-1,0.046044,0.95391,0.000023,0.000023
ACTGTCCAGGATTATA-1,0.016854,0.983117,0.000014,0.000014
ACTGTCTTCTTTAGAA-1,0.015642,0.984325,0.000017,0.000017
ACTGTGCTAGTAGATC-1,0.352066,0.647875,0.000029,0.000029
ACTTACCGGGCGCGCA-1,0.004762,0.995223,0.000007,0.000007
ACTTACGCATCCACGC-1,0.034739,0.965109,0.000076,0.000076
ACTTAGTACGACAAGA-1,0.028399,0.971545,0.000028,0.000028
ACTTATACTTACCCGG-1,0.997474,0.002473,0.000026,0.000026
ACTTATTAGGATCGGT-1,0.002463,0.997509,0.000014,0.000014
ACTTATTTATGTGCCA-1,0.950332,0.049563,0.000052,0.000052
ACTTCAGGCTGATCCC-1,0.13444,0.865512,0.000024,0.000024
ACTTCCAGTGGAAGCT-1,0.285897,0.714017,0.000043,0.000043
ACTTCCATGCGGGACA-1,0.045471,0.954354,0.000087,0.000087
ACTTCGCCATACGCAC-1,0.036168,0.963783,0.000024,0.000024
ACTTCGCTAGCGAGTG-1,0.038814,0.961176,0.000005,0.000005
ACTTGACTCCCTCTTT-1,0.041645,0.958332,0.000012,0.000012
ACTTGCTCTATCTACC-1,0.54482,0.455106,0.000037,0.000037
ACTTGGGACCCGGTGG-1,0.000023,0.999955,0.000011,0.000011
ACTTGGGCTTTCGCCA-1,0.017094,0.965812,0.008547,0.008547
ACTTGTAGTCCCTTCA-1,0.27033,0.729571,0.000049,0.000049
ACTTGTGGATGGAACG-1,0.826605,0.173316,0.00004,0.00004
ACTTGTTACCGGATCA-1,0.74629,0.25354,0.000085,0.000085
ACTTTACCCTCATGAA-1,0.083969,0.915999,0.000016,0.000016
ACTTTATACACCACTT-1,0.520667,0.479069,0.000132,0.000132
ACTTTCCTATAGCTTC-1,0.051567,0.9484,0.000017,0.000017
ACTTTGACTGCATCCT-1,0.869732,0.130181,0.000043,0.000043
ACTTTGGTCGTGCTCC-1,0.294865,0.705039,0.000048,0.000048
ACTTTGTCGACGCACT-1,0.985687,0.01427,0.000021,0.000021
AGAAATTATGACTCGC-1,0.869005,0.130977,0.000009,0.000009
AGAACACGGCGATGGT-1,0.346727,0.653172,0.00005,0.00005
AGAACCCAGCGTGACA-1,0.148475,0.851463,0.000031,0.000031
AGAACCCTCAATTGGG-1,0.292469,0.707471,0.00003,0.00003
AGAACGTGGTACATTC-1,0.02043,0.979542,0.000014,0.000014
AGAACTGTACTTTGTA-1,0.414185,0.585722,0.000047,0.000047
AGAAGAGCGCCGTTCC-1,0.991093,0.007288,0.00081,0.00081
AGAAGGTACACTTCAC-1,0.10329,0.896577,0.000066,0.000066
AGAAGGTTGCCGAATT-1,0.00002,0.999959,0.00001,0.00001
AGAAGGTTGTAGGTCG-1,0.029244,0.970691,0.000033,0.000033
AGAAGTGATTCGTGAT-1,0.000208,0.999584,0.000104,0.000104
AGAATAAATCTTCAGG-1,0.89941,0.100548,0.000021,0.000021
AGAATACAGGCTATCC-1,0.408168,0.591591,0.000121,0.000121
AGAATGCGGGTTCGGA-1,0.000007,0.999986,0.000003,0.000003
AGAATTATGGATTCGA-1,0.043964,0.95599,0.000023,0.000023
AGAATTGTTTGACATA-1,0.597555,0.40237,0.000038,0.000038
AGACAGCTCAGAATCC-1,0.894354,0.105573,0.000037,0.000037
AGACAGGCATCTCAGC-1,0.753601,0.246336,0.000032,0.000032
AGACATAGATCCTTCC-1,0.010884,0.989097,0.00001,0.00001
AGACCAAACCACACCT-1,0.098571,0.901315,0.000057,0.000057
AGACCATGGGATACAA-1,0.100994,0.898992,0.000007,0.000007
AGACCCACCGCTGATC-1,0.040214,0.959759,0.000014,0.000014
AGACCCGCCCTCCTCG-1,0.000854,0.999118,0.000014,0.000014
AGACCGCTCCGCGGTT-1,0.9221,0.077852,0.000024,0.000024
AGACCGGGAAACCCTG-1,0.200996,0.798925,0.000039,0.000039
AGACGAAGTGCCGGTC-1,0.826895,0.17299,0.000058,0.000058
AGACGACGATGCCGCT-1,0.00001,0.999981,0.000005,0.000005
AGACGCCCACTTCGCC-1,0.811677,0.188228,0.000047,0.000047
AGACGGGCCGATTTAA-1,0.001664,0.998324,0.000006,0.000006
AGACTAGCCTTCCAGA-1,0.011475,0.988503,0.000011,0.000011
AGACTGTTACCGGGTC-1,0.201267,0.798374,0.000179,0.000179
AGAGAAACACCAGAAA-1,0.569833,0.429906,0.000131,0.000131
AGAGAACCGTCTAGGA-1,0.032658,0.967316,0.000013,0.000013
AGAGAAGGAGTACAAT-1,0.270675,0.728765,0.00028,0.00028
AGAGATCTCTAAAGCG-1,0.340004,0.659946,0.000025,0.000025
AGAGCAGTTATGAGAC-1,0.7751,0.22479,0.000055,0.000055
AGAGCCGCCGAGATTT-1,0.96157,0.038386,0.000022,0.000022
AGAGCGCTTGTAACGG-1,0.000015,0.999973,0.000006,0.000006
AGAGCGGGCTAATCAT-1,0.019942,0.98005,0.000004,0.000004
AGAGCGTACAAGCTCG-1,0.332653,0.667293,0.000027,0.000027
AGAGCTACGAAAGCAT-1,0.86238,0.137437,0.000092,0.000092
AGAGGCTTCGGAAACC-1,0.683587,0.316373,0.00002,0.00002
AGAGGGACAATTGTCC-1,0.054435,0.945488,0.000038,0.000038
AGAGTAAACTTCACTA-1,0.837021,0.162927,0.000026,0.000026
AGAGTATAGTGTTACG-1,0.016212,0.983779,0.000005,0.000005
AGAGTCTTAATGAAAG-1,0.87731,0.119345,0.001672,0.001672
AGAGTTAGAGACCGAT-1,0.030898,0.969076,0.000013,0.000013
AGAGTTGCAGGCCTCC-1,0.00044,0.999553,0.000004,0.000004
AGATAACTTCAGGGCC-1,0.000006,0.999987,0.000003,0.000003
AGATAATCACACCTAT-1,0.950225,0.040725,0.004525,0.004525
AGATACCAATAGAACC-1,0.877498,0.122481,0.00001,0.00001
AGATACCAGCACTTCA-1,0.000008,0.999984,0.000004,0.000004
AGATACCGGTGTTCAC-1,0.015526,0.984441,0.000016,0.000016
AGATACGACTTCATAT-1,0.000039,0.999922,0.000019,0.000019
AGATACTCAAGATCGA-1,0.190569,0.809334,0.000048,0.000048
AGATATAATACGACTA-1,0.36235,0.637584,0.000033,0.000033
AGATCGTGCATAAGAT-1,0.052481,0.947501,0.000009,0.000009
AGATCTCAGGTGTGAT-1,0.033002,0.966972,0.000013,0.000013
AGATCTGGAGAGGATA-1,0.492205,0.507728,0.000033,0.000033
AGATGACTCGCCCACG-1,0.015325,0.984641,0.000017,0.000017
AGATGAGGGTTGCGAT-1,0.000013,0.999974,0.000007,0.000007
AGATGATGGAGTCTGG-1,0.061432,0.938523,0.000022,0.000022
AGATGCAAGACGTGCA-1,0.272708,0.726526,0.000383,0.000383
AGATGCATCCTGTGTC-1,0.220549,0.779372,0.00004,0.00004
AGATGCTATAACGAGC-1,0.930546,0.069403,0.000025,0.000025
AGATTATAGGACGTTT-1,0.045978,0.954001,0.000011,0.000011
AGATTCACAACCGATA-1,0.037833,0.962004,0.000082,0.000082
AGCAAAGGCCGCTAGT-1,0.179445,0.820373,0.000091,0.000091
AGCAACATATCTTATT-1,0.96802,0.031916,0.000032,0.000032
AGCAACCGAAAGTAAT-1,0.208833,0.790859,0.000154,0.000154
AGCACACGTTTAGACT-1,0.494219,0.505678,0.000052,0.000052
AGCACCAGTACTCACG-1,0.003066,0.996913,0.000011,0.000011
AGCACTACCGGCCTGT-1,0.66828,0.331363,0.000178,0.000178
AGCACTACCTCACCAG-1,0.07929,0.920658,0.000026,0.000026
AGCACTTAAGGACGCC-1,0.116833,0.88315,0.000009,0.000009
AGCAGAAGGAGAAAGA-1,0.294833,0.70508,0.000044,0.000044
AGCAGCCAGATGAATA-1,0.209506,0.790035,0.00023,0.00023
AGCAGTCGAAGCATGC-1,0.121114,0.878859,0.000014,0.000014
AGCATATCAATATGCT-1,0.785306,0.214613,0.000041,0.000041
AGCATCATTTCGAAAG-1,0.134898,0.864916,0.000093,0.000093
AGCATCGTCGATAATT-1,0.021782,0.978178,0.00002,0.00002
AGCATTACGAGGCAAG-1,0.772209,0.22768,0.000055,0.000055
AGCCAAGCTTTGTGTC-1,0.193058,0.806725,0.000108,0.000108
AGCCACAGGTTACCCG-1,0.035722,0.964155,0.000062,0.000062
AGCCACTCCCGTGCTT-1,0.038994,0.960979,0.000013,0.000013
AGCCATATAGTATGTG-1,0.178479,0.821472,0.000024,0.000024
AGCCCATACATGTAAG-1,0.232983,0.766816,0.000101,0.000101
AGCCCGCAACAAGCAG-1,0.225528,0.774302,0.000085,0.000085
AGCCCGCACTACAATG-1,0.999112,0.000726,0.000081,0.000081
AGCCCGGCATTAGAGG-1,0.421861,0.57743,0.000354,0.000354
AGCCCGGTAGCCTGTA-1,0.320412,0.679236,0.000176,0.000176
AGCCCTAAGCGAAGTT-1,0.081632,0.918345,0.000012,0.000012
AGCCCTCCCTGGTGGC-1,0.51555,0.483837,0.000306,0.000306
AGCCCTGTCGCACCGT-1,0.125603,0.874303,0.000047,0.000047
AGCCCTTCTAATCCGA-1,0.056262,0.943722,0.000008,0.000008
AGCCCTTGGACATCCC-1,0.884677,0.115257,0.000033,0.000033
AGCCGCAAATTCAAAT-1,0.824438,0.175419,0.000072,0.000072
AGCCGCTTGATTAGCG-1,0.328242,0.662143,0.004808,0.004808
AGCCGTGGCTAAATGT-1,0.263733,0.735817,0.000225,0.000225
AGCCTAATACCCACGT-1,0.016905,0.983081,0.000007,0.000007
AGCCTTAAAGCGGAAG-1,0.792651,0.207212,0.000068,0.000068
AGCCTTGTCACTGATA-1,0.491619,0.508158,0.000112,0.000112
AGCGACAGGAACGGTC-1,0.151754,0.847977,0.000134,0.000134
AGCGACATCCCATTCA-1,0.024203,0.975774,0.000011,0.000011
AGCGACCAACGATATT-1,0.012189,0.987785,0.000013,0.000013
AGCGACTTTGAAGACA-1,0.019231,0.864859,0.106295,0.009615
AGCGAGACGTGAAGGC-1,0.315929,0.684007,0.000032,0.000032
AGCGATGCGCCTAATA-1,0.809995,0.18989,0.000057,0.000057
AGCGCATAATGAATCG-1,0.251539,0.74795,0.000256,0.000256
AGCGCGGGTGCCAATG-1,0.018756,0.981234,0.000005,0.000005
AGCGCTAGAGCGATGT-1,0.048009,0.951959,0.000016,0.000016
AGCGCTTATGGGCAAG-1,0.054215,0.945759,0.000013,0.000013
AGCGGACACTTCGTAG-1,0.364262,0.635333,0.000202,0.000202
AGCGGCGGTTAGCGGT-1,0.053416,0.946554,0.000015,0.000015
AGCGGGAAGGGTCCAT-1,0.045666,0.954284,0.000025,0.000025
AGCGGGTCTGACACTC-1,0.315814,0.684119,0.000033,0.000033
AGCGGTTGCCGCTCTG-1,0.000009,0.999981,0.000005,0.000005
AGCGTACGAGAGCTAG-1,0.550117,0.449789,0.000047,0.000047
AGCGTCTGAACCCGCA-1,0.000011,0.999978,0.000006,0.000006
AGCGTGGTATTCTACT-1,0.029163,0.970818,0.00001,0.00001
AGCTAACAAGCAATGT-1,0.195118,0.804736,0.000073,0.000073
AGCTAAGCTCCGTCCG-1,0.495675,0.502471,0.000927,0.000927
AGCTAAGTACGCAGGC-1,0.169662,0.830233,0.000052,0.000052
AGCTACGAATGGTGGT-1,0.60594,0.368419,0.012821,0.012821
AGCTAGAAGCAGAAGT-1,0.007619,0.992362,0.000009,0.000009
AGCTATTTAATCCAAC-1,0.056249,0.943728,0.000011,0.000011
AGCTCCATATATGTTC-1,0.944795,0.055155,0.000025,0.000025
AGCTCCTTCGCACATC-1,0.150241,0.84968,0.00004,0.00004
AGCTCGTTGATGGAAA-1,0.00217,0.99782,0.000005,0.000005
AGCTCTAGACGTTCCA-1,0.052188,0.9478,0.000006,0.000006
AGCTCTTCCCAGTGCA-1,0.015103,0.984877,0.00001,0.00001
AGCTCTTCGTAACCTT-1,0.81619,0.183695,0.000058,0.000058
AGCTCTTTACTCAGTT-1,0.021629,0.978319,0.000026,0.000026
AGCTGAAGTAAACCAA-1,0.006052,0.993927,0.000011,0.000011
AGCTGTAACCTCAATC-1,0.128149,0.871336,0.000257,0.000257
AGCTTATAGAGACCTG-1,0.012021,0.987958,0.00001,0.00001
AGCTTCTTCTCGAGCA-1,0.841791,0.158165,0.000022,0.000022
AGCTTGATCAGGGTAG-1,0.386298,0.613355,0.000173,0.000173
AGCTTGATCTTAACTT-1,0.239217,0.760455,0.000164,0.000164
AGGAACGAACGACTTC-1,0.848775,0.151171,0.000027,0.000027
AGGAAGCTGTCCGCCG-1,0.301945,0.697671,0.000192,0.000192
AGGACAGTCGAATCCC-1,0.676205,0.32356,0.000117,0.000117
AGGACATCGCACGTCG-1,0.000025,0.99995,0.000012,0.000012
AGGACATCGGCACACT-1,0.934682,0.065252,0.000033,0.000033
AGGACGACCCATTAGA-1,0.000027,0.999946,0.000014,0.000014
AGGACGCTCGATGTTG-1,0.035743,0.964233,0.000012,0.000012
AGGACTTATAGGAGAA-1,0.894357,0.10543,0.000106,0.000106
AGGAGACATCCACAGT-1,0.061626,0.938362,0.000006,0.000006
AGGAGAGTCTGGCTAC-1,0.009372,0.990619,0.000005,0.000005
AGGAGCGTTTATTATC-1,0.448534,0.536081,0.007692,0.007692
AGGAGGCCTTCGCGCG-1,0.825114,0.17482,0.000033,0.000033
AGGATAAAGTCGGGAT-1,0.034631,0.965324,0.000023,0.000023
AGGATATAGGGATTTA-1,0.837114,0.162795,0.000045,0.000045
AGGATATCCGACTGCA-1,0.33611,0.66384,0.000025,0.000025
AGGATCACGCGATCTG-1,0.128895,0.871014,0.000045,0.000045
AGGATTGCTTACGACA-1,0.007792,0.992197,0.000005,0.000005
AGGCACGTGACTGTCC-1,0.869034,0.130904,0.000031,0.000031
AGGCAGATGCGTAAAC-1,0.046205,0.953769,0.000013,0.000013
