Barcode,Topic 1,Topic 2,Topic 3,Topic 4,Topic 5,Topic 6,Topic 7,Topic 8,Topic 9,Topic 10,Topic 11,Topic 12
AAACAAGTATCTCCCA-1,0.000011,0.080544,0.004664,0.036006,0.037538,0.221164,0.156589,0.426617,0.01181,0.01102,0.004384,0.009653
AAACAATCTACTAGCA-1,0.000033,0.000033,0.000033,0.000033,0.000033,0.000033,0.000033,0.000033,0.641923,0.057065,0.281228,0.019523
AAACACCAATAACTGC-1,0.00001,0.087319,0.564543,0.119848,0.008279,0.033255,0.050704,0.062636,0.00629,0.034379,0.004902,0.027835
AAACAGAGCGACTCCT-1,0.000108,0.000108,0.000108,0.000108,0.000108,0.000108,0.000108,0.000108,0.000108,0.503326,0.468827,0.026872
AAACAGCTTTCAGAAG-1,0.000009,0.482743,0.116964,0.224608,0.008538,0.023356,0.024305,0.030018,0.016128,0.042932,0.009205,0.021193
AAACAGGGTCTATATT-1,0.000011,0.45769,0.133463,0.116474,0.020263,0.014901,0.042416,0.021217,0.013914,0.039452,0.064981,0.075218
AAACATTTCCCGGATT-1,0.000013,0.031739,0.025149,0.138199,0.019345,0.090566,0.364749,0.205851,0.024943,0.019773,0.006427,0.073245
AAACCACTACACAGAT-1,0.000106,0.000106,0.28034,0.01455,0.000106,0.013116,0.000106,0.015702,0.111862,0.070146,0.481135,0.012725
AAACCCGAACGAAATC-1,0.000011,0.03961,0.017077,0.112547,0.037019,0.159719,0.136906,0.428398,0.024937,0.016509,0.003166,0.0241
AAACCGGAAATGTTAA-1,0.053194,0.074404,0.021377,0.02099,0.087762,0.047952,0.079298,0.115747,0.030984,0.097759,0.085576,0.284957
AAACCGGGTAGGTACC-1,0.00002,0.223413,0.321509,0.017912,0.00455,0.132018,0.02847,0.082677,0.015195,0.079004,0.029963,0.065268
AAACCGTTCGTCCAGG-1,0.000021,0.073065,0.069971,0.096896,0.006893,0.099675,0.093239,0.079144,0.067564,0.098852,0.016264,0.298416
AAACCTAAGCAGCCGG-1,0.000016,0.012172,0.074647,0.090447,0.026333,0.07838,0.12015,0.105194,0.026705,0.33892,0.023383,0.103652
AAACCTCATGAAGTTG-1,0.00001,0.360122,0.300831,0.026304,0.013894,0.123911,0.061874,0.040934,0.015237,0.023397,0.009936,0.02355
AAACGAAGAACATACC-1,0.000011,0.003057,0.000011,0.001177,0.000011,0.30942,0.003932,0.012908,0.66944,0.000011,0.000011,0.000011
AAACGACAGTCTTGCC-1,0.000163,0.000163,0.013102,0.000163,0.000163,0.000163,0.038202,0.000163,0.000163,0.575728,0.091698,0.280126
AAACGAGACGGTTGAT-1,0.334898,0.091454,0.027997,0.005992,0.226583,0.043579,0.041717,0.088581,0.008228,0.018303,0.071372,0.041297
AAACGCCCGAGATCGG-1,0.000185,0.000185,0.000185,0.000185,0.000185,0.000185,0.000185,0.000185,0.000185,0.250361,0.747792,0.000185
AAACGGGTTGGTATCC-1,0.000074,0.000074,0.000074,0.000074,0.000074,0.000074,0.000074,0.000074,0.861028,0.049944,0.037646,0.050789
AAACGTGTTCGCCCTA-1,0.019578,0.063239,0.000078,0.000078,0.009128,0.319623,0.000078,0.048719,0.000078,0.021507,0.475335,0.042557
AAACTAACGTGGCGAC-1,0.000152,0.000152,0.000152,0.000152,0.000152,0.054694,0.000152,0.42315,0.000152,0.337072,0.183872,0.000152
AAACTCGGTTCGCAAT-1,0.000017,0.033338,0.08078,0.267718,0.009008,0.097565,0.095915,0.032236,0.026847,0.237409,0.054457,0.064709
AAACTCGTGATATAAG-1,0.03674,0.000074,0.000074,0.000074,0.084003,0.265228,0.000074,0.175058,0.016036,0.109429,0.210462,0.10275
AAACTGCTGGCTCCAA-1,0.006403,0.001542,0.089064,0.03847,0.049095,0.077672,0.094396,0.041559,0.009876,0.304482,0.057052,0.230389
AAACTTGCAAACGTAT-1,0.000007,0.78381,0.028291,0.051828,0.005325,0.003983,0.035149,0.015024,0.014074,0.013616,0.012771,0.036122
AAAGACATGAAGTTTA-1,0.000017,0.008203,0.063147,0.123627,0.000017,0.117529,0.003206,0.004679,0.617887,0.054268,0.006319,0.001101
AAAGACCCAAGTCGCG-1,0.000033,0.000033,0.010042,0.008421,0.004709,0.001153,0.000033,0.000403,0.460466,0.29103,0.165102,0.058575
AAAGACTGGGCGCTTT-1,0.065221,0.072177,0.286694,0.04615,0.075886,0.097278,0.052991,0.024736,0.0167,0.199722,0.019169,0.043278
AAAGCTTGCCTACATA-1,0.021913,0.000056,0.000056,0.000056,0.000056,0.000056,0.000056,0.000056,0.073474,0.694752,0.197437,0.01203
AAAGGCTACGGACCAT-1,0.000015,0.083378,0.111468,0.105674,0.001015,0.113355,0.263605,0.056747,0.042464,0.154511,0.025016,0.042751
AAAGGCTCTCGCGCCG-1,0.000015,0.016062,0.21051,0.046222,0.000965,0.449097,0.050915,0.023155,0.046788,0.094417,0.0061,0.055755
AAAGGGATGTAGCAAG-1,0.000066,0.000066,0.000066,0.000066,0.000066,0.000066,0.000066,0.000066,0.265781,0.59441,0.131733,0.007545
AAAGGGCAGCTTGAAT-1,0.000047,0.000047,0.001871,0.139171,0.000047,0.000047,0.000047,0.000047,0.023261,0.81614,0.006928,0.012347
AAAGGTAAGCTGTACC-1,0.000075,0.039355,0.000075,0.040557,0.000075,0.212956,0.005472,0.104654,0.000075,0.069318,0.34464,0.182747
AAAGGTCAACGACATG-1,0.000014,0.011952,0.000049,0.022812,0.000014,0.577012,0.001441,0.000247,0.386416,0.000014,0.000014,0.000014
AAAGTAGCATTGCTCA-1,0.000022,0.02466,0.237962,0.195914,0.000022,0.005723,0.011725,0.01862,0.008371,0.143522,0.022153,0.331306
AAAGTCACTGATGTAA-1,0.000038,0.019021,0.000038,0.015934,0.000038,0.137874,0.000038,0.023446,0.333844,0.099919,0.366395,0.003413
AAAGTCGACCCTCAGT-1,0.002482,0.089534,0.512991,0.021243,0.004016,0.264412,0.018098,0.041211,0.038478,0.001214,0.004813,0.001509
AAAGTGTGATTTATCT-1,0.000022,0.035505,0.001194,0.006776,0.059613,0.106246,0.145713,0.41415,0.00176,0.139843,0.065554,0.023622
AAAGTTGACTCCCGTA-1,0.00003,0.002525,0.014628,0.041035,0.071185,0.024808,0.11693,0.18129,0.032531,0.316369,0.108385,0.090283
AAATAACCATACGGGA-1,0.00006,0.00006,0.00006,0.00006,0.00006,0.00006,0.00006,0.029104,0.00006,0.060599,0.900283,0.00953
AAATAAGGTAGTGCCC-1,0.014261,0.131112,0.005698,0.017433,0.339994,0.043099,0.065553,0.031926,0.049888,0.106946,0.05613,0.137959
AAATACCTATAAGCAT-1,0.000021,0.087873,0.034042,0.149725,0.017561,0.12986,0.141289,0.198378,0.009669,0.114485,0.036669,0.08043
AAATAGCTTAGACTTT-1,0.028387,0.020566,0.015517,0.047189,0.171882,0.031187,0.074574,0.053628,0.037494,0.329349,0.071604,0.118623
AAATAGGGTGCTATTG-1,0.000023,0.03773,0.047902,0.055241,0.043057,0.054583,0.089487,0.335339,0.013494,0.221615,0.01906,0.08247
AAATCACTCCTAAACG-1,0.000156,0.000156,0.000156,0.000156,0.000156,0.283925,0.000156,0.000156,0.003389,0.36105,0.350385,0.000156
AAATCCGATACACGCC-1,0.000009,0.029378,0.014302,0.010939,0.014316,0.087015,0.197238,0.329938,0.061937,0.033483,0.041151,0.180294
AAATCGTGTACCACAA-1,0.000028,0.026292,0.188087,0.014153,0.003839,0.182639,0.039158,0.222134,0.035508,0.157095,0.061862,0.069204
AAATCTAGCCCTGCTA-1,0.000011,0.036161,0.020168,0.082277,0.014777,0.145364,0.147118,0.451523,0.024933,0.021957,0.005199,0.050513
AAATGATTCGATCAGC-1,0.000138,0.03754,0.000138,0.000138,0.000138,0.000138,0.000138,0.167863,0.000138,0.38174,0.411756,0.000138
AAATGCTCGTTACGTT-1,0.00005,0.00005,0.00005,0.00005,0.00005,0.00005,0.00005,0.00005,0.759862,0.037955,0.10367,0.09811
AAATGGCATGTCTTGT-1,0.000035,0.006291,0.000035,0.000043,0.023031,0.282171,0.000035,0.141643,0.15932,0.023381,0.31702,0.046995
AAATGGCCCGTGCCCT-1,0.025708,0.079386,0.432931,0.19572,0.006551,0.014615,0.025285,0.017563,0.038472,0.044955,0.018949,0.099865
AAATGGTCAATGTGCC-1,0.000047,0.000047,0.000047,0.000047,0.000047,0.000047,0.000047,0.000047,0.047365,0.864086,0.009513,0.078663
AAATGTATCTTATCCC-1,0.244111,0.000077,0.000077,0.119356,0.000077,0.000077,0.000077,0.000077,0.000077,0.635841,0.000077,0.000077
AAATGTGGGTGCTCCT-1,0.000037,0.000037,0.000037,0.000037,0.000037,0.000037,0.000037,0.000037,0.611403,0.039276,0.30996,0.039067
AAATTAACGGGTAGCT-1,0.000086,0.000086,0.000086,0.000086,0.000086,0.000086,0.000086,0.000086,0.000086,0.999058,0.000086,0.000086
AAATTAATAAGCGCGA-1,0.010103,0.044309,0.135274,0.199679,0.001033,0.002049,0.012228,0.004967,0.031575,0.462904,0.034359,0.061522
AAATTACACGACTCTG-1,0.00005,0.032728,0.00005,0.044314,0.00005,0.035383,0.014691,0.004479,0.256831,0.033139,0.206588,0.371698
AAATTACCTATCGATG-1,0.048703,0.000046,0.000046,0.000046,0.000046,0.01207,0.000046,0.038391,0.000046,0.810865,0.089645,0.000046
AAATTCCAGGTCCAAA-1,0.002857,0.084566,0.018892,0.024514,0.268082,0.102687,0.175472,0.097288,0.046301,0.062784,0.036885,0.079673
AAATTGATAGTCCTTT-1,0.000021,0.07463,0.187585,0.078005,0.001075,0.176988,0.148114,0.028302,0.031727,0.112048,0.039772,0.121735
AAATTGCGGCGGTTCT-1,0.000098,0.000098,0.000098,0.000098,0.000098,0.000098,0.000098,0.000098,0.278286,0.175675,0.545156,0.000098
AAATTGGTGAGAAGCA-1,0.000027,0.059553,0.000027,0.000027,0.000027,0.793367,0.000027,0.077781,0.000027,0.000027,0.041451,0.027656
AAATTTACCGAAATCC-1,0.000039,0.000039,0.000039,0.082044,0.000039,0.010371,0.000039,0.000039,0.085665,0.807169,0.014474,0.000039
AAATTTGCGGGTGTGG-1,0.000024,0.013235,0.38014,0.046341,0.010637,0.040141,0.082943,0.046785,0.002551,0.078911,0.184289,0.114004
AACAACTGGTAGTTGC-1,0.000082,0.000082,0.000082,0.000082,0.000082,0.000082,0.000082,0.000082,0.080198,0.865772,0.000082,0.053287
AACAATACATTGTCGA-1,0.00001,0.045309,0.127598,0.118103,0.007024,0.200806,0.144333,0.224453,0.023705,0.041985,0.007677,0.058996
AACAATTACTCTACGC-1,0.000045,0.000694,0.284186,0.06505,0.000045,0.000045,0.000273,0.000045,0.017358,0.476452,0.007015,0.148791
AACACACGCTCGCCGC-1,0.000012,0.025023,0.013567,0.056701,0.009435,0.263854,0.292692,0.267454,0.011367,0.010687,0.006991,0.042218
AACACGACTGTACTGA-1,0.000022,0.009658,0.026894,0.003767,0.000022,0.209473,0.005726,0.073945,0.510527,0.002214,0.154967,0.002784
AACACGAGACGCGGCC-1,0.00002,0.154117,0.270355,0.024335,0.001626,0.010252,0.065744,0.018133,0.011028,0.190209,0.041473,0.212709
AACACGCGGCCGCGAA-1,0.000028,0.000028,0.000028,0.000028,0.001309,0.000028,0.000028,0.000028,0.663189,0.000028,0.29038,0.044897
AACAGCTGTGTGGCAA-1,0.000014,0.012336,0.382335,0.146774,0.002605,0.024922,0.026136,0.030352,0.02071,0.129574,0.021787,0.202455
AACAGGAAATCGAATA-1,0.000024,0.000024,0.000024,0.000024,0.001822,0.202139,0.00326,0.026347,0.674976,0.08372,0.007615,0.000024
AACAGGATGGGCCGCG-1,0.000038,0.056988,0.176022,0.150319,0.018447,0.004754,0.017073,0.020713,0.085127,0.267545,0.02512,0.177853
AACAGGTAGTATGGAT-1,0.000021,0.017287,0.016374,0.008908,0.212766,0.069638,0.022358,0.349297,0.01106,0.145532,0.053105,0.093654
AACATATCAACTGGTG-1,0.100813,0.000044,0.000044,0.000044,0.000044,0.000044,0.000044,0.000044,0.000044,0.889946,0.008842,0.000044
AACATCGATACGTCTA-1,0.000101,0.026756,0.000101,0.000101,0.006982,0.184536,0.000101,0.111348,0.000101,0.094174,0.346771,0.228929
AACATTGTGACTCGAG-1,0.000007,0.236764,0.016756,0.240877,0.003925,0.176868,0.240659,0.037965,0.022012,0.014296,0.003296,0.006574
AACCAAGACTTCTCTG-1,0.000024,0.032668,0.321243,0.079242,0.000024,0.000403,0.016217,0.00246,0.008095,0.348048,0.016038,0.17554
AACCAGTATCACTCTT-1,0.000069,0.000069,0.181499,0.053431,0.000069,0.000069,0.000069,0.000069,0.391562,0.13949,0.034102,0.199501
AACCATGGGATCGCTA-1,0.000056,0.000056,0.000056,0.000056,0.000056,0.000056,0.000056,0.000056,0.743312,0.010541,0.124177,0.121524
AACCCAGAGACGGAGA-1,0.000032,0.000032,0.000032,0.000032,0.000032,0.000032,0.000032,0.000032,0.789608,0.000032,0.122318,0.087782
AACCCATCCCATGATC-1,0.000011,0.09771,0.735517,0.035649,0.001632,0.007849,0.024228,0.011327,0.003399,0.007623,0.055162,0.019893
AACCCGAGCAGAATCG-1,0.012536,0.03373,0.016383,0.078227,0.037585,0.134835,0.280832,0.346748,0.01648,0.027947,0.003272,0.011422
AACCCGATAGGGCTTC-1,0.000041,0.000252,0.002758,0.000041,0.000443,0.275114,0.000539,0.21308,0.021522,0.129824,0.260746,0.095641
AACCCTACTGTCAATA-1,0.000028,0.004516,0.025802,0.02628,0.137811,0.027927,0.164666,0.175006,0.034944,0.139236,0.006762,0.257022
AACCCTGGTGGAACCA-1,0.000025,0.000025,0.026998,0.008654,0.000025,0.000025,0.000025,0.000025,0.438829,0.142842,0.233573,0.148954
AACCGAGCTTGGTCAT-1,0.009528,0.002459,0.001498,0.00005,0.00005,0.071978,0.00005,0.001032,0.290441,0.488978,0.094345,0.03959
AACCGCTAAGGGATGC-1,0.000018,0.015366,0.02367,0.103835,0.003456,0.062697,0.019503,0.502376,0.002217,0.090569,0.023458,0.152835
AACCGTTGTGTTTGCT-1,0.000069,0.000069,0.000069,0.000069,0.000069,0.000069,0.000069,0.000069,0.604666,0.254155,0.089789,0.050841
AACCTAAAGCCGTCCG-1,0.00002,0.008126,0.009131,0.044518,0.003619,0.015987,0.027418,0.015053,0.644178,0.026416,0.161771,0.043763
AACCTCGCTTTAGCCC-1,0.000022,0.02601,0.090429,0.166629,0.005897,0.155987,0.082976,0.079045,0.024784,0.082323,0.07184,0.214056
AACCTGTCACGGAATT-1,0.001791,0.076281,0.026797,0.065647,0.107606,0.233465,0.09825,0.235484,0.031386,0.071834,0.009536,0.041924
AACCTTTAAATACGGT-1,0.000025,0.027782,0.074598,0.152576,0.00391,0.092117,0.082889,0.083347,0.097356,0.229542,0.006843,0.149016
AACCTTTACGACGTCT-1,0.019814,0.000102,0.000102,0.000102,0.000102,0.000102,0.000102,0.000102,0.000102,0.187849,0.58794,0.203579
AACGATAATGCCGTAG-1,0.00002,0.010221,0.066615,0.148443,0.001807,0.217496,0.095065,0.131444,0.004223,0.09969,0.010851,0.214125
AACGATAGAAGGGCCG-1,0.000054,0.011812,0.055324,0.000054,0.049528,0.009012,0.002427,0.03126,0.198244,0.134042,0.417755,0.090487
AACGATATGTCAACTG-1,0.019987,0.002291,0.000046,0.000046,0.00156,0.207713,0.000046,0.193544,0.025957,0.223955,0.316342,0.008514
AACGCATGATCTGGGT-1,0.000055,0.026079,0.000055,0.000055,0.001433,0.17848,0.000055,0.247551,0.000055,0.121173,0.415453,0.009555
AACGCGAACGGCAACA-1,0.000019,0.000019,0.000019,0.000019,0.005265,0.090741,0.006537,0.041439,0.536701,0.000262,0.214649,0.104331
AACGCGGTCTCCAGCC-1,0.009428,0.000056,0.000056,0.000056,0.000056,0.000056,0.000056,0.000056,0.362918,0.383449,0.090715,0.1531
AACGCTGTTGCTGAAA-1,0.000023,0.002424,0.042146,0.025428,0.018363,0.074237,0.093796,0.359378,0.022567,0.038782,0.048096,0.274759
AACGGACGTACGTATA-1,0.000021,0.013333,0.052007,0.030167,0.008867,0.063541,0.137044,0.250397,0.005253,0.055814,0.155592,0.227965
AACGGCCATCTCCGGT-1,0.000031,0.017857,0.149634,0.04629,0.000031,0.007274,0.000299,0.017746,0.028673,0.281802,0.152924,0.297438
AACGTACTGTGGGTAC-1,0.000037,0.013737,0.175677,0.098269,0.00558,0.046081,0.076763,0.006038,0.050986,0.248901,0.027076,0.250855
AACGTAGTCTACCCAT-1,0.000038,0.000038,0.000038,0.000038,0.000038,0.000038,0.000038,0.000038,0.780664,0.000038,0.125355,0.093638
AACGTCAGACTAGTGG-1,0.000039,0.021067,0.047761,0.016922,0.000039,0.12814,0.047687,0.000039,0.664308,0.073919,0.000039,0.000039
AACGTGATGAAGGACA-1,0.000051,0.000051,0.000051,0.00409,0.001674,0.015672,0.026065,0.038926,0.248023,0.052612,0.321484,0.2913
AACGTGCGAAAGTCTC-1,0.082546,0.019771,0.006487,0.038435,0.052619,0.03096,0.337528,0.068143,0.040146,0.216348,0.022483,0.084533
AACGTTATCAGCACCT-1,0.019007,0.00006,0.00006,0.00006,0.00006,0.00006,0.00006,0.00006,0.024314,0.956135,0.00006,0.00006
AACTACCCGTTTGTCA-1,0.000026,0.018804,0.013432,0.060611,0.05645,0.050515,0.153467,0.142735,0.041174,0.140389,0.096897,0.225498
AACTAGCGTATCGCAC-1,0.000047,0.006599,0.000047,0.000047,0.000047,0.000047,0.000047,0.000047,0.432043,0.13802,0.240938,0.18207
AACTAGGCTTGGGTGT-1,0.000042,0.003204,0.166455,0.089432,0.000042,0.000042,0.021938,0.000042,0.02206,0.43154,0.149429,0.115772
AACTCAAGTTAATTGC-1,0.000026,0.059655,0.182081,0.152531,0.001281,0.033681,0.031675,0.037595,0.000268,0.206952,0.059377,0.234877
AACTCCAGAGCGTGTT-1,0.00001,0.061037,0.006463,0.068068,0.00745,0.340379,0.361731,0.146468,0.00379,0.000032,0.00001,0.004561
AACTCCTAATCCCATG-1,0.000044,0.022837,0.000044,0.016158,0.000298,0.109303,0.000044,0.02214,0.000044,0.143788,0.678423,0.006879
AACTCGATGGCGCAGT-1,0.000044,0.000044,0.000044,0.000044,0.000044,0.000044,0.000044,0.000044,0.732542,0.001347,0.205419,0.060337
AACTCTCAATAGAGCG-1,0.073851,0.013776,0.042898,0.069469,0.23204,0.019468,0.047977,0.022603,0.087206,0.157985,0.014771,0.217957
AACTCTCAGTGTGCTC-1,0.000021,0.047463,0.108866,0.062177,0.003717,0.151229,0.214525,0.090393,0.034964,0.082698,0.026932,0.177014
AACTGAGGTCAGCGTC-1,0.000311,0.000311,0.283822,0.000311,0.000311,0.000311,0.000311,0.000311,0.000311,0.358267,0.307874,0.047549
AACTGAGTTATACTGA-1,0.000009,0.069762,0.01523,0.022852,0.008232,0.347695,0.142336,0.393042,0.000724,0.000009,0.000009,0.0001
AACTGATATTAGGCCT-1,0.000034,0.00511,0.017651,0.000034,0.000034,0.0504,0.040717,0.006895,0.816466,0.011561,0.045361,0.005737
AACTGGGTCCCGACGT-1,0.004648,0.000016,0.000016,0.010915,0.000016,0.346413,0.005265,0.013515,0.608299,0.010864,0.000016,0.000016
AACTGGGTTCGAGCCG-1,0.000018,0.001615,0.055961,0.020574,0.000018,0.250258,0.002087,0.00532,0.658248,0.000018,0.005864,0.000018
AACTGGTGTGGGCCTT-1,0.000016,0.000016,0.000016,0.000559,0.000016,0.497558,0.009175,0.098289,0.056429,0.093721,0.244186,0.000016
AACTTCTGCGTCTATC-1,0.000071,0.000071,0.000071,0.000071,0.000071,0.000071,0.000071,0.000071,0.36099,0.618647,0.015139,0.004654
AACTTGCCCGTATGCA-1,0.002952,0.505583,0.079867,0.01338,0.02193,0.03561,0.020286,0.037443,0.007493,0.19391,0.016499,0.065049
AACTTGCGTTCTCGCG-1,0.000024,0.004581,0.000024,0.000024,0.000024,0.215047,0.000024,0.012979,0.764296,0.002928,0.000024,0.000024
AACTTTACGGGAGCTT-1,0.00722,0.004895,0.253186,0.089429,0.000035,0.055622,0.071666,0.121515,0.027219,0.267148,0.000078,0.101986
AACTTTAGCTGCTGAG-1,0.000051,0.000051,0.000051,0.000051,0.000051,0.000051,0.000051,0.000051,0.592714,0.133821,0.187393,0.085661
AACTTTCTCGATCATG-1,0.000113,0.000113,0.000113,0.000113,0.000113,0.139777,0.000113,0.041695,0.000113,0.639211,0.167394,0.011134
AAGAAATCACCAGATT-1,0.000294,0.000294,0.000294,0.000294,0.000294,0.402681,0.000294,0.146204,0.000294,0.409948,0.038811,0.000294
AAGAAGGATCAGTTAG-1,0.000041,0.000041,0.000041,0.000041,0.000041,0.000041,0.000041,0.000041,0.891572,0.050001,0.053148,0.004953
AAGACCCAACTGAACA-1,0.000016,0.036711,0.17394,0.146798,0.002713,0.093036,0.070561,0.020848,0.042924,0.159424,0.011458,0.24157
AAGACTAACCCGTTGT-1,0.000014,0.000014,0.000014,0.000014,0.000014,0.008122,0.000014,0.001537,0.924304,0.000014,0.036728,0.029208
AAGACTCACGCCCACT-1,0.000031,0.029975,0.021551,0.042445,0.000031,0.0471,0.001407,0.017699,0.459844,0.000031,0.357471,0.022418
AAGACTGCAAGCTACT-1,0.05509,0.109496,0.056216,0.08669,0.01947,0.046991,0.080003,0.041103,0.024917,0.455214,0.015506,0.009306
AAGAGATGAATCGGTA-1,0.000042,0.08073,0.019331,0.073173,0.000085,0.035217,0.012815,0.023039,0.063456,0.535758,0.012826,0.143528
AAGAGCTCTTTATCGG-1,0.38594,0.025005,0.018954,0.057505,0.204207,0.007993,0.017181,0.007189,0.02984,0.060983,0.021324,0.16388
AAGAGGATGTACGCGA-1,0.000015,0.37506,0.134394,0.055205,0.01316,0.176233,0.028781,0.077346,0.001464,0.113553,0.008037,0.016751
AAGAGGCATGGATCGC-1,0.053575,0.171051,0.017908,0.029135,0.196177,0.211566,0.140115,0.124937,0.022015,0.000019,0.008956,0.024545
AAGAGGCCCTTTGGAA-1,0.016273,0.007743,0.054122,0.045908,0.059615,0.03703,0.345215,0.161201,0.034559,0.107827,0.019137,0.111369
AAGATGGCACCGGACC-1,0.000015,0.033355,0.261708,0.103566,0.00541,0.091374,0.094401,0.05596,0.058372,0.133613,0.026405,0.13582
AAGATTGGCGGAACGT-1,0.04206,0.000059,0.000059,0.002549,0.000059,0.02368,0.025188,0.055614,0.081987,0.489378,0.256096,0.023272
AAGCACCCTGCGTATC-1,0.000021,0.013436,0.059414,0.024381,0.005318,0.180254,0.189677,0.024379,0.062993,0.334659,0.03822,0.067247
AAGCATACTCTCCTGA-1,0.005249,0.003013,0.063783,0.133952,0.000811,0.246798,0.181446,0.122857,0.034462,0.088714,0.000513,0.118404
AAGCCGAAGCGGTTTA-1,0.000012,0.009001,0.000807,0.015535,0.019995,0.17108,0.021055,0.700514,0.04478,0.007202,0.001507,0.008511
AAGCCGCTTTACCTTG-1,0.000147,0.000147,0.000147,0.000147,0.000147,0.708964,0.000147,0.000147,0.000147,0.000147,0.000147,0.289566
AAGCGGAGTGCGCGCA-1,0.007399,0.000057,0.000057,0.000057,0.000057,0.643906,0.000057,0.114958,0.000057,0.034388,0.043514,0.15549
AAGCGGCGTCATGGGT-1,0.000076,0.000076,0.000076,0.000954,0.000076,0.040762,0.000076,0.040552,0.055083,0.328284,0.178131,0.355852
AAGCGTCCCTCATCGA-1,0.00002,0.059065,0.253819,0.116921,0.014308,0.079638,0.199328,0.02332,0.056083,0.11276,0.006608,0.078131
AAGCTAGATCGAGTAA-1,0.000014,0.720321,0.000014,0.000014,0.000014,0.002179,0.00007,0.008641,0.048874,0.143839,0.000436,0.075584
AAGCTCGTGCCAAGTC-1,0.217386,0.030596,0.017238,0.089412,0.047981,0.032523,0.170466,0.140568,0.048994,0.119489,0.019041,0.066306
AAGCTCTTTCATGGTG-1,0.000033,0.060491,0.038803,0.081328,0.076463,0.129266,0.123258,0.062077,0.024032,0.171323,0.015879,0.217048
AAGGAGAACTTATAAG-1,0.000017,0.000017,0.000017,0.000058,0.000017,0.185452,0.000017,0.014744,0.776448,0.022231,0.000967,0.000017
AAGGAGCGGTTGGTGC-1,0.000079,0.000079,0.000079,0.000079,0.000079,0.000079,0.000079,0.000079,0.000079,0.999129,0.000079,0.000079
AAGGATCGATCGCTTG-1,0.003737,0.085868,0.006998,0.023169,0.03913,0.259933,0.046962,0.399011,0.029805,0.00002,0.002088,0.103277
AAGGATGAGGGACCTC-1,0.048048,0.007308,0.000025,0.000025,0.022565,0.499559,0.001526,0.131093,0.007546,0.165698,0.113631,0.002977
AAGGCAGGCTGTCTCC-1,0.00002,0.140707,0.01248,0.02598,0.20343,0.194193,0.009119,0.175271,0.019489,0.00874,0.051235,0.159335
AAGGCGCGTAAAGCTT-1,0.000072,0.000072,0.003695,0.000072,0.000072,0.000072,0.015454,0.000072,0.328866,0.288487,0.192564,0.170501
AAGGCTGTGCTCATCG-1,0.000051,0.000051,0.000051,0.000051,0.000051,0.000051,0.000051,0.000051,0.025322,0.972279,0.001937,0.000051
AAGGGACAGATTCTGT-1,0.054536,0.000061,0.000061,0.000061,0.000061,0.000061,0.000061,0.000061,0.074893,0.771989,0.007803,0.090354
AAGGGACTATGCATTC-1,0.000009,0.083579,0.243686,0.206704,0.006136,0.083629,0.110912,0.034392,0.01245,0.050929,0.011519,0.156054
AAGGTATCCTAATATA-1,0.022924,0.043008,0.000073,0.000073,0.118847,0.053742,0.000073,0.026817,0.000073,0.380229,0.315787,0.038356
AAGGTGATAAACCAGC-1,0.000014,0.028223,0.013651,0.044705,0.280767,0.209199,0.124176,0.223475,0.025521,0.002704,0.006055,0.04151
AAGTAAGCTTCCAAAC-1,0.000027,0.000027,0.000027,0.000027,0.000027,0.000027,0.000027,0.001144,0.689755,0.000027,0.17085,0.138038
AAGTAGAAGACCGGGT-1,0.000041,0.000041,0.000041,0.000041,0.000041,0.000041,0.000985,0.000041,0.601128,0.078127,0.165291,0.154183
AAGTAGTGACGCGAGG-1,0.000046,0.005127,0.142139,0.009053,0.000046,0.000046,0.000046,0.000046,0.036227,0.528862,0.041155,0.237205
AAGTCAATTGTCGTCA-1,0.000016,0.076628,0.001599,0.022269,0.053997,0.16116,0.113509,0.457988,0.005365,0.065278,0.009023,0.033169
AAGTCTAGTAGCTGCC-1,0.052813,0.000132,0.000132,0.000132,0.000132,0.083196,0.000132,0.292057,0.000132,0.293445,0.103891,0.173804
AAGTCTTCTGTGGCCT-1,0.000017,0.257613,0.156838,0.335411,0.000017,0.000785,0.000318,0.000102,0.000017,0.241528,0.007278,0.000076
AAGTGACGACCGAATT-1,0.000021,0.341513,0.186187,0.02108,0.01622,0.015894,0.059918,0.018624,0.006759,0.230979,0.039467,0.063338
AAGTGAGTCGGGTTTA-1,0.000014,0.058414,0.12379,0.179146,0.003571,0.112563,0.34076,0.070011,0.030697,0.04286,0.010766,0.027408
AAGTGCAAAGGTAGAC-1,0.084887,0.061784,0.063563,0.163679,0.015861,0.047847,0.015536,0.070223,0.000029,0.476533,0.000029,0.000029
AAGTGCCTTGACTGTA-1,0.000028,0.002152,0.006248,0.121546,0.057396,0.065348,0.072275,0.303202,0.006761,0.170307,0.116435,0.078302
AAGTGCGTTAGAATCT-1,0.006426,0.191319,0.131205,0.134855,0.037521,0.111628,0.124368,0.062983,0.016438,0.035654,0.007807,0.139796
AAGTGTTTGGAGACGG-1,0.000031,0.006467,0.056875,0.129712,0.090253,0.098989,0.101533,0.120656,0.005354,0.205598,0.022267,0.162264
AAGTTCACTCCAAGCT-1,0.000019,0.072701,0.075119,0.085494,0.003053,0.128655,0.30286,0.13312,0.002392,0.077753,0.000021,0.118814
AAGTTCAGTCTGCGTA-1,0.000028,0.015156,0.023824,0.000028,0.000028,0.675992,0.000028,0.05865,0.000028,0.099456,0.126754,0.000028
AAGTTCGGCCAACAGG-1,0.002421,0.275121,0.189815,0.117383,0.00002,0.030032,0.029676,0.007811,0.00002,0.084085,0.263595,0.00002
AAGTTTACTAATGGCA-1,0.000021,0.001787,0.01873,0.005397,0.000021,0.083638,0.013519,0.017329,0.831337,0.004061,0.012495,0.011663
AAGTTTATGGGCCCAA-1,0.000038,0.022266,0.109383,0.070805,0.009597,0.065806,0.310095,0.007701,0.034177,0.11317,0.142354,0.114608
AATAACAACGCTCGGC-1,0.000013,0.171879,0.057937,0.244345,0.024701,0.144513,0.027222,0.106658,0.040786,0.098304,0.01927,0.064372
AATAACACTAGAACAA-1,0.000016,0.035052,0.095329,0.051376,0.001378,0.118628,0.254799,0.016094,0.008395,0.301306,0.013485,0.104143
AATAAGTCCTCGAGAC-1,0.000016,0.007755,0.021088,0.066981,0.000016,0.088552,0.003067,0.00996,0.750535,0.021387,0.021274,0.009368
AATAATCTTCGTATCG-1,0.010467,0.03636,0.019474,0.058226,0.052184,0.097938,0.114178,0.32799,0.009286,0.075307,0.052153,0.146438
AATACAATGTTTCAGG-1,0.000067,0.000067,0.000067,0.005523,0.000067,0.000067,0.000067,0.000067,0.037696,0.956182,0.000067,0.000067
AATAGAACAGAGTGGC-1,0.000025,0.002551,0.289275,0.022846,0.000025,0.108465,0.07858,0.016882,0.052614,0.127219,0.006956,0.294562
AATAGAATCTGTTTCA-1,0.000024,0.015844,0.0488,0.010859,0.064028,0.079123,0.20684,0.232617,0.017289,0.027399,0.032752,0.264425
AATAGCAAGCCTCCTG-1,0.000178,0.000178,0.000178,0.000178,0.000178,0.000178,0.000178,0.000178,0.000178,0.498424,0.499799,0.000178
AATAGCTACCGCGTGC-1,0.005378,0.059875,0.000027,0.000027,0.000027,0.8691,0.000027,0.03731,0.000027,0.009527,0.018652,0.000027
AATAGTCCGTCCCGAC-1,0.00002,0.006696,0.03219,0.120911,0.053068,0.247323,0.075748,0.225486,0.062039,0.124803,0.006048,0.045667
AATAGTCGCGAGTCGG-1,0.225598,0.009518,0.043599,0.179436,0.001279,0.001261,0.000033,0.000033,0.002643,0.536533,0.000033,0.000033
AATATCAAGGTCGGAT-1,0.000057,0.000057,0.000057,0.000057,0.000057,0.000057,0.000057,0.000057,0.476024,0.028874,0.465117,0.029531
AATATCCTAGCAAACT-1,0.000007,0.895948,0.00354,0.058536,0.000007,0.033694,0.004016,0.004223,0.000007,0.000007,0.000007,0.000007
AATATCGAATCAATGC-1,0.000013,0.015955,0.011927,0.049918,0.017944,0.094269,0.169002,0.527578,0.006144,0.074344,0.001084,0.031822
AATATCGAGGGTTCTC-1,0.154323,0.000069,0.000069,0.000069,0.000069,0.000069,0.000069,0.000069,0.000469,0.843176,0.000069,0.001479
AATATTGGAGTATTGA-1,0.000015,0.058552,0.302856,0.104332,0.014446,0.361012,0.051757,0.042981,0.000626,0.036382,0.000015,0.027025
AATCAGACTGCAGGAC-1,0.000057,0.000057,0.000057,0.000057,0.000057,0.000057,0.000057,0.000057,0.278349,0.019183,0.631507,0.070508
AATCATGTAAAGACTC-1,0.000019,0.008483,0.064541,0.166549,0.002766,0.024855,0.05756,0.136374,0.040317,0.182006,0.053928,0.262602
AATCCAAGGGCCTGAG-1,0.000053,0.000053,0.000053,0.000053,0.000053,0.000053,0.000053,0.000053,0.341653,0.080061,0.500627,0.077237
AATCCATGCAAGGGTG-1,0.000062,0.000062,0.000062,0.000062,0.000062,0.000062,0.000062,0.000062,0.662587,0.02962,0.132596,0.174703
AATCGCCTCAGCGCCA-1,0.000043,0.000043,0.008536,0.016905,0.270764,0.000043,0.011302,0.005664,0.007178,0.221366,0.046117,0.412039
AATCGCGCAGAGGACT-1,0.00002,0.056211,0.007531,0.044693,0.096915,0.204696,0.051551,0.263894,0.039717,0.049192,0.02602,0.159561
AATCGGGACACTACGA-1,0.000016,0.010516,0.000016,0.000016,0.000016,0.280253,0.000016,0.013731,0.695373,0.000016,0.000016,0.000016
AATCTAGGTTTACTTG-1,0.008295,0.307159,0.248073,0.17661,0.01876,0.007588,0.045738,0.020267,0.016906,0.028562,0.010845,0.111198
AATCTATGCCGGAGCC-1,0.053863,0.000052,0.000052,0.000052,0.000052,0.000052,0.000052,0.000052,0.00672,0.938947,0.000052,0.000052
AATCTCTACTGTGGTT-1,0.000019,0.204139,0.359749,0.120136,0.007898,0.018033,0.02188,0.012495,0.005875,0.101708,0.101174,0.046894
AATCTGCGTTGGGACG-1,0.229545,0.042038,0.043905,0.06971,0.092377,0.099673,0.153691,0.056663,0.012386,0.07485,0.019883,0.105279
AATCTGGCTTTCTAGT-1,0.015747,0.569042,0.316988,0.021549,0.002882,0.029221,0.005929,0.008294,0.006015,0.003301,0.003095,0.017937
AATCTGGGTAGACCCT-1,0.000029,0.013208,0.063834,0.062415,0.000029,0.287299,0.016163,0.006607,0.445113,0.003062,0.10125,0.000989
AATGACAGCAATGTCT-1,0.005018,0.036968,0.246214,0.191873,0.006131,0.12733,0.075756,0.043113,0.031803,0.085855,0.028348,0.12159
AATGACGTAGGATGTC-1,0.000038,0.000038,0.047681,0.043404,0.003902,0.001723,0.045112,0.037847,0.006487,0.166953,0.231698,0.415117
AATGACTGTCAGCCGG-1,0.000033,0.000175,0.001634,0.019683,0.007063,0.075986,0.003175,0.035331,0.690123,0.015155,0.069212,0.082431
AATGAGTTCGCATATG-1,0.000039,0.000039,0.000039,0.000039,0.000039,0.000039,0.000039,0.000039,0.838621,0.020766,0.129231,0.011073
AATGATGATACGCTAT-1,0.000043,0.024019,0.000043,0.000043,0.000043,0.20411,0.007114,0.12072,0.015365,0.272705,0.28722,0.068572
AATGATGCGACTCCTG-1,0.011745,0.000081,0.000081,0.000081,0.000081,0.000081,0.000081,0.000081,0.006028,0.834717,0.146861,0.000081
AATGCAACCGGGTACC-1,0.000055,0.000055,0.003314,0.000055,0.000055,0.000055,0.000055,0.000055,0.361753,0.438212,0.123256,0.073083
AATGCACCAAGCAATG-1,0.000081,0.063408,0.000081,0.000081,0.000081,0.027669,0.000081,0.09001,0.000191,0.338518,0.158492,0.321306
AATGGCCGCCAATGCG-1,0.000022,0.00103,0.041756,0.035299,0.000022,0.119502,0.018131,0.06876,0.572531,0.050565,0.040318,0.052063
AATGGTCCACCGTTCA-1,0.057116,0.057303,0.235272,0.196943,0.017931,0.076202,0.0229,0.030615,0.039861,0.130655,0.040707,0.094495
AATGGTTCTCACAAGC-1,0.000064,0.000064,0.000064,0.000064,0.000064,0.000064,0.000064,0.000064,0.725037,0.000064,0.126627,0.147757
AATGTGCCCGAGGTGT-1,0.000025,0.012037,0.351966,0.092556,0.011042,0.0004,0.074201,0.003636,0.006222,0.143679,0.009914,0.294324
AATGTGCTAATCTGAG-1,0.000011,0.078878,0.070916,0.305245,0.006827,0.102566,0.212485,0.081542,0.03588,0.046793,0.015894,0.042964
AATTAAAGGTCGGCGT-1,0.000051,0.013145,0.102151,0.007643,0.000051,0.000051,0.003837,0.000051,0.043666,0.41415,0.106678,0.308525
AATTAACGGATTTCCA-1,0.000008,0.023703,0.030888,0.052268,0.000868,0.615336,0.143439,0.128941,0.002193,0.000008,0.000008,0.002341
AATTAGCGCTGCAGCG-1,0.000015,0.063774,0.10263,0.063028,0.007207,0.42262,0.093056,0.102075,0.038143,0.028032,0.012118,0.067301
AATTCATAAGGGATCT-1,0.010803,0.037549,0.000031,0.001718,0.102382,0.423279,0.061193,0.048997,0.000103,0.209998,0.062035,0.041912
AATTCGATTCGAGGAT-1,0.000041,0.171448,0.026864,0.01641,0.009265,0.045909,0.284335,0.032658,0.019781,0.200627,0.021866,0.170798
AATTCTAGAGTTAGGC-1,0.000021,0.04729,0.026204,0.226318,0.00475,0.236088,0.105273,0.051214,0.048243,0.164934,0.03655,0.053115
AATTGAACGCTCTGGT-1,0.000044,0.000044,0.001928,0.034143,0.250937,0.007644,0.00912,0.092323,0.027449,0.205944,0.033216,0.337209
AATTGCAGCAATCGAC-1,0.000025,0.000025,0.057001,0.075531,0.011672,0.009122,0.11828,0.01763,0.021144,0.204404,0.004319,0.480847
AATTTGGGACATAGTA-1,0.00005,0.00005,0.00005,0.00005,0.00005,0.564319,0.006741,0.049023,0.003328,0.334388,0.041904,0.00005
AATTTGGTTCCAAAGA-1,0.000037,0.005933,0.023255,0.079307,0.000037,0.000037,0.012828,0.00185,0.252664,0.301529,0.256882,0.065643
ACAAACCGACAAGGCG-1,0.000028,0.000028,0.036419,0.012553,0.000028,0.003233,0.000028,0.005638,0.594329,0.051822,0.252144,0.04375
ACAAAGAAGGTAGGCC-1,0.000004,0.884896,0.002185,0.089156,0.00192,0.015871,0.001764,0.004189,0.000004,0.000004,0.000004,0.000004
ACAAAGCATGACCTAG-1,0.010046,0.005957,0.030637,0.33371,0.027604,0.028492,0.237822,0.158325,0.009642,0.113132,0.002433,0.0422
ACAAATCGCACCGAAT-1,0.000019,0.010917,0.286886,0.004455,0.030087,0.10901,0.054224,0.351964,0.005793,0.011827,0.109755,0.025061
ACAAATGGTAGTGTTT-1,0.000045,0.000045,0.010842,0.015676,0.058744,0.083526,0.113054,0.06989,0.004762,0.215272,0.087841,0.340304
ACAAATTCAGATCTGA-1,0.000131,0.000131,0.000131,0.000131,0.000131,0.000131,0.000131,0.000131,0.000131,0.864591,0.134097,0.000131
ACAACAGCATGAGCTA-1,0.907867,0.0045,0.001395,0.000484,0.000202,0.00292,0.000195,0.004334,0.010482,0.011476,0.015923,0.040222
ACAACGGTCCCTGCGA-1,0.000062,0.000062,0.000062,0.000062,0.000062,0.000062,0.000062,0.000062,0.46797,0.239807,0.082705,0.209024
ACAAGCAGTGCCTAGC-1,0.006599,0.106183,0.090219,0.073732,0.006349,0.070065,0.267252,0.027188,0.019833,0.286111,0.006897,0.039573
ACAAGCTATATGGAAG-1,0.000023,0.527631,0.149602,0.078683,0.000023,0.00215,0.000023,0.000023,0.000023,0.241771,0.000023,0.000023
ACAAGGAAATCCGCCC-1,0.00003,0.00713,0.007271,0.11846,0.004171,0.025619,0.005877,0.019358,0.030801,0.176161,0.013827,0.591294
ACAAGGACAAGAGGTT-1,0.000026,0.054166,0.505679,0.000033,0.024101,0.043282,0.00609,0.023625,0.000026,0.218879,0.093027,0.031066
ACAAGGATGCTTTAGG-1,0.00002,0.040696,0.039709,0.065017,0.017049,0.078039,0.214695,0.060795,0.018938,0.149129,0.018713,0.297199
ACAAGGCCTACCAGCC-1,0.000109,0.000109,0.031985,0.000109,0.000109,0.000109,0.000109,0.000109,0.000109,0.000109,0.795155,0.171876
ACAAGGGCAGGCTCTG-1,0.000012,0.027733,0.067421,0.074833,0.010896,0.527577,0.080744,0.111221,0.017683,0.067987,0.000961,0.012933
ACAATAGTCGTACGTT-1,0.000027,0.055878,0.275293,0.11583,0.012587,0.001365,0.014653,0.008855,0.05691,0.337734,0.022999,0.097869
ACAATCCATTTAAACC-1,0.004851,0.07147,0.128467,0.031713,0.011278,0.008149,0.015569,0.01302,0.036441,0.307972,0.0679,0.303171
ACAATCGATCTTTATA-1,0.000017,0.000017,0.004441,0.054314,0.000017,0.1448,0.009092,0.022342,0.709415,0.053897,0.001634,0.000017
ACAATGAATACGGAGA-1,0.000014,0.154925,0.239666,0.051101,0.002123,0.11121,0.292188,0.020277,0.032526,0.028515,0.027495,0.03996
ACAATGATTCTTCTAC-1,0.000308,0.000308,0.000308,0.000308,0.109945,0.000308,0.000308,0.014124,0.000308,0.155578,0.717893,0.000308
ACAATTGTGTCTCTTT-1,0.000024,0.006722,0.119689,0.044209,0.094866,0.069375,0.056272,0.251511,0.030581,0.059238,0.116936,0.150579
ACAATTTAGGAGGCTC-1,0.000016,0.053267,0.23777,0.032811,0.000141,0.28315,0.029047,0.092624,0.104066,0.114221,0.051074,0.001813
ACAATTTGAGCAGTGG-1,0.126363,0.00008,0.00008,0.00008,0.00008,0.00008,0.00008,0.00008,0.036219,0.702361,0.131641,0.002856
ACAATTTGGCCATATT-1,0.005991,0.058363,0.017791,0.04491,0.057266,0.069415,0.079044,0.27282,0.014003,0.036979,0.078256,0.26516
ACACAAAGACGGGTGG-1,0.000041,0.000041,0.000041,0.000141,0.000041,0.000436,0.000041,0.01035,0.755368,0.047181,0.011624,0.174695
ACACAAATATTCCTAG-1,0.000077,0.026429,0.000077,0.000077,0.000077,0.449576,0.000077,0.191246,0.029433,0.076648,0.176194,0.050088
ACACACCAGGACCAGT-1,0.000025,0.048837,0.010287,0.014557,0.018165,0.012119,0.018127,0.434771,0.024616,0.177093,0.162931,0.078472
ACACACTTTCTACACG-1,0.000053,0.000053,0.002489,0.008902,0.000053,0.082597,0.000053,0.00675,0.202922,0.060662,0.34528,0.290185
ACACCACATAATTAGC-1,0.01572,0.037634,0.059833,0.024101,0.322926,0.061157,0.100466,0.121349,0.044928,0.021741,0.033415,0.156731
ACACCCAGCATGCAGC-1,0.000027,0.000027,0.000094,0.011525,0.000027,0.231728,0.008904,0.011094,0.720818,0.013137,0.002565,0.000054
ACACCCGAGAAATCCG-1,0.000032,0.007314,0.000032,0.000032,0.000032,0.000032,0.000032,0.000032,0.753992,0.044055,0.072166,0.122252
ACACCCGTAAATCTGT-1,0.001791,0.002506,0.028308,0.203562,0.001426,0.128609,0.002675,0.007028,0.562262,0.05473,0.002135,0.004967
ACACCGAGCGCTCTTT-1,0.000096,0.000096,0.000096,0.000096,0.000096,0.000096,0.000096,0.000096,0.245625,0.267356,0.276944,0.209305
ACACCTTAAGTAGGGC-1,0.000085,0.000085,0.000085,0.000085,0.000085,0.004956,0.069653,0.000085,0.334803,0.451371,0.077023,0.061683
ACACCTTACTACTTGC-1,0.000035,0.006988,0.006899,0.033876,0.252662,0.064119,0.083723,0.112418,0.044121,0.050082,0.159347,0.185729
ACACGAGACTCCTTCT-1,0.765863,0.023403,0.000011,0.000011,0.000011,0.192549,0.000125,0.017986,0.000011,0.000011,0.000011,0.000011
ACACGGCACTATGCAT-1,0.000034,0.000034,0.000034,0.000034,0.000034,0.000034,0.000034,0.000034,0.657546,0.098925,0.159092,0.084167
ACACGGGAACTTAGGG-1,0.069112,0.000091,0.000091,0.000091,0.000091,0.000091,0.000091,0.000091,0.055234,0.686959,0.069939,0.118117
ACACGTAGGCCACAAG-1,0.004658,0.046924,0.009565,0.067023,0.010225,0.195071,0.334967,0.321991,0.001758,0.001226,0.000019,0.00657
ACACTCCAATGTCACT-1,0.000061,0.000061,0.000061,0.000061,0.000061,0.000061,0.000061,0.000061,0.457818,0.274284,0.259712,0.007698
ACACTGATCAAGGTGT-1,0.000024,0.026045,0.080414,0.036066,0.000024,0.204948,0.042831,0.078084,0.053787,0.087134,0.031716,0.358927
ACACTGGGACAGTCGT-1,0.021267,0.101419,0.032771,0.104525,0.014351,0.08627,0.210303,0.342278,0.016975,0.016635,0.011187,0.042019
ACAGAACTGAGAACAA-1,0.000018,0.12129,0.218901,0.085846,0.02245,0.046555,0.035713,0.013615,0.010291,0.1742,0.023066,0.248054
ACAGATTAGGTTAGTG-1,0.000017,0.005687,0.000017,0.001812,0.000017,0.279984,0.01185,0.009217,0.691351,0.000017,0.000017,0.000017
ACAGCATAGAGCCAGT-1,0.000025,0.000025,0.03837,0.089167,0.000025,0.00118,0.001202,0.004056,0.672663,0.022638,0.019611,0.151039
ACAGCGACATTCTCAT-1,0.000032,0.008323,0.039495,0.131706,0.019645,0.012837,0.130782,0.072791,0.024218,0.159246,0.03544,0.365486
ACAGCGCACCCGCAGC-1,0.000034,0.000034,0.047561,0.056527,0.000688,0.000034,0.000755,0.000034,0.403997,0.15832,0.155024,0.176991
ACAGGCTTGCCCGACT-1,0.000017,0.00565,0.000607,0.007032,0.010797,0.213544,0.120778,0.561236,0.056587,0.001004,0.001687,0.021061
ACAGGTGGAGGTGAGG-1,0.000016,0.163845,0.16376,0.18278,0.004078,0.088931,0.047903,0.027371,0.008246,0.199793,0.041068,0.072209
ACAGGTGTGTTGTTGC-1,0.000427,0.000427,0.62667,0.139777,0.000427,0.000427,0.000427,0.000427,0.000427,0.163102,0.000427,0.067032
ACAGTAATACAACTTG-1,0.000014,0.410218,0.207432,0.061723,0.006914,0.024075,0.046306,0.072216,0.017399,0.056689,0.037086,0.059926
ACAGTATACCGTGGGA-1,0.000228,0.000228,0.000228,0.000228,0.000228,0.081023,0.000228,0.000228,0.000228,0.310767,0.606155,0.000228
ACAGTGCAGCGCATTT-1,0.000066,0.000066,0.000066,0.039791,0.000066,0.45685,0.000066,0.039124,0.446636,0.000066,0.002062,0.015143
ACATAATAAGGCGGTG-1,0.000042,0.000042,0.000042,0.000042,0.000042,0.000042,0.000042,0.000042,0.657136,0.127287,0.115539,0.099701
ACATCAGCTGGGACGC-1,0.000025,0.132247,0.189479,0.057069,0.088341,0.06183,0.062073,0.094812,0.016603,0.161191,0.043666,0.092663
ACATCCCGGCCATACG-1,0.000028,0.003083,0.058619,0.064599,0.000028,0.290277,0.053348,0.02985,0.038657,0.164932,0.016865,0.279715
ACATCCTGGTAACTGT-1,0.000019,0.076468,0.000854,0.006161,0.087645,0.079496,0.125739,0.558822,0.005629,0.000019,0.006194,0.052955
ACATCGATCGTTTACC-1,0.007736,0.072142,0.120687,0.000034,0.012908,0.015772,0.140426,0.088596,0.001694,0.336703,0.185077,0.018226
ACATCGGTCAGCCGCG-1,0.000041,0.046491,0.228651,0.020118,0.000041,0.000041,0.000041,0.000041,0.000041,0.197313,0.021903,0.485278
ACATCGTATGCAATGG-1,0.000033,0.02961,0.044026,0.063868,0.015741,0.092146,0.044963,0.293362,0.03888,0.058803,0.058123,0.260445
ACATCGTTAACCTAGT-1,0.000018,0.000018,0.000018,0.001905,0.000018,0.32404,0.004167,0.007386,0.602314,0.060081,0.000018,0.000018
ACATCTCAACGCGTAA-1,0.000017,0.040746,0.000017,0.000181,0.000017,0.185544,0.022521,0.03259,0.717093,0.000017,0.00124,0.000017
ACATGGCGCCAAAGTA-1,0.000022,0.03712,0.02686,0.05888,0.3471,0.053666,0.0575,0.111654,0.052201,0.104679,0.01269,0.137626
ACATTAGTTTATATCC-1,0.000036,0.000036,0.217394,0.044749,0.003595,0.02087,0.078349,0.036979,0.043045,0.325284,0.034557,0.195107
ACCAAACACCCAGCGA-1,0.000111,0.000111,0.000111,0.000111,0.000111,0.309956,0.000111,0.000219,0.000111,0.283112,0.405828,0.000111
ACCAAACTAGAAATCC-1,0.000014,0.006728,0.007918,0.003114,0.000014,0.158542,0.001394,0.009231,0.805804,0.003015,0.004212,0.000014
ACCAACACCACACACT-1,0.000082,0.000082,0.000082,0.000082,0.086696,0.014376,0.000082,0.170445,0.007092,0.275596,0.102137,0.343249
ACCAACGCTTATTTAT-1,0.000015,0.045179,0.118868,0.097573,0.000015,0.391485,0.034951,0.066537,0.000482,0.211379,0.002423,0.031094
ACCAAGAACGCGTGTC-1,0.000034,0.000034,0.000034,0.000034,0.004231,0.28872,0.000034,0.210462,0.120001,0.037097,0.273928,0.06539
ACCAATATGCAAGTTA-1,0.000016,0.006851,0.108714,0.024336,0.000016,0.359976,0.160042,0.071477,0.043775,0.160711,0.038251,0.025835
ACCACAACTCAGAACA-1,0.00002,0.020022,0.003516,0.019811,0.001992,0.084427,0.006761,0.012819,0.791624,0.004295,0.0366,0.018113
ACCACAAGTTTCTATC-1,0.000067,0.000067,0.000067,0.000067,0.000067,0.053158,0.000067,0.088669,0.000067,0.823724,0.033913,0.000067
ACCACCAATGTAACAA-1,0.000018,0.030436,0.01687,0.036457,0.268116,0.048404,0.079595,0.182521,0.049127,0.052869,0.035093,0.200494
ACCACCCTCTCTTCTA-1,0.014688,0.000092,0.000092,0.000092,0.016155,0.167393,0.000092,0.074494,0.028573,0.290255,0.327321,0.080754
ACCACGTGCAGCTATA-1,0.000032,0.030197,0.134928,0.023435,0.055487,0.089442,0.130933,0.104742,0.031937,0.132201,0.061335,0.205331
ACCAGACCATAACAAC-1,0.000008,0.455389,0.134663,0.245464,0.002193,0.011016,0.003506,0.006094,0.000008,0.092467,0.048648,0.000544
ACCAGCCCGGTCTTTG-1,0.000038,0.000038,0.010835,0.011242,0.000038,0.000038,0.000038,0.000038,0.67062,0.110856,0.087937,0.10828
ACCAGGAGTGTGATCT-1,0.000062,0.000062,0.010629,0.000062,0.000062,0.000062,0.000062,0.000062,0.642743,0.021053,0.237685,0.087458
