Barcode,Topic 1,Topic 2,Topic 3,Topic 4to8,Topic 9to11,Topic 12,Topic 13
AAACAAGTATCTCCCA-1,0.000006,0.000006,0.000006,0.99391,0.006058,0.000006,0.000006
AAACAATCTACTAGCA-1,0.00027,0.00027,0.00027,0.00135,0.00081,0.996761,0.00027
AAACACCAATAACTGC-1,0.000005,0.077726,0.000005,0.087882,0.191027,0.000364,0.642991
AAACAGAGCGACTCCT-1,0.044053,0.000024,0.026921,0.127852,0.473149,0.168608,0.159394
AAACAGCTTTCAGAAG-1,0.000008,0.054984,0.000008,0.167244,0.719907,0.002372,0.055476
AAACAGGGTCTATATT-1,0.000009,0.039911,0.000009,0.063097,0.768915,0.008178,0.119882
AAACATTTCCCGGATT-1,0.000017,0.069084,0.000017,0.406668,0.493201,0.007328,0.023685
AAACCACTACACAGAT-1,0.000049,0.000049,0.062829,0.732427,0.143524,0.061072,0.000049
AAACCCGAACGAAATC-1,0.000014,0.008511,0.000014,0.773265,0.140441,0.048642,0.029112
AAACCGGAAATGTTAA-1,0.00001,0.008817,0.00001,0.605069,0.282879,0.009466,0.093749
AAACCGGGTAGGTACC-1,0.036072,0.063211,0.000035,0.037457,0.863155,0.000035,0.000035
AAACCGTTCGTCCAGG-1,0.011253,0.005603,0.000013,0.077017,0.708193,0.022168,0.175752
AAACCTCATGAAGTTG-1,0.000016,0.005534,0.000016,0.182881,0.797977,0.002203,0.011374
AAACGAAGAACATACC-1,0.003726,0.000014,0.000014,0.000068,0.000041,0.996124,0.000014
AAACGAAGATGGAGTA-1,0.000006,0.375107,0.000006,0.155605,0.356965,0.008152,0.10416
AAACGACAGTCTTGCC-1,0.000121,0.000121,0.139901,0.097166,0.128126,0.634445,0.000121
AAACGAGACGGTTGAT-1,0.000021,0.049624,0.000021,0.633921,0.022684,0.107128,0.186602
AAACGCCCGAGATCGG-1,0.273097,0.069347,0.090465,0.003058,0.404301,0.159604,0.000128
AAACGGGCGTACGGGT-1,0.000058,0.000058,0.000058,0.059707,0.915103,0.02496,0.000058
AAACGTGTTCGCCCTA-1,0.000021,0.000021,0.024062,0.554277,0.275956,0.145641,0.000021
AAACTAACGTGGCGAC-1,0.136231,0.011775,0.506629,0.217475,0.090265,0.007618,0.030007
AAACTCGTGATATAAG-1,0.000044,0.000044,0.000044,0.441555,0.449636,0.106845,0.001833
AAACTGCTGGCTCCAA-1,0.00001,0.00001,0.003093,0.968172,0.022432,0.006274,0.00001
AAACTTAATTGCACGC-1,0.0816,0.134785,0.006751,0.045594,0.337514,0.277401,0.116355
AAACTTGCAAACGTAT-1,0.000006,0.00186,0.000006,0.244426,0.753161,0.000006,0.000535
AAAGAATGACCTTAGA-1,0.034105,0.328111,0.000029,0.203283,0.047223,0.217325,0.169923
AAAGACATGAAGTTTA-1,0.103392,0.137997,0.000392,0.001962,0.001177,0.754686,0.000392
AAAGACCCAAGTCGCG-1,0.344047,0.017228,0.093776,0.000081,0.003064,0.539926,0.001879
AAAGACTGGGCGCTTT-1,0.008407,0.02013,0.000038,0.059117,0.65273,0.248416,0.011162
AAAGCTTGCCTACATA-1,0.000021,0.000021,0.000021,0.859892,0.029767,0.061881,0.048397
AAAGGCTACGGACCAT-1,0.000016,0.017888,0.000016,0.189074,0.721601,0.006072,0.065334
AAAGGCTCTCGCGCCG-1,0.000016,0.000725,0.001279,0.311829,0.675091,0.00901,0.002051
AAAGGGATGTAGCAAG-1,0.070338,0.000037,0.012059,0.568909,0.202691,0.096372,0.049595
AAAGGGCAGCTTGAAT-1,0.021051,0.000044,0.000044,0.011781,0.520601,0.446434,0.000044
AAAGGTAAGCTGTACC-1,0.000007,0.000007,0.041779,0.923446,0.034748,0.000007,0.000007
AAAGGTCAACGACATG-1,0.000137,0.000137,0.04673,0.414829,0.000411,0.537619,0.000137
AAAGTAGCATTGCTCA-1,0.00001,0.009476,0.00001,0.147904,0.753141,0.000433,0.089025
AAAGTCACTGATGTAA-1,0.102163,0.000035,0.010786,0.000175,0.000105,0.886702,0.000035
AAAGTCGACCCTCAGT-1,0.000013,0.032617,0.000013,0.218971,0.702572,0.045802,0.000013
AAAGTGCCATCAATTA-1,0.00001,0.015904,0.00001,0.632697,0.272134,0.003547,0.075699
AAAGTGTGATTTATCT-1,0.000023,0.000023,0.000023,0.830436,0.161544,0.000612,0.007339
AAAGTTGACTCCCGTA-1,0.000025,0.000025,0.000025,0.643952,0.241353,0.015535,0.099087
AAATAACCATACGGGA-1,0.027334,0.000023,0.056701,0.394189,0.382464,0.138255,0.001032
AAATAAGGTAGTGCCC-1,0.000025,0.007156,0.000025,0.669748,0.192567,0.099842,0.030636
AAATACCTATAAGCAT-1,0.000023,0.009731,0.000023,0.501937,0.4126,0.008515,0.067171
AAATAGCTTAGACTTT-1,0.000054,0.000054,0.000054,0.50924,0.247079,0.167307,0.076211
AAATAGGGTGCTATTG-1,0.015701,0.043143,0.000023,0.51801,0.342726,0.008012,0.072385
AAATCACTCCTAAACG-1,0.088207,0.00005,0.270585,0.157042,0.336026,0.14804,0.00005
AAATCGCGGAAGGAGT-1,0.000012,0.43179,0.003694,0.194083,0.219672,0.000964,0.149786
AAATCGTGTACCACAA-1,0.000027,0.044525,0.000027,0.50185,0.38095,0.02642,0.046201
AAATCTAGCCCTGCTA-1,0.000007,0.000007,0.000007,0.971089,0.026188,0.000007,0.002697
AAATGATTCGATCAGC-1,0.000027,0.000027,0.003953,0.614957,0.245905,0.100974,0.034156
AAATGCTCGTTACGTT-1,0.421366,0.000025,0.000025,0.000123,0.000074,0.009224,0.569163
AAATGGCATGTCTTGT-1,0.069515,0.000034,0.027902,0.102789,0.554516,0.171638,0.073606
AAATGGCCCGTGCCCT-1,0.000005,0.019258,0.000005,0.235008,0.718632,0.000005,0.027087
AAATGGTCAATGTGCC-1,0.016229,0.000023,0.000023,0.7509,0.20611,0.025228,0.001487
AAATGTATCTTATCCC-1,0.000855,0.597342,0.000855,0.266301,0.002564,0.000855,0.131229
AAATGTGGGTGCTCCT-1,0.008815,0.000089,0.000089,0.000443,0.000266,0.99021,0.000089
AAATTAACGGGTAGCT-1,0.020966,0.000039,0.000039,0.498236,0.332837,0.084769,0.063115
AAATTAATAAGCGCGA-1,0.092474,0.886234,0.00003,0.000148,0.000089,0.020996,0.00003
AAATTACACGACTCTG-1,0.034433,0.000026,0.070526,0.082375,0.614954,0.095473,0.102212
AAATTACCTATCGATG-1,0.020351,0.01973,0.000034,0.763961,0.083493,0.072872,0.039559
AAATTCCAGGTCCAAA-1,0.0472,0.095542,0.00004,0.387828,0.181377,0.287974,0.00004
AAATTGATAGTCCTTT-1,0.000013,0.025076,0.000013,0.251218,0.692509,0.000013,0.031158
AAATTGGTGAGAAGCA-1,0.000049,0.000049,0.000049,0.190211,0.631621,0.145105,0.032917
AAATTTACCGAAATCC-1,0.025112,0.000033,0.231704,0.366854,0.081397,0.24169,0.053209
AAATTTGCGGGTGTGG-1,0.002254,0.057754,0.000012,0.187107,0.740786,0.000012,0.012075
AACAACTGGTAGTTGC-1,0.000028,0.005691,0.000028,0.810451,0.169232,0.014543,0.000028
AACAATACATTGTCGA-1,0.00001,0.003394,0.00001,0.233099,0.716818,0.00001,0.04666
AACAATTACTCTACGC-1,0.000041,0.000041,0.000041,0.176392,0.632487,0.190956,0.000041
AACACACGCTCGCCGC-1,0.000018,0.000018,0.000018,0.628461,0.353261,0.009476,0.008748
AACACGACTGTACTGA-1,0.372132,0.000034,0.000034,0.000169,0.000101,0.625903,0.001626
AACACGAGACGCGGCC-1,0.000011,0.00062,0.000011,0.19255,0.806664,0.000011,0.000134
AACACGCGGCCGCGAA-1,0.413108,0.000031,0.003227,0.000154,0.000092,0.156763,0.426624
AACAGCTGTGTGGCAA-1,0.00001,0.003716,0.00001,0.117045,0.714778,0.008385,0.156057
AACAGGAAATCGAATA-1,0.075977,0.000551,0.022329,0.003453,0.684581,0.142586,0.070523
AACAGGATGGGCCGCG-1,0.000056,0.020406,0.000056,0.171896,0.627224,0.069897,0.110464
AACAGGTAGTATGGAT-1,0.029984,0.230007,0.000013,0.644259,0.095709,0.000013,0.000013
AACATATCAACTGGTG-1,0.000043,0.000043,0.000043,0.434423,0.318563,0.234386,0.012499
AACATCGATACGTCTA-1,0.015118,0.065209,0.000027,0.568925,0.217405,0.108959,0.024357
AACATTGTGACTCGAG-1,0.029909,0.000044,0.000044,0.00022,0.90803,0.051453,0.010301
AACCAAGACTTCTCTG-1,0.00001,0.004242,0.00001,0.717043,0.270746,0.00001,0.007938
AACCAGTATCACTCTT-1,0.144969,0.00003,0.567973,0.010414,0.094019,0.07383,0.108765
AACCATAGGGTTGAAC-1,0.069349,0.230303,0.000015,0.000319,0.175385,0.499214,0.025415
AACCATGGGATCGCTA-1,0.471621,0.000012,0.269936,0.005798,0.000039,0.000012,0.252583
AACCCAGAGACGGAGA-1,0.385601,0.000032,0.025515,0.020416,0.042486,0.340641,0.185308
AACCCATCCCATGATC-1,0.00001,0.114086,0.00001,0.049467,0.207087,0.009672,0.619668
AACCCGAGCAGAATCG-1,0.000023,0.000023,0.000023,0.375492,0.329791,0.035177,0.259471
AACCCGATAGGGCTTC-1,0.000047,0.000047,0.067064,0.345511,0.443001,0.089832,0.054497
AACCCTACTGTCAATA-1,0.000025,0.043296,0.000025,0.635583,0.17707,0.139884,0.004116
AACCCTGGTGGAACCA-1,0.322606,0.004802,0.029257,0.00009,0.009528,0.632195,0.001522
AACCGAGCTTGGTCAT-1,0.020524,0.000051,0.013098,0.182193,0.506321,0.187795,0.090018
AACCGCTAAGGGATGC-1,0.00001,0.00001,0.00001,0.9698,0.028692,0.00001,0.001469
AACCGTTGTGTTTGCT-1,0.349239,0.000043,0.135311,0.000215,0.326917,0.141511,0.046764
AACCTAAAGCCGTCCG-1,0.135867,0.023988,0.000064,0.000321,0.000193,0.829707,0.00986
AACCTCGCTTTAGCCC-1,0.00001,0.000384,0.00001,0.406188,0.592064,0.00001,0.001335
AACCTGTCACGGAATT-1,0.013621,0.025808,0.000035,0.471431,0.173603,0.285541,0.029961
AACCTTTAAATACGGT-1,0.01817,0.021674,0.000018,0.386294,0.519406,0.007486,0.046952
AACCTTTACGACGTCT-1,0.008792,0.000024,0.030835,0.54138,0.157484,0.257624,0.003861
AACGAAAGTCGTCCCA-1,0.000006,0.279645,0.000006,0.195002,0.374188,0.006788,0.144366
AACGATAATGCCGTAG-1,0.020012,0.018492,0.000022,0.523155,0.340644,0.01341,0.084265
AACGATAGAAGGGCCG-1,0.147033,0.000047,0.148811,0.001067,0.427949,0.204246,0.070846
AACGATATGTCAACTG-1,0.024911,0.000033,0.017393,0.652945,0.256941,0.037501,0.010276
AACGCATGATCTGGGT-1,0.000035,0.000035,0.000035,0.2825,0.572345,0.114378,0.030671
AACGCGAACGGCAACA-1,0.531574,0.281346,0.000059,0.000295,0.172199,0.014469,0.000059
AACGCGGTCTCCAGCC-1,0.000032,0.000032,0.007016,0.636035,0.312111,0.044742,0.000032
AACGCTGTTGCTGAAA-1,0.000006,0.002508,0.000006,0.960114,0.037352,0.000006,0.000006
AACGGACGTACGTATA-1,0.00001,0.00001,0.00001,0.902148,0.061032,0.00001,0.036778
AACGGCCATCTCCGGT-1,0.00001,0.00604,0.00001,0.396992,0.591472,0.00001,0.005466
AACGTACTGTGGGTAC-1,0.005115,0.008435,0.000022,0.367632,0.550792,0.025338,0.042666
AACGTAGTCTACCCAT-1,0.000099,0.033553,0.023614,0.000494,0.000296,0.941846,0.000099
AACGTCAGACTAGTGG-1,0.083314,0.000078,0.000078,0.000389,0.888777,0.027286,0.000078
AACGTGATGAAGGACA-1,0.134482,0.005582,0.773875,0.058513,0.024398,0.003141,0.000008
AACGTGCGAAAGTCTC-1,0.007729,0.00242,0.000026,0.703359,0.112577,0.087477,0.086412
AACGTTATCAGCACCT-1,0.424919,0.410006,0.000037,0.070964,0.094001,0.000037,0.000037
AACTACCCGTTTGTCA-1,0.00001,0.00001,0.00001,0.962256,0.012431,0.025273,0.00001
AACTAGCGTATCGCAC-1,0.238483,0.000099,0.000099,0.000495,0.000297,0.760428,0.000099
AACTAGGCTTGGGTGT-1,0.047146,0.432955,0.000036,0.062977,0.363861,0.011292,0.081734
AACTCAAGTTAATTGC-1,0.000012,0.012436,0.000012,0.913765,0.067852,0.003645,0.002278
AACTCCAGAGCGTGTT-1,0.000036,0.032217,0.000036,0.160849,0.719129,0.017189,0.070544
AACTCCTAATCCCATG-1,0.001014,0.000012,0.036014,0.836582,0.066479,0.031086,0.028813
AACTCGATGGCGCAGT-1,0.610361,0.000094,0.000094,0.000469,0.209979,0.003767,0.175237
AACTCTCAATAGAGCG-1,0.000037,0.008128,0.000037,0.536695,0.274951,0.092255,0.087898
AACTCTCAGTGTGCTC-1,0.00001,0.00001,0.00001,0.360236,0.639716,0.00001,0.00001
AACTGAGGTCAGCGTC-1,0.005744,0.00003,0.109135,0.317079,0.206771,0.349637,0.011605
AACTGAGTTATACTGA-1,0.000015,0.000015,0.000015,0.7331,0.162138,0.040156,0.064559
AACTGATATTAGGCCT-1,0.096193,0.000052,0.000052,0.155579,0.532039,0.210861,0.005224
AACTGGGTCCCGACGT-1,0.005319,0.000021,0.007267,0.791748,0.133786,0.061839,0.000021
AACTGGGTTCGAGCCG-1,0.167288,0.000381,0.000381,0.001904,0.001142,0.828523,0.000381
AACTGGTGTGGGCCTT-1,0.239475,0.00008,0.00008,0.000399,0.000239,0.705249,0.054479
AACTTCTGCGTCTATC-1,0.551682,0.000066,0.000066,0.000329,0.198758,0.003214,0.245886
AACTTGCCCGTATGCA-1,0.000035,0.007389,0.000035,0.125447,0.824208,0.042852,0.000035
AACTTGCGTTCTCGCG-1,0.550573,0.399242,0.000046,0.00023,0.049817,0.000046,0.000046
AACTTTACGGGAGCTT-1,0.266834,0.163551,0.000026,0.008771,0.00035,0.03372,0.526748
AACTTTAGCTGCTGAG-1,0.000079,0.035994,0.000079,0.000395,0.000237,0.94519,0.018026
AACTTTCTCGATCATG-1,0.000024,0.000024,0.000024,0.312288,0.630703,0.027506,0.02943
AAGAAATCACCAGATT-1,0.000027,0.000027,0.000027,0.67426,0.183333,0.105775,0.036552
AAGAAGGATCAGTTAG-1,0.476999,0.000087,0.000087,0.000437,0.341259,0.181043,0.000087
AAGACCAAATAACTCA-1,0.000258,0.178751,0.002093,0.190524,0.470914,0.023879,0.133583
AAGACCCAACTGAACA-1,0.00001,0.034332,0.00001,0.3379,0.602128,0.007191,0.018428
AAGACTAACCCGTTGT-1,0.502408,0.000131,0.035256,0.000657,0.150314,0.123207,0.188027
AAGACTCACGCCCACT-1,0.027562,0.000172,0.000172,0.573236,0.000516,0.398169,0.000172
AAGACTGCAAGCTACT-1,0.000012,0.002139,0.000012,0.953596,0.025118,0.015912,0.003211
AAGAGATGAATCGGTA-1,0.037684,0.025678,0.000041,0.176696,0.699191,0.054418,0.006291
AAGAGCTCTTTATCGG-1,0.026233,0.000043,0.005747,0.734455,0.097044,0.099338,0.03714
AAGAGGATGTACGCGA-1,0.000013,0.002664,0.000013,0.522995,0.466432,0.007869,0.000013
AAGAGGCATGGATCGC-1,0.00003,0.00859,0.006286,0.68952,0.189563,0.079277,0.026734
AAGAGGCCCTTTGGAA-1,0.001281,0.000012,0.000012,0.513949,0.384781,0.016368,0.083597
AAGATGGCACCGGACC-1,0.000012,0.004911,0.000012,0.248668,0.726087,0.000012,0.020298
AAGATTGGCGGAACGT-1,0.006445,0.000057,0.000057,0.167991,0.097939,0.544369,0.183142
AAGCACCCTGCGTATC-1,0.000016,0.004888,0.000016,0.552528,0.441006,0.000016,0.00153
AAGCATACTCTCCTGA-1,0.000023,0.000023,0.000023,0.722296,0.1862,0.004398,0.087038
AAGCCGAAGCGGTTTA-1,0.000017,0.000017,0.000017,0.848022,0.151894,0.000017,0.000017
AAGCCGCTTTACCTTG-1,0.000058,0.000058,0.000058,0.328511,0.516744,0.154514,0.000058
AAGCCGGAGAGCAGGA-1,0.000009,0.002598,0.000009,0.621489,0.351525,0.010694,0.013676
AAGCGGAGTGCGCGCA-1,0.000698,0.000031,0.019959,0.153217,0.642455,0.171689,0.011951
AAGCGGCGTCATGGGT-1,0.110062,0.023689,0.138102,0.389032,0.176696,0.100978,0.061441
AAGCGTCCCTCATCGA-1,0.000013,0.027003,0.000013,0.231927,0.732049,0.000013,0.008981
AAGCTAGATCGAGTAA-1,0.000009,0.002468,0.000009,0.984302,0.013195,0.000009,0.000009
AAGCTCGTGCCAAGTC-1,0.00002,0.006784,0.006012,0.946554,0.035944,0.004666,0.00002
AAGCTCTTTCATGGTG-1,0.012435,0.010201,0.000017,0.603414,0.349389,0.000017,0.024527
AAGGAGAACTTATAAG-1,0.169079,0.000082,0.000082,0.00041,0.000246,0.83002,0.000082
AAGGAGCGGTTGGTGC-1,0.031874,0.000042,0.000042,0.503373,0.321984,0.133603,0.009081
AAGGATCGATCGCTTG-1,0.00002,0.00002,0.00002,0.772263,0.067658,0.037594,0.122425
AAGGATGAGGGACCTC-1,0.000054,0.000054,0.000054,0.251965,0.500385,0.162598,0.084888
AAGGCAGGCTGTCTCC-1,0.000017,0.015905,0.000017,0.742502,0.091719,0.076998,0.072841
AAGGCGCGTAAAGCTT-1,0.033869,0.000037,0.000037,0.162616,0.693001,0.105998,0.004443
AAGGCTGTGCTCATCG-1,0.017429,0.000067,0.000067,0.246765,0.425948,0.235455,0.074269
AAGGGAACGACTGGCT-1,0.000005,0.142805,0.000005,0.104332,0.174013,0.007259,0.57158
AAGGGACAGATTCTGT-1,0.021696,0.000076,0.000076,0.176183,0.176755,0.457478,0.167735
AAGGGACTATGCATTC-1,0.000013,0.014869,0.000013,0.079858,0.502568,0.008228,0.394452
AAGGGTTTGATTTCAG-1,0.002024,0.002024,0.29715,0.296654,0.006073,0.002024,0.39405
AAGGTATCCTAATATA-1,0.00003,0.00003,0.003912,0.877143,0.079002,0.039851,0.00003
AAGGTGATAAACCAGC-1,0.000013,0.033616,0.000013,0.802993,0.132376,0.000013,0.030975
AAGTAGAAGACCGGGT-1,0.032109,0.000036,0.012702,0.324449,0.57774,0.05293,0.000036
AAGTAGTGACGCGAGG-1,0.000034,0.000034,0.000034,0.387721,0.489717,0.122426,0.000034
AAGTCAATTGTCGTCA-1,0.000016,0.009445,0.000016,0.794655,0.186902,0.000016,0.00895
AAGTCTAGTAGCTGCC-1,0.000097,0.000097,0.000097,0.394899,0.200958,0.403754,0.000097
AAGTCTTCTGTGGCCT-1,0.114985,0.814793,0.000088,0.008188,0.000264,0.061594,0.000088
AAGTGACGACCGAATT-1,0.000015,0.0312,0.000015,0.334951,0.609263,0.000405,0.024152
AAGTGAGTCGGGTTTA-1,0.002316,0.003757,0.000015,0.105225,0.559522,0.032902,0.296264
AAGTGCAAAGGTAGAC-1,0.244429,0.085191,0.000017,0.031829,0.037649,0.109609,0.491277
AAGTGCCTTGACTGTA-1,0.000011,0.000011,0.000011,0.990848,0.009096,0.000011,0.000011
AAGTGCGTTAGAATCT-1,0.000007,0.011525,0.000007,0.246298,0.727603,0.000007,0.014553
AAGTGTTTGGAGACGG-1,0.000012,0.006571,0.000012,0.930113,0.063268,0.000012,0.000012
AAGTTCACTCCAAGCT-1,0.000035,0.070306,0.000035,0.127149,0.688911,0.036636,0.076928
AAGTTCAGTCTGCGTA-1,0.00002,0.00002,0.002472,0.857994,0.079363,0.052722,0.007409
AAGTTCGGCCAACAGG-1,0.000011,0.016547,0.000011,0.414638,0.548874,0.000089,0.019829
AAGTTTACTAATGGCA-1,0.284352,0.00012,0.00012,0.000601,0.000361,0.714326,0.00012
AATAACAACGCTCGGC-1,0.000023,0.000023,0.000023,0.255571,0.622101,0.088303,0.033955
AATAACACTAGAACAA-1,0.001313,0.00342,0.000006,0.322805,0.648461,0.006781,0.017214
AATAAGTCCTCGAGAC-1,0.015632,0.000018,0.000018,0.000089,0.000054,0.984172,0.000018
AATAATCTTCGTATCG-1,0.000015,0.000015,0.000015,0.455262,0.30388,0.023649,0.217163
AATACAATGTTTCAGG-1,0.162163,0.021591,0.000043,0.021979,0.305637,0.210055,0.278532
AATACCGGAGGGCTGT-1,0.125355,0.043767,0.032722,0.409931,0.058671,0.301984,0.02757
AATAGAACAGAGTGGC-1,0.000014,0.000014,0.000014,0.250381,0.652792,0.026923,0.069861
AATAGAATCTGTTTCA-1,0.000015,0.000015,0.000015,0.920321,0.078122,0.000015,0.001498
AATAGCAAGCCTCCTG-1,0.003912,0.000028,0.602216,0.003474,0.142668,0.164157,0.083544
AATAGCTACCGCGTGC-1,0.000013,0.000013,0.000013,0.981545,0.018388,0.000013,0.000013
AATAGTCCGTCCCGAC-1,0.000025,0.000025,0.000025,0.254943,0.544778,0.006419,0.193787
AATAGTCGCGAGTCGG-1,0.265685,0.659771,0.000035,0.00087,0.073568,0.000035,0.000035
AATATCAAGGTCGGAT-1,0.040078,0.00006,0.00006,0.000299,0.000179,0.959264,0.00006
AATATCCTAGCAAACT-1,0.00115,0.780844,0.000041,0.090463,0.026788,0.066449,0.034264
AATATCGAATCAATGC-1,0.00001,0.00001,0.00001,0.97153,0.028422,0.00001,0.00001
AATATCGAGGGTTCTC-1,0.000059,0.000059,0.000059,0.215483,0.274537,0.359765,0.150038
AATATTGGAGTATTGA-1,0.001742,0.000807,0.004891,0.227444,0.751633,0.010619,0.002864
AATCATGTAAAGACTC-1,0.000014,0.008298,0.000014,0.690593,0.232503,0.003657,0.064922
AATCCAAGGGCCTGAG-1,0.57357,0.00003,0.116098,0.031278,0.158042,0.044684,0.076297
AATCGCCTCAGCGCCA-1,0.000025,0.006322,0.000025,0.80176,0.11087,0.060042,0.020955
AATCGCGCAGAGGACT-1,0.000027,0.000027,0.000027,0.554437,0.248543,0.09346,0.103478
AATCGGGACACTACGA-1,0.049072,0.000049,0.000049,0.000245,0.000147,0.950389,0.000049
AATCTAGGTTTACTTG-1,0.000012,0.046792,0.002516,0.080021,0.712278,0.000427,0.157955
AATCTATGCCGGAGCC-1,0.00008,0.00008,0.00008,0.301257,0.448663,0.201863,0.047976
AATCTCTACTGTGGTT-1,0.006248,0.010707,0.000029,0.069069,0.71874,0.081337,0.113871
AATCTGCGTTGGGACG-1,0.000043,0.000043,0.000043,0.529348,0.351806,0.079213,0.039504
AATCTGGCTTTCTAGT-1,0.000014,0.063805,0.000014,0.204104,0.713853,0.000014,0.018197
AATCTGGGTAGACCCT-1,0.11761,0.000177,0.115194,0.000886,0.148019,0.617936,0.000177
AATGACAGCAATGTCT-1,0.000008,0.009783,0.000008,0.389999,0.596925,0.000008,0.003269
AATGACGTAGGATGTC-1,0.012311,0.000029,0.000029,0.736602,0.185419,0.023709,0.041902
AATGACTGTCAGCCGG-1,0.031005,0.000037,0.000037,0.311449,0.594945,0.062491,0.000037
AATGAGTTCGCATATG-1,0.720919,0.062649,0.000074,0.000372,0.213394,0.000074,0.002518
AATGATGATACGCTAT-1,0.000017,0.000017,0.002278,0.715967,0.256292,0.003459,0.02197
AATGATGCGACTCCTG-1,0.000053,0.000053,0.000053,0.425365,0.343197,0.223584,0.007693
AATGCAACCGGGTACC-1,0.071396,0.000026,0.005257,0.764469,0.076482,0.019175,0.063196
AATGCACCAAGCAATG-1,0.003118,0.000026,0.005439,0.436894,0.417316,0.112827,0.024381
AATGGCCGCCAATGCG-1,0.000036,0.000036,0.278298,0.551427,0.020831,0.149335,0.000036
AATGGTCCACCGTTCA-1,0.000034,0.056343,0.000034,0.27251,0.506182,0.112056,0.052841
AATGGTTCTCACAAGC-1,0.069378,0.00006,0.00006,0.010208,0.594047,0.326188,0.00006
AATGTATGGCACTGTA-1,0.010241,0.207248,0.004184,0.005551,0.308208,0.261726,0.202843
AATGTGCCCGAGGTGT-1,0.000011,0.000011,0.000011,0.132077,0.724509,0.008494,0.134887
AATTAAAGGTCGGCGT-1,0.011017,0.009956,0.000021,0.778635,0.163559,0.002754,0.034058
AATTAACGGATTTCCA-1,0.000023,0.000023,0.000023,0.364557,0.62605,0.000023,0.009301
AATTACGAGACCCATC-1,0.000007,0.188472,0.001107,0.151588,0.610451,0.000007,0.048368
AATTACTCGTACGCTC-1,0.503688,0.486988,0.000059,0.000297,0.008849,0.000059,0.000059
AATTAGCGCTGCAGCG-1,0.008375,0.002722,0.000022,0.586287,0.37685,0.000022,0.025721
AATTCATAAGGGATCT-1,0.000017,0.000017,0.005367,0.764808,0.088475,0.1413,0.000017
AATTCATTGTCATGCA-1,0.005149,0.167322,0.000008,0.02865,0.08316,0.011792,0.703918
AATTCCAAGCATGTAC-1,0.037196,0.023433,0.000042,0.018805,0.687624,0.05535,0.17755
AATTCTAGAGTTAGGC-1,0.010162,0.021849,0.000025,0.347749,0.546981,0.020604,0.052629
AATTGAACGCTCTGGT-1,0.007284,0.000021,0.000021,0.865305,0.048501,0.01582,0.063047
AATTGCAGCAATCGAC-1,0.001675,0.011871,0.000021,0.325841,0.593411,0.033544,0.033636
AATTGTGGTTGCCAAA-1,0.000014,0.000014,0.000014,0.562192,0.423018,0.011544,0.003205
AATTTGGGACATAGTA-1,0.012235,0.000033,0.069005,0.195085,0.442546,0.16445,0.116646
AATTTGGTTCCAAAGA-1,0.424473,0.010971,0.000027,0.002938,0.217031,0.240916,0.103645
ACAAACCATGCGTCCT-1,0.004021,0.162022,0.000006,0.073862,0.287543,0.139344,0.333201
ACAAACCGACAAGGCG-1,0.240264,0.000062,0.000062,0.000308,0.000185,0.60644,0.152679
ACAAAGAAGGTAGGCC-1,0.00001,0.449639,0.003486,0.110322,0.308057,0.049521,0.078965
ACAAAGCATGACCTAG-1,0.00002,0.001066,0.00002,0.158947,0.658993,0.152448,0.028506
ACAAATCGCACCGAAT-1,0.00001,0.009159,0.00001,0.8429,0.101653,0.00001,0.046259
ACAAATGGTAGTGTTT-1,0.000012,0.034386,0.000012,0.844433,0.065937,0.048232,0.006989
ACAAATTCAGATCTGA-1,0.040821,0.011515,0.548182,0.110019,0.197885,0.07539,0.016187
ACAACAGCATGAGCTA-1,0.047754,0.000041,0.000041,0.55068,0.270224,0.131035,0.000225
ACAACGGTCCCTGCGA-1,0.014229,0.000023,0.000023,0.640593,0.279726,0.065383,0.000023
ACAAGCAGTGCCTAGC-1,0.000032,0.000368,0.000032,0.246147,0.552042,0.201347,0.000032
ACAAGCTATATGGAAG-1,0.001202,0.36748,0.001202,0.26336,0.364352,0.001202,0.001202
ACAAGGAAATCCGCCC-1,0.006768,0.008507,0.00669,0.5503,0.346347,0.006561,0.074828
ACAAGGACAAGAGGTT-1,0.000863,0.000032,0.000032,0.290434,0.600981,0.089463,0.018196
ACAAGGATGCTTTAGG-1,0.000026,0.009013,0.000026,0.27471,0.644311,0.012625,0.05929
ACAAGGCCTACCAGCC-1,0.000101,0.000101,0.150711,0.000506,0.000304,0.848176,0.000101
ACAAGGGCAGGCTCTG-1,0.000015,0.000482,0.000015,0.888254,0.084528,0.015663,0.011044
ACAATAGTCGTACGTT-1,0.000016,0.004785,0.000016,0.31273,0.68222,0.000217,0.000016
ACAATCCATTTAAACC-1,0.000015,0.000015,0.000015,0.514755,0.467726,0.017458,0.000015
ACAATCGATCTTTATA-1,0.147146,0.000077,0.000077,0.000386,0.000231,0.852005,0.000077
ACAATGAATACGGAGA-1,0.000007,0.003502,0.000007,0.257624,0.689541,0.000291,0.049028
ACAATGATTCTTCTAC-1,0.116545,0.000035,0.317864,0.282914,0.19637,0.086237,0.000035
ACAATTGTGTCTCTTT-1,0.00756,0.031403,0.000016,0.481081,0.426845,0.004088,0.049007
ACAATTTAGGAGGCTC-1,0.127039,0.050598,0.000034,0.057177,0.436427,0.195902,0.132824
ACAATTTGAGCAGTGG-1,0.01563,0.000044,0.000044,0.697186,0.217039,0.054703,0.015354
ACAATTTGGCCATATT-1,0.000013,0.000013,0.000013,0.985277,0.014656,0.000013,0.000013
ACACAAAGACGGGTGG-1,0.000023,0.000023,0.006142,0.722586,0.246679,0.024523,0.000023
ACACAAATATTCCTAG-1,0.000022,0.000022,0.009295,0.330711,0.441944,0.201416,0.016589
ACACACCAGGACCAGT-1,0.000032,0.006314,0.000032,0.474752,0.308234,0.071181,0.139455
ACACACTTTCTACACG-1,0.179478,0.015798,0.000051,0.098016,0.475875,0.154168,0.076615
ACACATGATCAAATCT-1,0.000009,0.20351,0.000009,0.028594,0.092737,0.014962,0.660179
ACACATTGACGCAACA-1,0.471028,0.361454,0.065686,0.004482,0.00012,0.09719,0.00004
ACACCACATAATTAGC-1,0.000041,0.000041,0.000041,0.252017,0.481035,0.166823,0.100003
ACACCCAGCATGCAGC-1,0.016913,0.000035,0.000035,0.632814,0.248469,0.101699,0.000035
ACACCCGAGAAATCCG-1,0.115905,0.000047,0.000047,0.000235,0.661508,0.139479,0.08278
ACACCCGTAAATCTGT-1,0.000085,0.000085,0.108521,0.175972,0.360666,0.354587,0.000085
ACACCGAGCGCTCTTT-1,0.002248,0.974481,0.000016,0.000078,0.023083,0.000016,0.000079
ACACCGGTCTGACCGC-1,0.062851,0.261085,0.000018,0.00177,0.122905,0.46537,0.086001
ACACCTTAAGTAGGGC-1,0.058379,0.000058,0.000058,0.012853,0.868633,0.05996,0.000058
ACACCTTACTACTTGC-1,0.000022,0.000022,0.000022,0.842791,0.154908,0.000022,0.002213
ACACGAGACTCCTTCT-1,0.000022,0.000022,0.003431,0.917078,0.023746,0.028677,0.027025
ACACGGCACTATGCAT-1,0.126141,0.000047,0.000047,0.000236,0.000142,0.87334,0.000047
ACACGGGAACTTAGGG-1,0.006252,0.000062,0.000062,0.321943,0.524023,0.147595,0.000062
ACACGTAGGCCACAAG-1,0.000007,0.001109,0.000007,0.70741,0.290379,0.000007,0.001081
ACACTCCAATGTCACT-1,0.449036,0.075392,0.000075,0.001203,0.287481,0.004027,0.182786
ACACTGATCAAGGTGT-1,0.000018,0.000018,0.000018,0.330156,0.57444,0.020653,0.074696
ACACTGGGACAGTCGT-1,0.000023,0.00316,0.000023,0.443034,0.452333,0.024756,0.076671
ACAGAACTGAGAACAA-1,0.000006,0.042355,0.000006,0.237224,0.678878,0.000952,0.040579
ACAGATTAGGTTAGTG-1,0.192648,0.000095,0.000095,0.000475,0.000285,0.806307,0.000095
ACAGCATAGAGCCAGT-1,0.119547,0.126383,0.00003,0.000148,0.000089,0.753773,0.00003
ACAGCGACATTCTCAT-1,0.017869,0.027245,0.000032,0.434311,0.454806,0.040057,0.02568
ACAGCGCACCCGCAGC-1,0.050317,0.000037,0.368117,0.000186,0.335987,0.242609,0.002747
ACAGGCTTGCCCGACT-1,0.001362,0.094008,0.000025,0.553658,0.071435,0.06181,0.217702
ACAGGTGGAGGTGAGG-1,0.000015,0.00005,0.000015,0.241104,0.727951,0.000015,0.03085
ACAGGTGTGTTGTTGC-1,0.003077,0.003077,0.003077,0.975384,0.009231,0.003077,0.003077
ACAGTAATACAACTTG-1,0.000011,0.018811,0.000011,0.097938,0.739036,0.015078,0.129116
ACAGTATACCGTGGGA-1,0.002262,0.000026,0.000026,0.51234,0.335035,0.118056,0.032256
ACAGTGCAGCGCATTT-1,0.041418,0.000226,0.000226,0.009669,0.19537,0.752864,0.000226
ACATAAGTCGTGGTGA-1,0.000009,0.299881,0.000009,0.04964,0.179693,0.000634,0.470134
ACATAATAAGGCGGTG-1,0.019073,0.00003,0.009409,0.424466,0.384095,0.077048,0.085881
ACATCAGCTGGGACGC-1,0.000035,0.056157,0.000035,0.067765,0.48265,0.224539,0.168819
ACATCCCGGCCATACG-1,0.000023,0.000023,0.000023,0.598989,0.334814,0.048328,0.017801
ACATCCTGGTAACTGT-1,0.00977,0.000229,0.000026,0.650311,0.16539,0.063536,0.110738
ACATCGATCGTTTACC-1,0.036631,0.000049,0.000049,0.531802,0.393589,0.000049,0.037831
ACATCGGTCAGCCGCG-1,0.01507,0.000785,0.000035,0.364427,0.58303,0.032169,0.004485
ACATCGTATGCAATGG-1,0.00811,0.000019,0.000019,0.835502,0.132395,0.000019,0.023936
ACATCGTTAACCTAGT-1,0.403164,0.59653,0.000028,0.000139,0.000084,0.000028,0.000028
ACATCTCAACGCGTAA-1,0.158699,0.000049,0.000049,0.000245,0.000147,0.840762,0.000049
ACATGGCGCCAAAGTA-1,0.00001,0.006905,0.00001,0.963715,0.028543,0.00001,0.000806
ACATGGCTCAATTTAG-1,0.56122,0.32668,0.015265,0.096145,0.000414,0.000138,0.000138
ACATTAGTTTATATCC-1,0.00003,0.009107,0.00003,0.572146,0.363357,0.020278,0.03505
ACCAAACACCCAGCGA-1,0.000042,0.000042,0.000042,0.409161,0.399349,0.191323,0.000042
ACCAAACTAGAAATCC-1,0.009322,0.016858,0.000035,0.000176,0.000106,0.973468,0.000035
ACCAACACCACACACT-1,0.000011,0.000011,0.000011,0.981289,0.018657,0.000011,0.000011
ACCAACGCTTATTTAT-1,0.000026,0.003149,0.005254,0.13543,0.748388,0.01747,0.090283
ACCAAGAACGCGTGTC-1,0.084582,0.000038,0.060157,0.015241,0.485573,0.154935,0.199475
ACCAATATGCAAGTTA-1,0.000016,0.005613,0.000016,0.391278,0.508232,0.017444,0.077401
ACCACAACTCAGAACA-1,0.114445,0.000045,0.205882,0.000227,0.079925,0.45729,0.142186
ACCACAAGTTTCTATC-1,0.000022,0.000022,0.000022,0.833644,0.121599,0.015546,0.029145
ACCACCAATGTAACAA-1,0.003899,0.000025,0.000025,0.486716,0.448582,0.060727,0.000025
ACCACCCTCTCTTCTA-1,0.000025,0.002651,0.000025,0.396815,0.278818,0.232154,0.089511
ACCACGTGCAGCTATA-1,0.013402,0.008575,0.00002,0.603593,0.316841,0.031576,0.025993
ACCACTGTTCAAGAAG-1,0.29896,0.562148,0.000047,0.000235,0.117432,0.021131,0.000047
ACCAGACCATAACAAC-1,0.044489,0.70331,0.000027,0.029029,0.009164,0.213954,0.000027
ACCAGCCCGGTCTTTG-1,0.056826,0.000067,0.000067,0.000336,0.000202,0.942435,0.000067
ACCAGGAGTGTGATCT-1,0.155991,0.000146,0.000146,0.00073,0.000438,0.842404,0.000146
ACCAGTGCCCGGTCAA-1,0.057158,0.000262,0.125287,0.502424,0.09295,0.055503,0.166416
ACCAGTGCGGGAGACG-1,0.004817,0.002775,0.000024,0.628722,0.209091,0.03964,0.11493
ACCATATCCGCAATAA-1,0.054147,0.000044,0.000044,0.496358,0.425055,0.024306,0.000044
ACCATCCGCCAACTAG-1,0.000009,0.019712,0.000009,0.186572,0.690521,0.00019,0.102986
ACCATCGTATATGGTA-1,0.000039,0.07749,0.000039,0.391398,0.442737,0.062486,0.025811
ACCATTAAGGGTGTCA-1,0.011393,0.987327,0.000014,0.00007,0.000042,0.000014,0.001141
ACCCAACGCCCGTGGC-1,0.000068,0.000068,0.000068,0.196,0.611502,0.181399,0.010896
ACCCACCTACATGCTC-1,0.003366,0.000034,0.000034,0.133014,0.662104,0.201414,0.000034
ACCCATCTTGAGGGTA-1,0.031273,0.014926,0.000044,0.177224,0.655217,0.046911,0.074406
ACCCATTTGTCCCTCT-1,0.000044,0.033525,0.000044,0.216556,0.599325,0.006218,0.144288
ACCCGAGCGAAATTAC-1,0.00001,0.002816,0.00001,0.173895,0.645353,0.006054,0.171862
ACCCGGAAACTCCCAG-1,0.000016,0.000207,0.000016,0.415119,0.548824,0.014575,0.021243
ACCCGGAGCACCACAA-1,0.000005,0.001941,0.000005,0.914373,0.083665,0.000005,0.000005
ACCCGGATGACGCATC-1,0.000031,0.000031,0.000031,0.717985,0.154985,0.047425,0.079512
ACCCGGTTACACTTCC-1,0.0372,0.105474,0.000032,0.501483,0.33188,0.011017,0.012916
ACCCGTGTCATCAGTA-1,0.000628,0.000023,0.000023,0.183487,0.620009,0.000023,0.195807
ACCCTATAGGACTGAG-1,0.398154,0.601412,0.000038,0.000192,0.000127,0.000038,0.000038
ACCCTATGCCATATCG-1,0.000025,0.006693,0.000025,0.046686,0.731268,0.029677,0.185627
ACCCTCCCTTGCTATT-1,0.000024,0.000024,0.000024,0.754078,0.210981,0.028336,0.006534
ACCCTGGTAACGCCCT-1,0.000031,0.000031,0.000031,0.457463,0.355354,0.17952,0.007569
ACCCTTCATCTGCGAA-1,0.184294,0.000054,0.048521,0.000271,0.528953,0.20953,0.028377
ACCCTTGCCTGGGTCG-1,0.000013,0.000013,0.000013,0.977597,0.013592,0.00876,0.000013
ACCCTTTAGTTCTCCA-1,0.226426,0.00011,0.03695,0.000551,0.065777,0.414532,0.255654
ACCGAAAGGGCCCTGC-1,0.262502,0.000243,0.000243,0.001213,0.000728,0.734829,0.000243
ACCGAAGAGTCTGGTT-1,0.000015,0.237214,0.000015,0.05868,0.435162,0.006537,0.262377
ACCGACACATCTCCCA-1,0.006056,0.000012,0.000012,0.36791,0.623053,0.000012,0.002945
ACCGACTGAGTCCCAC-1,0.015852,0.010097,0.000025,0.821537,0.119042,0.006515,0.026932
ACCGATAGGCATAACC-1,0.00001,0.013189,0.00001,0.487821,0.39864,0.013789,0.086541
ACCGATATTTAATCAT-1,0.000019,0.000019,0.000019,0.57979,0.242531,0.012953,0.164669
ACCGATGGTAGCATCG-1,0.00002,0.00002,0.00002,0.906685,0.08639,0.001392,0.005475
ACCGCAATAACTGCCT-1,0.000012,0.014835,0.000012,0.803804,0.165439,0.000012,0.015884
ACCGCGGTGGAAGTCG-1,0.000026,0.000026,0.000026,0.572216,0.27949,0.015098,0.133118
ACCGGGCCTTTGTTGA-1,0.018395,0.009216,0.000037,0.499801,0.467533,0.000037,0.004981
ACCGGTCAGGTACACC-1,0.000005,0.465408,0.000005,0.000025,0.000015,0.000005,0.534537
ACCGGTCTGAGTACGG-1,0.000059,0.000059,0.032829,0.848306,0.057656,0.061031,0.000059
ACCGTCCACTGGGCCC-1,0.016985,0.214956,0.000016,0.11261,0.370002,0.275158,0.010274
ACCGTGACCACGTGGG-1,0.000013,0.05353,0.000013,0.080276,0.545053,0.003446,0.317669
ACCGTTCCCGCTCTGA-1,0.086938,0.030193,0.000036,0.000181,0.000109,0.769509,0.113033
ACCTAAGTACCTTTCA-1,0.000007,0.000007,0.000007,0.29129,0.708674,0.000007,0.000007
ACCTAATCGACTTCCT-1,0.000072,0.000072,0.000072,0.046262,0.693692,0.141576,0.118253
ACCTACAGTATGTGGT-1,0.000017,0.001457,0.000017,0.855948,0.01455,0.035409,0.092603
ACCTCCGCCCTCGCTG-1,0.000024,0.000024,0.000024,0.630723,0.282461,0.004094,0.082651
ACCTCCGTTATTCACC-1,0.00005,0.004608,0.00005,0.530541,0.253605,0.177646,0.033499
ACCTCGAACTTATGCT-1,0.019583,0.23647,0.000016,0.000082,0.101827,0.477318,0.164703
ACCTGCGTGTCATGTT-1,0.000011,0.000051,0.001295,0.244817,0.753804,0.000011,0.000011
ACCTTTCCTTTAGAAG-1,0.063743,0.000109,0.000109,0.000545,0.000327,0.935058,0.000109
ACGAAATGGGCGGCAC-1,0.00002,0.00151,0.00002,0.35532,0.436037,0.207073,0.00002
ACGACCCATGAGTTGC-1,0.001158,0.00085,0.00134,0.713795,0.235404,0.03118,0.016273
ACGACTGGTCATACTC-1,0.000021,0.0185,0.000021,0.120289,0.544115,0.004577,0.312478
ACGAGAACCCATCACG-1,0.594148,0.000069,0.000069,0.007646,0.000207,0.011897,0.385965
ACGAGATATTTGCTTA-1,0.057485,0.000038,0.424714,0.000188,0.270401,0.203515,0.04366
ACGAGGATACCACTCT-1,0.000009,0.0764,0.000009,0.123445,0.758627,0.000009,0.041501
ACGAGGTTTACAACGT-1,0.00001,0.127171,0.00001,0.23027,0.319761,0.002269,0.320509
ACGAGTACGGATGCCC-1,0.000138,0.000138,0.000138,0.09992,0.436424,0.346506,0.116736
ACGATACATAGAACTA-1,0.025548,0.000021,0.006404,0.782146,0.062535,0.113386,0.009961
ACGATACCTATCCTGA-1,0.001571,0.488863,0.001508,0.227756,0.004525,0.274269,0.001508
ACGATCATACATAGAG-1,0.014395,0.000047,0.018849,0.462579,0.348917,0.085406,0.069808
ACGATCATCTTGTAAA-1,0.00002,0.00002,0.00002,0.878264,0.07945,0.00002,0.042206
ACGATGCATATGTTAT-1,0.00005,0.00005,0.00005,0.403492,0.501684,0.088236,0.006438
ACGATGGATCCGATGC-1,0.297668,0.000035,0.072585,0.000174,0.091945,0.304308,0.233285
ACGCAAACTAATAGAT-1,0.005965,0.033555,0.000012,0.300449,0.586783,0.031563,0.041672
ACGCAATCACTACAGC-1,0.000031,0.000031,0.000031,0.784288,0.138965,0.047833,0.028819
ACGCATAAATGACATG-1,0.037642,0.000051,0.179221,0.283425,0.207423,0.292188,0.000051
ACGCATACGTTTACTA-1,0.000015,0.000015,0.000015,0.638065,0.342499,0.000015,0.019378
ACGCATTCGTGAGTAC-1,0.000221,0.011055,0.000042,0.565446,0.234248,0.138972,0.050017
ACGCCAGATGATTTCT-1,0.058032,0.000036,0.00855,0.118391,0.636689,0.110697,0.067606
ACGCCCAGCTGTCGAT-1,0.008851,0.010513,0.000041,0.000207,0.000124,0.980223,0.000041
ACGCCGCTAGACGACC-1,0.015383,0.000025,0.000025,0.688506,0.197713,0.03134,0.067009
ACGCGAAGTCAGACGA-1,0.019369,0.01274,0.000021,0.742115,0.186473,0.000021,0.039261
ACGCGCTACACAGGGT-1,0.000039,0.028158,0.000039,0.00704,0.929965,0.03472,0.000039
ACGCGGGCCAAGGACA-1,0.000019,0.005548,0.000019,0.817942,0.159881,0.016572,0.000019
ACGCGTTTCTTAAGAG-1,0.134808,0.864572,0.000056,0.000282,0.000169,0.000056,0.000056
ACGCTAGTATCAGTGC-1,0.000075,0.000075,0.02803,0.816311,0.111856,0.043579,0.000075
ACGCTAGTGATACACT-1,0.013258,0.000052,0.000052,0.438792,0.192722,0.14214,0.212984
ACGCTGTGAGGCGTAG-1,0.000027,0.03737,0.000027,0.064488,0.809043,0.024119,0.064925
ACGCTTAGTGTCTCTC-1,0.035,0.000074,0.000074,0.000368,0.000221,0.964191,0.000074
ACGGAATTTAGCAAAT-1,0.498996,0.000026,0.000026,0.011233,0.000079,0.008223,0.481417
ACGGACTCTCAAAGCG-1,0.000023,0.008812,0.000023,0.454074,0.479512,0.006879,0.050677
ACGGAGCGCAAATTAC-1,0.000016,0.000016,0.002355,0.932145,0.035111,0.025615,0.004743
ACGGATGGTGCGGATA-1,0.000013,0.000013,0.000013,0.560635,0.439302,0.000013,0.000013
ACGGCACTTGCTTGGG-1,0.000025,0.048623,0.005622,0.506272,0.436703,0.000025,0.002731
ACGGCCAACATGGACT-1,0.000009,0.005001,0.000009,0.400159,0.594805,0.000009,0.000009
ACGGCGACGATGGGAA-1,0.000017,0.001716,0.000017,0.559632,0.382256,0.001795,0.054567
ACGGCGGGTTGCCCTG-1,0.447785,0.018137,0.000084,0.000422,0.000253,0.273896,0.259423
ACGGCTGGATGTAGAA-1,0.00001,0.134753,0.00001,0.095085,0.229365,0.028783,0.511994
ACGGGAGTGTCGGCCC-1,0.000015,0.000015,0.000015,0.211975,0.78743,0.000015,0.000533
ACGGGCGTATGCGACA-1,0.000027,0.000027,0.000027,0.956635,0.025853,0.017405,0.000027
ACGGGTCATGTGACTT-1,0.247109,0.752511,0.000035,0.000173,0.000104,0.000035,0.000035
ACGTACAGATTTCTCT-1,0.254239,0.000036,0.008705,0.00018,0.014123,0.722636,0.00008
ACGTAGATTGCTGATG-1,0.011951,0.000049,0.000049,0.588524,0.326446,0.072932,0.000049
ACGTATTACTCCGATC-1,0.000034,0.024398,0.000034,0.49405,0.075816,0.23167,0.173997
ACGTCCTAAACGAGAT-1,0.00909,0.000059,0.000059,0.000296,0.000177,0.99026,0.000059
ACGTCTCGTTCCGGGA-1,0.000013,0.112041,0.000013,0.080594,0.6628,0.072746,0.071795
ACGTGACAAAGTAAGT-1,0.000005,0.467088,0.000005,0.204397,0.308982,0.000005,0.019518
ACGTGCGCCTCGTGCA-1,0.031627,0.012923,0.012585,0.805746,0.085845,0.047267,0.004007
ACGTGGTCGAATGTGC-1,0.172075,0.256142,0.000044,0.000222,0.000133,0.571338,0.000044
ACGTTAATGTCGAAGA-1,0.022921,0.011691,0.000032,0.405399,0.335683,0.080886,0.143388
ACGTTAGATTTGCCCG-1,0.000024,0.004345,0.000024,0.577935,0.400344,0.011862,0.005468
ACGTTATTGGTCACTC-1,0.43661,0.416603,0.000036,0.00018,0.146499,0.000036,0.000036
ACGTTCCGCGCTCCGT-1,0.303922,0.000073,0.000073,0.000363,0.000218,0.695281,0.000073
ACGTTCGCAATCAATT-1,0.000023,0.000023,0.000023,0.843771,0.085493,0.038003,0.032664
ACGTTCGTTCAGGAAA-1,0.000019,0.006188,0.000019,0.217612,0.549697,0.003284,0.223181
ACGTTTAGTTGTGATC-1,0.126388,0.000063,0.011866,0.012031,0.51323,0.336359,0.000063
ACTAAGGACGCACACC-1,0.000028,0.000028,0.012853,0.515656,0.127993,0.270719,0.072723
ACTAATACGTCAGGCG-1,0.095284,0.004506,0.193625,0.286335,0.395342,0.024058,0.000849
ACTACATCCCGACAAG-1,0.000009,0.109079,0.000009,0.00603,0.227889,0.053303,0.603682
ACTACCAGCTCTCTGG-1,0.040031,0.000077,0.000077,0.142683,0.635023,0.118039,0.064071
ACTACGCGTTAGAATT-1,0.000035,0.017766,0.000035,0.047097,0.564796,0.027451,0.342819
ACTAGTTGCGATCGTC-1,0.000023,0.000023,0.000023,0.548141,0.33419,0.000023,0.117578
ACTATATGCTGTGTTC-1,0.000063,0.000063,0.018028,0.639266,0.263894,0.078624,0.000063
ACTATCCAGGGCATGG-1,0.00005,0.00005,0.00005,0.715918,0.160778,0.099241,0.023914
ACTATCTGCCCGCGTA-1,0.000012,0.003399,0.000012,0.780905,0.121994,0.003021,0.090658
ACTATGTCCAGCTGCC-1,0.013869,0.22682,0.00002,0.007072,0.415144,0.200207,0.136869
ACTATTCGTCCGTGGT-1,0.098533,0.000044,0.116709,0.069023,0.538027,0.175691,0.001973
ACTATTTCCGGGCCCA-1,0.000013,0.020361,0.000013,0.228807,0.596378,0.000772,0.153657
ACTCAACGAATGTATT-1,0.713132,0.000066,0.000066,0.089232,0.000197,0.087834,0.109473
ACTCAAGTGCAAGGCT-1,0.000013,0.002597,0.000013,0.470576,0.505385,0.000863,0.020554
ACTCAATAAAGGCACG-1,0.007275,0.009804,0.000024,0.623875,0.184854,0.146409,0.027759
ACTCAGACCTGCTTCT-1,0.691506,0.000065,0.000065,0.000324,0.000194,0.279039,0.028808
ACTCATGGCAGCCTTC-1,0.000044,0.089525,0.000044,0.004061,0.458538,0.210248,0.237541
ACTCCAATATCATCAT-1,0.000013,0.018649,0.000013,0.077872,0.355281,0.000393,0.547778
ACTCCCATTCCTAAAG-1,0.000007,0.010372,0.000007,0.271525,0.717824,0.000007,0.000257
ACTCCCGAATTCGTTT-1,0.000067,0.005196,0.000067,0.722972,0.125532,0.10269,0.043476
ACTCCCGTAGACTAGG-1,0.00003,0.00003,0.00003,0.310648,0.415075,0.220535,0.053652
ACTCCCTAATGCTAAA-1,0.000102,0.028625,0.000027,0.179608,0.550447,0.038901,0.202289
ACTCCCTAGAATAGTA-1,0.012223,0.000023,0.000023,0.678797,0.224971,0.004386,0.079577
ACTCGATGTATTTCAT-1,0.464608,0.478996,0.000044,0.056133,0.000132,0.000044,0.000044
ACTCGCGATCTGACGC-1,0.000019,0.000019,0.000019,0.975233,0.02467,0.000019,0.000019
ACTCGTAACCCGTCCT-1,0.00001,0.011436,0.00001,0.165797,0.806476,0.00001,0.016259
ACTCGTCAGTAATCCC-1,0.000017,0.000017,0.000017,0.897263,0.016286,0.086381,0.000017
ACTCTAAACCTGGGAT-1,0.000078,0.999063,0.000078,0.00039,0.000234,0.000078,0.000078
ACTCTCTGACTTAGGT-1,0.000016,0.024422,0.000016,0.944383,0.030798,0.000016,0.000348
ACTCTCTTATACACGA-1,0.090721,0.000037,0.439063,0.012497,0.204041,0.241326,0.012315
ACTCTTCAGCTCCCGC-1,0.000042,0.000042,0.004322,0.629988,0.239362,0.11817,0.008074
ACTCTTGTATAGTAAC-1,0.017079,0.000039,0.000039,0.606903,0.139911,0.209096,0.026933
ACTGAAACGCCGTTAG-1,0.000012,0.000012,0.000012,0.64673,0.327259,0.011104,0.01487
ACTGAATGGCGAAAGT-1,0.017177,0.030079,0.00088,0.752857,0.18166,0.01476,0.002587
ACTGATTTAGTGATTC-1,0.198112,0.000131,0.000131,0.000655,0.000393,0.800446,0.000131
ACTGCCGTCGTAACTC-1,0.048056,0.000026,0.010419,0.298518,0.403934,0.070727,0.16832
ACTGCGGACACACCGT-1,0.000046,0.000046,0.000046,0.552219,0.279757,0.167839,0.000046
ACTGCTCGGAAGGATG-1,0.00001,0.120939,0.00001,0.169933,0.627918,0.005448,0.075741
ACTGGCGAACCTGCGT-1,0.000025,0.000025,0.048609,0.475542,0.327818,0.140148,0.007833
ACTGTACGATACACAT-1,0.0175,0.000042,0.000042,0.654262,0.197172,0.014622,0.11636
ACTGTAGCACTTTGGA-1,0.01063,0.000059,0.000059,0.209805,0.561641,0.217746,0.000059
ACTGTATACGCGAGCA-1,0.670755,0.000044,0.000044,0.000222,0.028597,0.016802,0.283535
ACTGTCCAGGATTATA-1,0.016469,0.021816,0.000023,0.878103,0.078569,0.000238,0.004781
ACTGTCTTCTTTAGAA-1,0.000034,0.000034,0.000034,0.670177,0.088127,0.211903,0.029692
ACTGTGCTAGTAGATC-1,0.415552,0.002079,0.000035,0.000174,0.000105,0.008461,0.573594
ACTGTTTAGTGTAGGC-1,0.000067,0.000067,0.000067,0.000337,0.000202,0.999192,0.000067
ACTTACCGGGCGCGCA-1,0.030905,0.000024,0.128159,0.124314,0.603128,0.085015,0.028455
ACTTACGCATCCACGC-1,0.021307,0.032445,0.000035,0.190152,0.730953,0.020364,0.004744
ACTTAGTACGACAAGA-1,0.544564,0.000022,0.00805,0.000112,0.000067,0.014859,0.432326
ACTTATACTTACCCGG-1,0.003263,0.000037,0.000037,0.501119,0.277491,0.098509,0.119544
ACTTATTAGGATCGGT-1,0.000028,0.017366,0.000028,0.715595,0.142438,0.124516,0.000029
ACTTATTTATGTGCCA-1,0.000011,0.006148,0.000011,0.9913,0.002507,0.000011,0.000011
ACTTCAGGCTGATCCC-1,0.000022,0.016193,0.000022,0.651352,0.188629,0.097249,0.046534
