Barcode,Topic 1,Topic 2,Topic 3,Topic 4,Topic 5to8,Topic 9,Topic 10to11,Topic 12,Topic 13
AAACAAGTATCTCCCA-1,0.000006,0.000006,0.000006,0.015619,0.978291,0.003129,0.002929,0.000006,0.000006
AAACAATCTACTAGCA-1,0.00027,0.00027,0.00027,0.00027,0.00108,0.00027,0.00054,0.996761,0.00027
AAACACCAATAACTGC-1,0.000005,0.077726,0.000005,0.006208,0.081674,0.003371,0.187656,0.000364,0.642991
AAACAGAGCGACTCCT-1,0.044053,0.000024,0.026921,0.127755,0.000096,0.459786,0.013363,0.168608,0.159394
AAACAGCTTTCAGAAG-1,0.000008,0.054984,0.000008,0.019124,0.14812,0.001333,0.718574,0.002372,0.055476
AAACAGGGTCTATATT-1,0.000009,0.039911,0.000009,0.016093,0.047005,0.051015,0.717899,0.008178,0.119882
AAACATTTCCCGGATT-1,0.000017,0.069084,0.000017,0.036393,0.370275,0.149949,0.343251,0.007328,0.023685
AAACCACTACACAGAT-1,0.000049,0.000049,0.062829,0.495022,0.237405,0.105208,0.038315,0.061072,0.000049
AAACCCGAACGAAATC-1,0.000014,0.008511,0.000014,0.016679,0.756586,0.098623,0.041818,0.048642,0.029112
AAACCGGAAATGTTAA-1,0.00001,0.008817,0.00001,0.430714,0.174355,0.10404,0.178839,0.009466,0.093749
AAACCGGGTAGGTACC-1,0.036072,0.063211,0.000035,0.000035,0.037421,0.398809,0.464346,0.000035,0.000035
AAACCGTTCGTCCAGG-1,0.011253,0.005603,0.000013,0.009412,0.067605,0.205807,0.502386,0.022168,0.175752
AAACCTCATGAAGTTG-1,0.000016,0.005534,0.000016,0.048099,0.134782,0.035855,0.762123,0.002203,0.011374
AAACGAAGAACATACC-1,0.003726,0.000014,0.000014,0.000014,0.000054,0.000014,0.000027,0.996124,0.000014
AAACGAAGATGGAGTA-1,0.000006,0.375107,0.000006,0.002854,0.152752,0.000006,0.356959,0.008152,0.10416
AAACGACAGTCTTGCC-1,0.000121,0.000121,0.139901,0.096683,0.000483,0.127884,0.000242,0.634445,0.000121
AAACGAGACGGTTGAT-1,0.000021,0.049624,0.000021,0.01868,0.615241,0.00561,0.017074,0.107128,0.186602
AAACGCCCGAGATCGG-1,0.273097,0.069347,0.090465,0.002545,0.000514,0.404044,0.000257,0.159604,0.000128
AAACGGGCGTACGGGT-1,0.000058,0.000058,0.000058,0.008941,0.050765,0.708504,0.206599,0.02496,0.000058
AAACGTGTTCGCCCTA-1,0.000021,0.000021,0.024062,0.471897,0.08238,0.222722,0.053234,0.145641,0.000021
AAACTAACGTGGCGAC-1,0.136231,0.011775,0.506629,0.047475,0.170001,0.004865,0.0854,0.007618,0.030007
AAACTCGTGATATAAG-1,0.000044,0.000044,0.000044,0.131491,0.310064,0.408597,0.04104,0.106845,0.001833
AAACTGCTGGCTCCAA-1,0.00001,0.00001,0.003093,0.027725,0.940447,0.008474,0.013957,0.006274,0.00001
AAACTTAATTGCACGC-1,0.0816,0.134785,0.006751,0.014498,0.031096,0.193087,0.144427,0.277401,0.116355
AAACTTGCAAACGTAT-1,0.000006,0.00186,0.000006,0.044009,0.200417,0.052688,0.700473,0.000006,0.000535
AAAGAATGACCTTAGA-1,0.034105,0.328111,0.000029,0.013596,0.189687,0.000029,0.047193,0.217325,0.169923
AAAGACATGAAGTTTA-1,0.103392,0.137997,0.000392,0.000392,0.00157,0.000392,0.000785,0.754686,0.000392
AAAGACCCAAGTCGCG-1,0.344047,0.017228,0.093776,0.000016,0.000065,0.00177,0.001294,0.539926,0.001879
AAAGACTGGGCGCTTT-1,0.008407,0.02013,0.000038,0.058965,0.000153,0.228774,0.423955,0.248416,0.011162
AAAGCTTGCCTACATA-1,0.000021,0.000021,0.000021,0.194986,0.664906,0.001064,0.028704,0.061881,0.048397
AAAGGCTACGGACCAT-1,0.000016,0.017888,0.000016,0.014953,0.174121,0.286746,0.434855,0.006072,0.065334
AAAGGCTCTCGCGCCG-1,0.000016,0.000725,0.001279,0.038438,0.27339,0.143261,0.53183,0.00901,0.002051
AAAGGGATGTAGCAAG-1,0.070338,0.000037,0.012059,0.127122,0.441787,0.176331,0.02636,0.096372,0.049595
AAAGGGCAGCTTGAAT-1,0.021051,0.000044,0.000044,0.008488,0.003293,0.340327,0.180273,0.446434,0.000044
AAAGGTAAGCTGTACC-1,0.000007,0.000007,0.041779,0.921318,0.002127,0.002919,0.031829,0.000007,0.000007
AAAGGTCAACGACATG-1,0.000137,0.000137,0.04673,0.376521,0.038309,0.000137,0.000274,0.537619,0.000137
AAAGTAGCATTGCTCA-1,0.00001,0.009476,0.00001,0.010165,0.137739,0.099896,0.653244,0.000433,0.089025
AAAGTCACTGATGTAA-1,0.102163,0.000035,0.010786,0.000035,0.00014,0.000035,0.00007,0.886702,0.000035
AAAGTCGACCCTCAGT-1,0.000013,0.032617,0.000013,0.044717,0.174254,0.024916,0.677656,0.045802,0.000013
AAAGTGCCATCAATTA-1,0.00001,0.015904,0.00001,0.133475,0.499222,0.025273,0.246861,0.003547,0.075699
AAAGTGTGATTTATCT-1,0.000023,0.000023,0.000023,0.105486,0.72495,0.068931,0.092613,0.000612,0.007339
AAAGTTGACTCCCGTA-1,0.000025,0.000025,0.000025,0.039021,0.604931,0.170444,0.070909,0.015535,0.099087
AAATAACCATACGGGA-1,0.027334,0.000023,0.056701,0.394097,0.000092,0.362865,0.019599,0.138255,0.001032
AAATAAGGTAGTGCCC-1,0.000025,0.007156,0.000025,0.131441,0.538308,0.162339,0.030228,0.099842,0.030636
AAATACCTATAAGCAT-1,0.000023,0.009731,0.000023,0.032675,0.469263,0.25205,0.16055,0.008515,0.067171
AAATAGCTTAGACTTT-1,0.000054,0.000054,0.000054,0.141144,0.368096,0.150872,0.096207,0.167307,0.076211
AAATAGGGTGCTATTG-1,0.015701,0.043143,0.000023,0.034579,0.48343,0.226164,0.116562,0.008012,0.072385
AAATCACTCCTAAACG-1,0.088207,0.00005,0.270585,0.15684,0.000202,0.335925,0.000101,0.14804,0.00005
AAATCGCGGAAGGAGT-1,0.000012,0.43179,0.003694,0.00585,0.188232,0.000012,0.21966,0.000964,0.149786
AAATCGTGTACCACAA-1,0.000027,0.044525,0.000027,0.009564,0.492286,0.26661,0.11434,0.02642,0.046201
AAATCTAGCCCTGCTA-1,0.000007,0.000007,0.000007,0.029028,0.942061,0.00538,0.020807,0.000007,0.002697
AAATGATTCGATCAGC-1,0.000027,0.000027,0.003953,0.571734,0.043224,0.2208,0.025105,0.100974,0.034156
AAATGCTCGTTACGTT-1,0.421366,0.000025,0.000025,0.000025,0.000099,0.000025,0.000049,0.009224,0.569163
AAATGGCATGTCTTGT-1,0.069515,0.000034,0.027902,0.082094,0.020696,0.523204,0.031311,0.171638,0.073606
AAATGGCCCGTGCCCT-1,0.000005,0.019258,0.000005,0.003664,0.231345,0.000005,0.718627,0.000005,0.027087
AAATGGTCAATGTGCC-1,0.016229,0.000023,0.000023,0.079221,0.671679,0.142887,0.063223,0.025228,0.001487
AAATGTATCTTATCCC-1,0.000855,0.597342,0.000855,0.000855,0.265446,0.000855,0.001709,0.000855,0.131229
AAATGTGGGTGCTCCT-1,0.008815,0.000089,0.000089,0.000089,0.000354,0.000089,0.000177,0.99021,0.000089
AAATTAACGGGTAGCT-1,0.020966,0.000039,0.000039,0.022087,0.476149,0.329073,0.003764,0.084769,0.063115
AAATTAATAAGCGCGA-1,0.092474,0.886234,0.00003,0.00003,0.000118,0.00003,0.000059,0.020996,0.00003
AAATTACACGACTCTG-1,0.034433,0.000026,0.070526,0.052323,0.030053,0.612564,0.00239,0.095473,0.102212
AAATTACCTATCGATG-1,0.020351,0.01973,0.000034,0.657609,0.106352,0.056931,0.026561,0.072872,0.039559
AAATTCCAGGTCCAAA-1,0.0472,0.095542,0.00004,0.09318,0.294648,0.170203,0.011175,0.287974,0.00004
AAATTGATAGTCCTTT-1,0.000013,0.025076,0.000013,0.016585,0.234634,0.014039,0.67847,0.000013,0.031158
AAATTGGTGAGAAGCA-1,0.000049,0.000049,0.000049,0.18768,0.002531,0.629041,0.002579,0.145105,0.032917
AAATTTACCGAAATCC-1,0.025112,0.000033,0.231704,0.281196,0.085659,0.038844,0.042553,0.24169,0.053209
AAATTTGCGGGTGTGG-1,0.002254,0.057754,0.000012,0.021908,0.165199,0.054812,0.685974,0.000012,0.012075
AACAACTGGTAGTTGC-1,0.000028,0.005691,0.000028,0.200686,0.609765,0.132001,0.037231,0.014543,0.000028
AACAATACATTGTCGA-1,0.00001,0.003394,0.00001,0.010654,0.222445,0.102142,0.614676,0.00001,0.04666
AACAATTACTCTACGC-1,0.000041,0.000041,0.000041,0.125321,0.051071,0.498365,0.134122,0.190956,0.000041
AACACACGCTCGCCGC-1,0.000018,0.000018,0.000018,0.013295,0.615166,0.253644,0.099617,0.009476,0.008748
AACACGACTGTACTGA-1,0.372132,0.000034,0.000034,0.000034,0.000135,0.000034,0.000068,0.625903,0.001626
AACACGAGACGCGGCC-1,0.000011,0.00062,0.000011,0.073771,0.118779,0.094238,0.712427,0.000011,0.000134
AACACGCGGCCGCGAA-1,0.413108,0.000031,0.003227,0.000031,0.000123,0.000031,0.000061,0.156763,0.426624
AACAGCTGTGTGGCAA-1,0.00001,0.003716,0.00001,0.022265,0.094779,0.099445,0.615333,0.008385,0.156057
AACAGGAAATCGAATA-1,0.075977,0.000551,0.022329,0.00334,0.000113,0.652278,0.032303,0.142586,0.070523
AACAGGATGGGCCGCG-1,0.000056,0.020406,0.000056,0.087568,0.084328,0.551874,0.07535,0.069897,0.110464
AACAGGTAGTATGGAT-1,0.029984,0.230007,0.000013,0.006001,0.638258,0.091382,0.004327,0.000013,0.000013
AACATATCAACTGGTG-1,0.000043,0.000043,0.000043,0.335493,0.09893,0.167755,0.150808,0.234386,0.012499
AACATCGATACGTCTA-1,0.015118,0.065209,0.000027,0.370933,0.197991,0.141859,0.075546,0.108959,0.024357
AACATTGTGACTCGAG-1,0.029909,0.000044,0.000044,0.000044,0.000176,0.354736,0.553294,0.051453,0.010301
AACCAAGACTTCTCTG-1,0.00001,0.004242,0.00001,0.500207,0.216837,0.00001,0.270736,0.00001,0.007938
AACCAGTATCACTCTT-1,0.144969,0.00003,0.567973,0.00003,0.010384,0.060171,0.033848,0.07383,0.108765
AACCATAGGGTTGAAC-1,0.069349,0.230303,0.000015,0.000258,0.000061,0.166218,0.009167,0.499214,0.025415
AACCATGGGATCGCTA-1,0.471621,0.000012,0.269936,0.000012,0.005785,0.000015,0.000024,0.000012,0.252583
AACCCAGAGACGGAGA-1,0.385601,0.000032,0.025515,0.019097,0.001319,0.041436,0.001051,0.340641,0.185308
AACCCATCCCATGATC-1,0.00001,0.114086,0.00001,0.000099,0.049368,0.023065,0.184023,0.009672,0.619668
AACCCGAGCAGAATCG-1,0.000023,0.000023,0.000023,0.086557,0.288935,0.274482,0.055309,0.035177,0.259471
AACCCGATAGGGCTTC-1,0.000047,0.000047,0.067064,0.344227,0.001284,0.442906,0.000094,0.089832,0.054497
AACCCTACTGTCAATA-1,0.000025,0.043296,0.000025,0.015492,0.620091,0.132305,0.044765,0.139884,0.004116
AACCCTGGTGGAACCA-1,0.322606,0.004802,0.029257,0.000018,0.000072,0.000018,0.009511,0.632195,0.001522
AACCGAGCTTGGTCAT-1,0.020524,0.000051,0.013098,0.119692,0.0625,0.493336,0.012986,0.187795,0.090018
AACCGCTAAGGGATGC-1,0.00001,0.00001,0.00001,0.016827,0.952973,0.007392,0.0213,0.00001,0.001469
AACCGTTGTGTTTGCT-1,0.349239,0.000043,0.135311,0.000043,0.000172,0.273392,0.053525,0.141511,0.046764
AACCTAAAGCCGTCCG-1,0.135867,0.023988,0.000064,0.000064,0.000257,0.000064,0.000128,0.829707,0.00986
AACCTCGCTTTAGCCC-1,0.00001,0.000384,0.00001,0.051331,0.354858,0.083906,0.508158,0.00001,0.001335
AACCTGTCACGGAATT-1,0.013621,0.025808,0.000035,0.063492,0.407939,0.164527,0.009075,0.285541,0.029961
AACCTTTAAATACGGT-1,0.01817,0.021674,0.000018,0.028514,0.35778,0.186907,0.332499,0.007486,0.046952
AACCTTTACGACGTCT-1,0.008792,0.000024,0.030835,0.510422,0.030958,0.063049,0.094435,0.257624,0.003861
AACGAAAGTCGTCCCA-1,0.000006,0.279645,0.000006,0.011942,0.18306,0.001946,0.372243,0.006788,0.144366
AACGATAATGCCGTAG-1,0.020012,0.018492,0.000022,0.024534,0.49862,0.196469,0.144175,0.01341,0.084265
AACGATAGAAGGGCCG-1,0.147033,0.000047,0.148811,0.000047,0.00102,0.280841,0.147108,0.204246,0.070846
AACGATATGTCAACTG-1,0.024911,0.000033,0.017393,0.218529,0.434416,0.245406,0.011535,0.037501,0.010276
AACGCATGATCTGGGT-1,0.000035,0.000035,0.000035,0.137074,0.145426,0.4417,0.130645,0.114378,0.030671
AACGCGAACGGCAACA-1,0.531574,0.281346,0.000059,0.000059,0.000236,0.172081,0.000118,0.014469,0.000059
AACGCGGTCTCCAGCC-1,0.000032,0.000032,0.007016,0.348428,0.287607,0.272395,0.039716,0.044742,0.000032
AACGCTGTTGCTGAAA-1,0.000006,0.002508,0.000006,0.902059,0.058055,0.000006,0.037346,0.000006,0.000006
AACGGACGTACGTATA-1,0.00001,0.00001,0.00001,0.019634,0.882514,0.02357,0.037463,0.00001,0.036778
AACGGCCATCTCCGGT-1,0.00001,0.00604,0.00001,0.028479,0.368513,0.035529,0.555943,0.00001,0.005466
AACGTACTGTGGGTAC-1,0.005115,0.008435,0.000022,0.076699,0.290933,0.058967,0.491825,0.025338,0.042666
AACGTAGTCTACCCAT-1,0.000099,0.033553,0.023614,0.000099,0.000395,0.000099,0.000197,0.941846,0.000099
AACGTCAGACTAGTGG-1,0.083314,0.000078,0.000078,0.000078,0.000311,0.888621,0.000156,0.027286,0.000078
AACGTGATGAAGGACA-1,0.134482,0.005582,0.773875,0.000222,0.058292,0.000008,0.02439,0.003141,0.000008
AACGTGCGAAAGTCTC-1,0.007729,0.00242,0.000026,0.113845,0.589514,0.044708,0.067869,0.087477,0.086412
AACGTTATCAGCACCT-1,0.424919,0.410006,0.000037,0.002605,0.068359,0.052016,0.041985,0.000037,0.000037
AACTACCCGTTTGTCA-1,0.00001,0.00001,0.00001,0.027238,0.935018,0.003627,0.008804,0.025273,0.00001
AACTAGCGTATCGCAC-1,0.238483,0.000099,0.000099,0.000099,0.000396,0.000099,0.000198,0.760428,0.000099
AACTAGGCTTGGGTGT-1,0.047146,0.432955,0.000036,0.000036,0.06294,0.303912,0.059948,0.011292,0.081734
AACTCAAGTTAATTGC-1,0.000012,0.012436,0.000012,0.040383,0.873382,0.04536,0.022492,0.003645,0.002278
AACTCCAGAGCGTGTT-1,0.000036,0.032217,0.000036,0.019627,0.141222,0.310528,0.4086,0.017189,0.070544
AACTCCTAATCCCATG-1,0.001014,0.000012,0.036014,0.606223,0.230358,0.034893,0.031586,0.031086,0.028813
AACTCGATGGCGCAGT-1,0.610361,0.000094,0.000094,0.000094,0.000375,0.194687,0.015292,0.003767,0.175237
AACTCTCAATAGAGCG-1,0.000037,0.008128,0.000037,0.188493,0.348203,0.240334,0.034617,0.092255,0.087898
AACTCTCAGTGTGCTC-1,0.00001,0.00001,0.00001,0.037186,0.32305,0.003931,0.635785,0.00001,0.00001
AACTGAGGTCAGCGTC-1,0.005744,0.00003,0.109135,0.246545,0.070534,0.075464,0.131307,0.349637,0.011605
AACTGAGTTATACTGA-1,0.000015,0.000015,0.000015,0.03555,0.69755,0.0616,0.100539,0.040156,0.064559
AACTGATATTAGGCCT-1,0.096193,0.000052,0.000052,0.093413,0.062167,0.469868,0.062171,0.210861,0.005224
AACTGGGTCCCGACGT-1,0.005319,0.000021,0.007267,0.377166,0.414582,0.052122,0.081664,0.061839,0.000021
AACTGGGTTCGAGCCG-1,0.167288,0.000381,0.000381,0.000381,0.001523,0.000381,0.000762,0.828523,0.000381
AACTGGTGTGGGCCTT-1,0.239475,0.00008,0.00008,0.00008,0.000319,0.00008,0.000159,0.705249,0.054479
AACTTCTGCGTCTATC-1,0.551682,0.000066,0.000066,0.000066,0.000263,0.165282,0.033476,0.003214,0.245886
AACTTGCCCGTATGCA-1,0.000035,0.007389,0.000035,0.044515,0.080931,0.630379,0.193829,0.042852,0.000035
AACTTGCGTTCTCGCG-1,0.550573,0.399242,0.000046,0.000046,0.000184,0.007177,0.04264,0.000046,0.000046
AACTTTACGGGAGCTT-1,0.266834,0.163551,0.000026,0.000026,0.008744,0.000026,0.000323,0.03372,0.526748
AACTTTAGCTGCTGAG-1,0.000079,0.035994,0.000079,0.000079,0.000316,0.000079,0.000158,0.94519,0.018026
AACTTTCTCGATCATG-1,0.000024,0.000024,0.000024,0.13703,0.175258,0.557264,0.073439,0.027506,0.02943
AAGAAATCACCAGATT-1,0.000027,0.000027,0.000027,0.430792,0.243468,0.128151,0.055182,0.105775,0.036552
AAGAAGGATCAGTTAG-1,0.476999,0.000087,0.000087,0.000087,0.000349,0.29838,0.042879,0.181043,0.000087
AAGACCAAATAACTCA-1,0.000258,0.178751,0.002093,0.005874,0.18465,0.000241,0.470673,0.023879,0.133583
AAGACCCAACTGAACA-1,0.00001,0.034332,0.00001,0.007131,0.330769,0.104034,0.498095,0.007191,0.018428
AAGACTAACCCGTTGT-1,0.502408,0.000131,0.035256,0.000131,0.000526,0.097034,0.05328,0.123207,0.188027
AAGACTCACGCCCACT-1,0.027562,0.000172,0.000172,0.110811,0.462425,0.000172,0.000344,0.398169,0.000172
AAGACTGCAAGCTACT-1,0.000012,0.002139,0.000012,0.014149,0.939447,0.000012,0.025105,0.015912,0.003211
AAGAGATGAATCGGTA-1,0.037684,0.025678,0.000041,0.054053,0.122643,0.589411,0.10978,0.054418,0.006291
AAGAGCTCTTTATCGG-1,0.026233,0.000043,0.005747,0.029594,0.704861,0.068393,0.028651,0.099338,0.03714
AAGAGGATGTACGCGA-1,0.000013,0.002664,0.000013,0.062866,0.46013,0.144913,0.321519,0.007869,0.000013
AAGAGGCATGGATCGC-1,0.00003,0.00859,0.006286,0.094342,0.595177,0.159,0.030564,0.079277,0.026734
AAGAGGCCCTTTGGAA-1,0.001281,0.000012,0.000012,0.091692,0.422257,0.116438,0.268343,0.016368,0.083597
AAGATGGCACCGGACC-1,0.000012,0.004911,0.000012,0.004868,0.2438,0.0835,0.642587,0.000012,0.020298
AAGATTGGCGGAACGT-1,0.006445,0.000057,0.000057,0.086973,0.081018,0.084649,0.01329,0.544369,0.183142
AAGCACCCTGCGTATC-1,0.000016,0.004888,0.000016,0.053105,0.499423,0.047689,0.393318,0.000016,0.00153
AAGCATACTCTCCTGA-1,0.000023,0.000023,0.000023,0.040692,0.681604,0.119462,0.066738,0.004398,0.087038
AAGCCGAAGCGGTTTA-1,0.000017,0.000017,0.000017,0.015629,0.832393,0.133631,0.018263,0.000017,0.000017
AAGCCGCTTTACCTTG-1,0.000058,0.000058,0.000058,0.309295,0.019216,0.490093,0.026651,0.154514,0.000058
AAGCCGGAGAGCAGGA-1,0.000009,0.002598,0.000009,0.067564,0.553925,0.012618,0.338907,0.010694,0.013676
AAGCGGAGTGCGCGCA-1,0.000698,0.000031,0.019959,0.153092,0.000124,0.600341,0.042114,0.171689,0.011951
AAGCGGCGTCATGGGT-1,0.110062,0.023689,0.138102,0.0898,0.299232,0.029355,0.147341,0.100978,0.061441
AAGCGTCCCTCATCGA-1,0.000013,0.027003,0.000013,0.027881,0.204046,0.040331,0.691718,0.000013,0.008981
AAGCTAGATCGAGTAA-1,0.000009,0.002468,0.000009,0.029239,0.955062,0.003544,0.00965,0.000009,0.000009
AAGCTCGTGCCAAGTC-1,0.00002,0.006784,0.006012,0.038372,0.908182,0.000401,0.035543,0.004666,0.00002
AAGCTCTTTCATGGTG-1,0.012435,0.010201,0.000017,0.063295,0.540119,0.018869,0.33052,0.000017,0.024527
AAGGAGAACTTATAAG-1,0.169079,0.000082,0.000082,0.000082,0.000328,0.000082,0.000164,0.83002,0.000082
AAGGAGCGGTTGGTGC-1,0.031874,0.000042,0.000042,0.044295,0.459078,0.262057,0.059927,0.133603,0.009081
AAGGATCGATCGCTTG-1,0.00002,0.00002,0.00002,0.034791,0.737472,0.035623,0.032035,0.037594,0.122425
AAGGATGAGGGACCTC-1,0.000054,0.000054,0.000054,0.131015,0.12095,0.472823,0.027562,0.162598,0.084888
AAGGCAGGCTGTCTCC-1,0.000017,0.015905,0.000017,0.012317,0.730185,0.078012,0.013707,0.076998,0.072841
AAGGCGCGTAAAGCTT-1,0.033869,0.000037,0.000037,0.002596,0.16002,0.672827,0.020173,0.105998,0.004443
AAGGCTGTGCTCATCG-1,0.017429,0.000067,0.000067,0.001511,0.245254,0.21206,0.213888,0.235455,0.074269
AAGGGAACGACTGGCT-1,0.000005,0.142805,0.000005,0.006766,0.097566,0.005686,0.168327,0.007259,0.57158
AAGGGACAGATTCTGT-1,0.021696,0.000076,0.000076,0.06241,0.113773,0.176602,0.000153,0.457478,0.167735
AAGGGACTATGCATTC-1,0.000013,0.014869,0.000013,0.009709,0.070149,0.060332,0.442236,0.008228,0.394452
AAGGGTTTGATTTCAG-1,0.002024,0.002024,0.29715,0.288557,0.008097,0.002024,0.004049,0.002024,0.39405
AAGGTATCCTAATATA-1,0.00003,0.00003,0.003912,0.237359,0.639785,0.059018,0.019983,0.039851,0.00003
AAGGTGATAAACCAGC-1,0.000013,0.033616,0.000013,0.090536,0.712457,0.042306,0.09007,0.000013,0.030975
AAGTAGAAGACCGGGT-1,0.032109,0.000036,0.012702,0.222578,0.10187,0.278448,0.299292,0.05293,0.000036
AAGTAGTGACGCGAGG-1,0.000034,0.000034,0.000034,0.208197,0.179524,0.194472,0.295245,0.122426,0.000034
AAGTCAATTGTCGTCA-1,0.000016,0.009445,0.000016,0.037898,0.756757,0.077417,0.109485,0.000016,0.00895
AAGTCTAGTAGCTGCC-1,0.000097,0.000097,0.000097,0.248305,0.146594,0.146129,0.054828,0.403754,0.000097
AAGTCTTCTGTGGCCT-1,0.114985,0.814793,0.000088,0.000088,0.0081,0.000088,0.000176,0.061594,0.000088
AAGTGACGACCGAATT-1,0.000015,0.0312,0.000015,0.028337,0.306614,0.036733,0.57253,0.000405,0.024152
AAGTGAGTCGGGTTTA-1,0.002316,0.003757,0.000015,0.022804,0.082421,0.255325,0.304197,0.032902,0.296264
AAGTGCAAAGGTAGAC-1,0.244429,0.085191,0.000017,0.00882,0.023009,0.000017,0.037631,0.109609,0.491277
AAGTGCCTTGACTGTA-1,0.000011,0.000011,0.000011,0.012791,0.978057,0.000201,0.008895,0.000011,0.000011
AAGTGCGTTAGAATCT-1,0.000007,0.011525,0.000007,0.013948,0.232351,0.038581,0.689022,0.000007,0.014553
AAGTGTTTGGAGACGG-1,0.000012,0.006571,0.000012,0.059544,0.870569,0.002476,0.060792,0.000012,0.000012
AAGTTCACTCCAAGCT-1,0.000035,0.070306,0.000035,0.05497,0.072178,0.316288,0.372623,0.036636,0.076928
AAGTTCAGTCTGCGTA-1,0.00002,0.00002,0.002472,0.229185,0.628809,0.04661,0.032753,0.052722,0.007409
AAGTTCGGCCAACAGG-1,0.000011,0.016547,0.000011,0.121548,0.29309,0.024918,0.523957,0.000089,0.019829
AAGTTTACTAATGGCA-1,0.284352,0.00012,0.00012,0.00012,0.000481,0.00012,0.00024,0.714326,0.00012
AATAACAACGCTCGGC-1,0.000023,0.000023,0.000023,0.08588,0.16969,0.209848,0.412253,0.088303,0.033955
AATAACACTAGAACAA-1,0.001313,0.00342,0.000006,0.018496,0.304309,0.012818,0.635643,0.006781,0.017214
AATAAGTCCTCGAGAC-1,0.015632,0.000018,0.000018,0.000018,0.000072,0.000018,0.000036,0.984172,0.000018
AATAATCTTCGTATCG-1,0.000015,0.000015,0.000015,0.09228,0.362982,0.2105,0.093379,0.023649,0.217163
AATACAATGTTTCAGG-1,0.162163,0.021591,0.000043,0.000043,0.021936,0.207203,0.098434,0.210055,0.278532
AATACCGGAGGGCTGT-1,0.125355,0.043767,0.032722,0.158739,0.251192,0.030384,0.028288,0.301984,0.02757
AATAGAACAGAGTGGC-1,0.000014,0.000014,0.000014,0.032171,0.218211,0.139136,0.513657,0.026923,0.069861
AATAGAATCTGTTTCA-1,0.000015,0.000015,0.000015,0.048844,0.871477,0.047934,0.030187,0.000015,0.001498
AATAGCAAGCCTCCTG-1,0.003912,0.000028,0.602216,0.000032,0.003442,0.123341,0.019328,0.164157,0.083544
AATAGCTACCGCGTGC-1,0.000013,0.000013,0.000013,0.976735,0.00481,0.000013,0.018375,0.000013,0.000013
AATAGTCCGTCCCGAC-1,0.000025,0.000025,0.000025,0.015793,0.23915,0.179817,0.364961,0.006419,0.193787
AATAGTCGCGAGTCGG-1,0.265685,0.659771,0.000035,0.000035,0.000834,0.073497,0.000071,0.000035,0.000035
AATATCAAGGTCGGAT-1,0.040078,0.00006,0.00006,0.00006,0.000239,0.00006,0.00012,0.959264,0.00006
AATATCCTAGCAAACT-1,0.00115,0.780844,0.000041,0.000041,0.090422,0.000041,0.026747,0.066449,0.034264
AATATCGAATCAATGC-1,0.00001,0.00001,0.00001,0.140328,0.831202,0.012946,0.015476,0.00001,0.00001
AATATCGAGGGTTCTC-1,0.000059,0.000059,0.000059,0.177207,0.038276,0.274419,0.000118,0.359765,0.150038
AATATTGGAGTATTGA-1,0.001742,0.000807,0.004891,0.089944,0.1375,0.000936,0.750697,0.010619,0.002864
AATCATGTAAAGACTC-1,0.000014,0.008298,0.000014,0.099239,0.591354,0.148191,0.084312,0.003657,0.064922
AATCCAAGGGCCTGAG-1,0.57357,0.00003,0.116098,0.027811,0.003468,0.150315,0.007727,0.044684,0.076297
AATCGCCTCAGCGCCA-1,0.000025,0.006322,0.000025,0.062022,0.739738,0.086933,0.023936,0.060042,0.020955
AATCGCGCAGAGGACT-1,0.000027,0.000027,0.000027,0.019609,0.534827,0.230836,0.017707,0.09346,0.103478
AATCGGGACACTACGA-1,0.049072,0.000049,0.000049,0.000049,0.000196,0.000049,0.000098,0.950389,0.000049
AATCTAGGTTTACTTG-1,0.000012,0.046792,0.002516,0.004367,0.075654,0.169534,0.542744,0.000427,0.157955
AATCTATGCCGGAGCC-1,0.00008,0.00008,0.00008,0.033769,0.267488,0.317144,0.13152,0.201863,0.047976
AATCTCTACTGTGGTT-1,0.006248,0.010707,0.000029,0.053215,0.015854,0.041308,0.677432,0.081337,0.113871
AATCTGCGTTGGGACG-1,0.000043,0.000043,0.000043,0.013945,0.515403,0.323361,0.028445,0.079213,0.039504
AATCTGGCTTTCTAGT-1,0.000014,0.063805,0.000014,0.019089,0.185015,0.027783,0.686071,0.000014,0.018197
AATCTGGGTAGACCCT-1,0.11761,0.000177,0.115194,0.000177,0.000709,0.147664,0.000354,0.617936,0.000177
AATGACAGCAATGTCT-1,0.000008,0.009783,0.000008,0.049419,0.34058,0.002943,0.593982,0.000008,0.003269
AATGACGTAGGATGTC-1,0.012311,0.000029,0.000029,0.055132,0.68147,0.140562,0.044857,0.023709,0.041902
AATGACTGTCAGCCGG-1,0.031005,0.000037,0.000037,0.127483,0.183966,0.546751,0.048194,0.062491,0.000037
AATGAGTTCGCATATG-1,0.720919,0.062649,0.000074,0.000074,0.000297,0.066821,0.146574,0.000074,0.002518
AATGATGATACGCTAT-1,0.000017,0.000017,0.002278,0.379156,0.336811,0.256258,0.000034,0.003459,0.02197
AATGATGCGACTCCTG-1,0.000053,0.000053,0.000053,0.18559,0.239775,0.178799,0.164398,0.223584,0.007693
AATGCAACCGGGTACC-1,0.071396,0.000026,0.005257,0.097098,0.667371,0.074873,0.001609,0.019175,0.063196
AATGCACCAAGCAATG-1,0.003118,0.000026,0.005439,0.417043,0.019851,0.379722,0.037594,0.112827,0.024381
AATGGCCGCCAATGCG-1,0.000036,0.000036,0.278298,0.443629,0.107798,0.016836,0.003996,0.149335,0.000036
AATGGTCCACCGTTCA-1,0.000034,0.056343,0.000034,0.08712,0.18539,0.208053,0.298129,0.112056,0.052841
AATGGTTCTCACAAGC-1,0.069378,0.00006,0.00006,0.00006,0.010149,0.285472,0.308575,0.326188,0.00006
AATGTATGGCACTGTA-1,0.010241,0.207248,0.004184,0.000523,0.005028,0.131807,0.176402,0.261726,0.202843
AATGTGCCCGAGGTGT-1,0.000011,0.000011,0.000011,0.017193,0.114884,0.089379,0.63513,0.008494,0.134887
AATTAAAGGTCGGCGT-1,0.011017,0.009956,0.000021,0.04444,0.734195,0.114168,0.049391,0.002754,0.034058
AATTAACGGATTTCCA-1,0.000023,0.000023,0.000023,0.0529,0.311656,0.121265,0.504785,0.000023,0.009301
AATTACGAGACCCATC-1,0.000007,0.188472,0.001107,0.001928,0.149659,0.000007,0.610445,0.000007,0.048368
AATTACTCGTACGCTC-1,0.503688,0.486988,0.000059,0.000059,0.000238,0.00873,0.000119,0.000059,0.000059
AATTAGCGCTGCAGCG-1,0.008375,0.002722,0.000022,0.022091,0.564197,0.197479,0.179371,0.000022,0.025721
AATTCATAAGGGATCT-1,0.000017,0.000017,0.005367,0.128625,0.636183,0.068067,0.020408,0.1413,0.000017
AATTCATTGTCATGCA-1,0.005149,0.167322,0.000008,0.005098,0.023552,0.001624,0.081536,0.011792,0.703918
AATTCCAAGCATGTAC-1,0.037196,0.023433,0.000042,0.001634,0.017171,0.459011,0.228613,0.05535,0.17755
AATTCTAGAGTTAGGC-1,0.010162,0.021849,0.000025,0.027539,0.32021,0.240596,0.306385,0.020604,0.052629
AATTGAACGCTCTGGT-1,0.007284,0.000021,0.000021,0.040141,0.825164,0.034092,0.014409,0.01582,0.063047
AATTGCAGCAATCGAC-1,0.001675,0.011871,0.000021,0.038725,0.287117,0.45383,0.139581,0.033544,0.033636
AATTGTGGTTGCCAAA-1,0.000014,0.000014,0.000014,0.085377,0.476815,0.058062,0.364957,0.011544,0.003205
AATTTGGGACATAGTA-1,0.012235,0.000033,0.069005,0.189132,0.005953,0.377324,0.065222,0.16445,0.116646
AATTTGGTTCCAAAGA-1,0.424473,0.010971,0.000027,0.000041,0.002897,0.203204,0.013827,0.240916,0.103645
ACAAACCATGCGTCCT-1,0.004021,0.162022,0.000006,0.01092,0.062942,0.07567,0.211873,0.139344,0.333201
ACAAACCGACAAGGCG-1,0.240264,0.000062,0.000062,0.000062,0.000247,0.000062,0.000123,0.60644,0.152679
ACAAAGAAGGTAGGCC-1,0.00001,0.449639,0.003486,0.00001,0.110311,0.00001,0.308047,0.049521,0.078965
ACAAAGCATGACCTAG-1,0.00002,0.001066,0.00002,0.00678,0.152166,0.264095,0.394898,0.152448,0.028506
ACAAATCGCACCGAAT-1,0.00001,0.009159,0.00001,0.013359,0.829542,0.032532,0.069121,0.00001,0.046259
ACAAATGGTAGTGTTT-1,0.000012,0.034386,0.000012,0.024433,0.82,0.013722,0.052215,0.048232,0.006989
ACAAATTCAGATCTGA-1,0.040821,0.011515,0.548182,0.02231,0.087708,0.080279,0.117605,0.07539,0.016187
ACAACAGCATGAGCTA-1,0.047754,0.000041,0.000041,0.017584,0.533097,0.181648,0.088575,0.131035,0.000225
ACAACGGTCCCTGCGA-1,0.014229,0.000023,0.000023,0.341494,0.299099,0.073473,0.206252,0.065383,0.000023
ACAAGCAGTGCCTAGC-1,0.000032,0.000368,0.000032,0.119447,0.1267,0.194383,0.357659,0.201347,0.000032
ACAAGCTATATGGAAG-1,0.001202,0.36748,0.001202,0.001202,0.262158,0.001202,0.36315,0.001202,0.001202
ACAAGGAAATCCGCCC-1,0.006768,0.008507,0.00669,0.032342,0.517958,0.25748,0.088867,0.006561,0.074828
ACAAGGACAAGAGGTT-1,0.000863,0.000032,0.000032,0.016554,0.27388,0.43622,0.164761,0.089463,0.018196
ACAAGGATGCTTTAGG-1,0.000026,0.009013,0.000026,0.047174,0.227536,0.293559,0.350751,0.012625,0.05929
ACAAGGCCTACCAGCC-1,0.000101,0.000101,0.150711,0.000101,0.000405,0.000101,0.000202,0.848176,0.000101
ACAAGGGCAGGCTCTG-1,0.000015,0.000482,0.000015,0.036363,0.85189,0.039107,0.045422,0.015663,0.011044
ACAATAGTCGTACGTT-1,0.000016,0.004785,0.000016,0.07993,0.2328,0.197041,0.485179,0.000217,0.000016
ACAATCCATTTAAACC-1,0.000015,0.000015,0.000015,0.237695,0.27706,0.070782,0.396944,0.017458,0.000015
ACAATCGATCTTTATA-1,0.147146,0.000077,0.000077,0.000077,0.000309,0.000077,0.000154,0.852005,0.000077
ACAATGAATACGGAGA-1,0.000007,0.003502,0.000007,0.014887,0.242738,0.017638,0.671903,0.000291,0.049028
ACAATGATTCTTCTAC-1,0.116545,0.000035,0.317864,0.280116,0.002797,0.139657,0.056713,0.086237,0.000035
ACAATTGTGTCTCTTT-1,0.00756,0.031403,0.000016,0.020284,0.460797,0.176087,0.250758,0.004088,0.049007
ACAATTTAGGAGGCTC-1,0.127039,0.050598,0.000034,0.033219,0.023957,0.020828,0.415599,0.195902,0.132824
ACAATTTGAGCAGTGG-1,0.01563,0.000044,0.000044,0.247249,0.449937,0.188242,0.028797,0.054703,0.015354
ACAATTTGGCCATATT-1,0.000013,0.000013,0.000013,0.034394,0.950883,0.000561,0.014095,0.000013,0.000013
ACACAAAGACGGGTGG-1,0.000023,0.000023,0.006142,0.114147,0.608439,0.167753,0.078926,0.024523,0.000023
ACACAAATATTCCTAG-1,0.000022,0.000022,0.009295,0.319802,0.01091,0.364095,0.07785,0.201416,0.016589
ACACACCAGGACCAGT-1,0.000032,0.006314,0.000032,0.060221,0.414532,0.280319,0.027914,0.071181,0.139455
ACACACTTTCTACACG-1,0.179478,0.015798,0.000051,0.037971,0.060045,0.475774,0.000101,0.154168,0.076615
ACACATGATCAAATCT-1,0.000009,0.20351,0.000009,0.007198,0.021396,0.00561,0.087127,0.014962,0.660179
ACACATTGACGCAACA-1,0.471028,0.361454,0.065686,0.004322,0.00016,0.00004,0.00008,0.09719,0.00004
ACACCACATAATTAGC-1,0.000041,0.000041,0.000041,0.107597,0.14442,0.414421,0.066614,0.166823,0.100003
ACACCCAGCATGCAGC-1,0.016913,0.000035,0.000035,0.040845,0.591969,0.211945,0.036523,0.101699,0.000035
ACACCCGAGAAATCCG-1,0.115905,0.000047,0.000047,0.000047,0.000188,0.661414,0.000094,0.139479,0.08278
ACACCCGTAAATCTGT-1,0.000085,0.000085,0.108521,0.175634,0.000339,0.360496,0.000169,0.354587,0.000085
ACACCGAGCGCTCTTT-1,0.002248,0.974481,0.000016,0.000016,0.000062,0.023052,0.000031,0.000016,0.000079
ACACCGGTCTGACCGC-1,0.062851,0.261085,0.000018,0.001697,0.000073,0.105538,0.017367,0.46537,0.086001
ACACCTTAAGTAGGGC-1,0.058379,0.000058,0.000058,0.000058,0.012794,0.831922,0.036711,0.05996,0.000058
ACACCTTACTACTTGC-1,0.000022,0.000022,0.000022,0.051766,0.791025,0.119376,0.035532,0.000022,0.002213
ACACGAGACTCCTTCT-1,0.000022,0.000022,0.003431,0.123124,0.793954,0.00689,0.016856,0.028677,0.027025
ACACGGCACTATGCAT-1,0.126141,0.000047,0.000047,0.000047,0.000189,0.000047,0.000094,0.87334,0.000047
ACACGGGAACTTAGGG-1,0.006252,0.000062,0.000062,0.000062,0.321881,0.519404,0.004619,0.147595,0.000062
ACACGTAGGCCACAAG-1,0.000007,0.001109,0.000007,0.14866,0.55875,0.006789,0.28359,0.000007,0.001081
ACACTCCAATGTCACT-1,0.449036,0.075392,0.000075,0.000075,0.001128,0.132895,0.154586,0.004027,0.182786
ACACTGATCAAGGTGT-1,0.000018,0.000018,0.000018,0.037387,0.292769,0.054485,0.519954,0.020653,0.074696
ACACTGGGACAGTCGT-1,0.000023,0.00316,0.000023,0.115564,0.32747,0.264188,0.188145,0.024756,0.076671
ACAGAACTGAGAACAA-1,0.000006,0.042355,0.000006,0.004114,0.23311,0.010431,0.668447,0.000952,0.040579
ACAGATTAGGTTAGTG-1,0.192648,0.000095,0.000095,0.000095,0.00038,0.000095,0.00019,0.806307,0.000095
ACAGCATAGAGCCAGT-1,0.119547,0.126383,0.00003,0.00003,0.000119,0.00003,0.000059,0.753773,0.00003
ACAGCGACATTCTCAT-1,0.017869,0.027245,0.000032,0.125375,0.308936,0.138211,0.316595,0.040057,0.02568
ACAGCGCACCCGCAGC-1,0.050317,0.000037,0.368117,0.000037,0.000149,0.26768,0.068307,0.242609,0.002747
ACAGGCTTGCCCGACT-1,0.001362,0.094008,0.000025,0.025235,0.528423,0.06939,0.002045,0.06181,0.217702
ACAGGTGGAGGTGAGG-1,0.000015,0.00005,0.000015,0.036846,0.204259,0.035642,0.692308,0.000015,0.03085
ACAGGTGTGTTGTTGC-1,0.003077,0.003077,0.003077,0.963076,0.012308,0.003077,0.006154,0.003077,0.003077
ACAGTAATACAACTTG-1,0.000011,0.018811,0.000011,0.010945,0.086992,0.025982,0.713054,0.015078,0.129116
ACAGTATACCGTGGGA-1,0.002262,0.000026,0.000026,0.404579,0.107761,0.313231,0.021804,0.118056,0.032256
ACAGTGCAGCGCATTT-1,0.041418,0.000226,0.000226,0.008764,0.000905,0.194918,0.000452,0.752864,0.000226
ACATAAGTCGTGGTGA-1,0.000009,0.299881,0.000009,0.009525,0.040115,0.004526,0.175167,0.000634,0.470134
ACATAATAAGGCGGTG-1,0.019073,0.00003,0.009409,0.215972,0.208494,0.342918,0.041177,0.077048,0.085881
ACATCAGCTGGGACGC-1,0.000035,0.056157,0.000035,0.067625,0.00014,0.150874,0.331776,0.224539,0.168819
ACATCCCGGCCATACG-1,0.000023,0.000023,0.000023,0.096798,0.502191,0.075748,0.259066,0.048328,0.017801
ACATCCTGGTAACTGT-1,0.00977,0.000229,0.000026,0.005249,0.645062,0.121932,0.043458,0.063536,0.110738
ACATCGATCGTTTACC-1,0.036631,0.000049,0.000049,0.002923,0.52888,0.380887,0.012702,0.000049,0.037831
ACATCGGTCAGCCGCG-1,0.01507,0.000785,0.000035,0.110705,0.253722,0.318746,0.264284,0.032169,0.004485
ACATCGTATGCAATGG-1,0.00811,0.000019,0.000019,0.091897,0.743605,0.082095,0.0503,0.000019,0.023936
ACATCGTTAACCTAGT-1,0.403164,0.59653,0.000028,0.000028,0.000111,0.000028,0.000056,0.000028,0.000028
ACATCTCAACGCGTAA-1,0.158699,0.000049,0.000049,0.000049,0.000196,0.000049,0.000098,0.840762,0.000049
ACATGGCGCCAAAGTA-1,0.00001,0.006905,0.00001,0.048979,0.914737,0.005602,0.022941,0.00001,0.000806
ACATGGCTCAATTTAG-1,0.56122,0.32668,0.015265,0.095593,0.000552,0.000138,0.000276,0.000138,0.000138
ACATTAGTTTATATCC-1,0.00003,0.009107,0.00003,0.064333,0.507813,0.10892,0.254437,0.020278,0.03505
ACCAAACACCCAGCGA-1,0.000042,0.000042,0.000042,0.407918,0.001243,0.381996,0.017353,0.191323,0.000042
ACCAAACTAGAAATCC-1,0.009322,0.016858,0.000035,0.000035,0.000141,0.000035,0.000071,0.973468,0.000035
ACCAACACCACACACT-1,0.000011,0.000011,0.000011,0.977267,0.004021,0.000011,0.018646,0.000011,0.000011
ACCAACGCTTATTTAT-1,0.000026,0.003149,0.005254,0.04121,0.09422,0.193438,0.554949,0.01747,0.090283
ACCAAGAACGCGTGTC-1,0.084582,0.000038,0.060157,0.000038,0.015204,0.444198,0.041376,0.154935,0.199475
ACCAATATGCAAGTTA-1,0.000016,0.005613,0.000016,0.042168,0.349109,0.093477,0.414755,0.017444,0.077401
ACCACAACTCAGAACA-1,0.114445,0.000045,0.205882,0.000045,0.000181,0.063909,0.016017,0.45729,0.142186
ACCACAAGTTTCTATC-1,0.000022,0.000022,0.000022,0.034053,0.799591,0.100385,0.021214,0.015546,0.029145
ACCACCAATGTAACAA-1,0.003899,0.000025,0.000025,0.021817,0.464899,0.381675,0.066908,0.060727,0.000025
ACCACCCTCTCTTCTA-1,0.000025,0.002651,0.000025,0.257126,0.139689,0.262208,0.01661,0.232154,0.089511
ACCACGTGCAGCTATA-1,0.013402,0.008575,0.00002,0.015216,0.588377,0.134603,0.182238,0.031576,0.025993
ACCACTGTTCAAGAAG-1,0.29896,0.562148,0.000047,0.000047,0.000188,0.117338,0.000094,0.021131,0.000047
ACCAGACCATAACAAC-1,0.044489,0.70331,0.000027,0.000027,0.029002,0.000027,0.009137,0.213954,0.000027
ACCAGCCCGGTCTTTG-1,0.056826,0.000067,0.000067,0.000067,0.000269,0.000067,0.000134,0.942435,0.000067
ACCAGGAGTGTGATCT-1,0.155991,0.000146,0.000146,0.000146,0.000584,0.000146,0.000292,0.842404,0.000146
ACCAGTGCCCGGTCAA-1,0.057158,0.000262,0.125287,0.500896,0.001527,0.06995,0.023,0.055503,0.166416
ACCAGTGCGGGAGACG-1,0.004817,0.002775,0.000024,0.037781,0.590941,0.144775,0.064316,0.03964,0.11493
ACCATATCCGCAATAA-1,0.054147,0.000044,0.000044,0.137661,0.358697,0.327182,0.097873,0.024306,0.000044
ACCATCCGCCAACTAG-1,0.000009,0.019712,0.000009,0.013403,0.173169,0.003664,0.686857,0.00019,0.102986
ACCATCGTATATGGTA-1,0.000039,0.07749,0.000039,0.015076,0.376322,0.319317,0.12342,0.062486,0.025811
ACCATTAAGGGTGTCA-1,0.011393,0.987327,0.000014,0.000014,0.000056,0.000014,0.000028,0.000014,0.001141
ACCCAACGCCCGTGGC-1,0.000068,0.000068,0.000068,0.104101,0.091899,0.543639,0.067863,0.181399,0.010896
ACCCACCTACATGCTC-1,0.003366,0.000034,0.000034,0.044369,0.088645,0.405288,0.256816,0.201414,0.000034
ACCCATCTTGAGGGTA-1,0.031273,0.014926,0.000044,0.039663,0.137561,0.534056,0.121161,0.046911,0.074406
ACCCATTTGTCCCTCT-1,0.000044,0.033525,0.000044,0.04726,0.169296,0.412849,0.186476,0.006218,0.144288
ACCCGAGCGAAATTAC-1,0.00001,0.002816,0.00001,0.004137,0.169758,0.085692,0.559662,0.006054,0.171862
ACCCGGAAACTCCCAG-1,0.000016,0.000207,0.000016,0.018745,0.396374,0.033232,0.515592,0.014575,0.021243
ACCCGGAGCACCACAA-1,0.000005,0.001941,0.000005,0.495714,0.418659,0.000005,0.08366,0.000005,0.000005
ACCCGGATGACGCATC-1,0.000031,0.000031,0.000031,0.067179,0.650806,0.14997,0.005015,0.047425,0.079512
ACCCGGTTACACTTCC-1,0.0372,0.105474,0.000032,0.011243,0.49024,0.269117,0.062763,0.011017,0.012916
ACCCGTGTCATCAGTA-1,0.000628,0.000023,0.000023,0.011812,0.171675,0.118155,0.501854,0.000023,0.195807
ACCCTATAGGACTGAG-1,0.398154,0.601412,0.000038,0.000038,0.000154,0.00005,0.000077,0.000038,0.000038
ACCCTATGCCATATCG-1,0.000025,0.006693,0.000025,0.026286,0.0204,0.175482,0.555786,0.029677,0.185627
ACCCTCCCTTGCTATT-1,0.000024,0.000024,0.000024,0.017003,0.737076,0.104618,0.106363,0.028336,0.006534
ACCCTGGTAACGCCCT-1,0.000031,0.000031,0.000031,0.366858,0.090605,0.299677,0.055677,0.17952,0.007569
ACCCTTCATCTGCGAA-1,0.184294,0.000054,0.048521,0.000054,0.000217,0.465214,0.063739,0.20953,0.028377
ACCCTTGCCTGGGTCG-1,0.000013,0.000013,0.000013,0.973163,0.004434,0.000013,0.013579,0.00876,0.000013
ACCCTTTAGTTCTCCA-1,0.226426,0.00011,0.03695,0.00011,0.000441,0.00011,0.065667,0.414532,0.255654
ACCGAAAGGGCCCTGC-1,0.262502,0.000243,0.000243,0.000243,0.000971,0.000243,0.000485,0.734829,0.000243
ACCGAAGAGTCTGGTT-1,0.000015,0.237214,0.000015,0.005065,0.053615,0.038253,0.396909,0.006537,0.262377
ACCGACACATCTCCCA-1,0.006056,0.000012,0.000012,0.031562,0.336348,0.038307,0.584747,0.000012,0.002945
ACCGACTGAGTCCCAC-1,0.015852,0.010097,0.000025,0.020916,0.800621,0.106484,0.012558,0.006515,0.026932
ACCGATAGGCATAACC-1,0.00001,0.013189,0.00001,0.070527,0.417294,0.181662,0.216978,0.013789,0.086541
ACCGATATTTAATCAT-1,0.000019,0.000019,0.000019,0.346432,0.233358,0.171554,0.070976,0.012953,0.164669
ACCGATGGTAGCATCG-1,0.00002,0.00002,0.00002,0.189023,0.717663,0.057477,0.028912,0.001392,0.005475
ACCGCAATAACTGCCT-1,0.000012,0.014835,0.000012,0.045373,0.758431,0.091258,0.074181,0.000012,0.015884
ACCGCGGTGGAAGTCG-1,0.000026,0.000026,0.000026,0.011099,0.561116,0.219628,0.059863,0.015098,0.133118
ACCGGGCCTTTGTTGA-1,0.018395,0.009216,0.000037,0.000037,0.499764,0.436592,0.030941,0.000037,0.004981
ACCGGTCAGGTACACC-1,0.000005,0.465408,0.000005,0.000005,0.00002,0.000005,0.00001,0.000005,0.534537
ACCGGTCTGAGTACGG-1,0.000059,0.000059,0.032829,0.271631,0.576675,0.000059,0.057597,0.061031,0.000059
ACCGTCCACTGGGCCC-1,0.016985,0.214956,0.000016,0.024497,0.088113,0.032267,0.337735,0.275158,0.010274
ACCGTGACCACGTGGG-1,0.000013,0.05353,0.000013,0.005891,0.074385,0.228891,0.316161,0.003446,0.317669
ACCGTTCCCGCTCTGA-1,0.086938,0.030193,0.000036,0.000036,0.000145,0.000036,0.000072,0.769509,0.113033
ACCTAAGTACCTTTCA-1,0.000007,0.000007,0.000007,0.002744,0.288547,0.000764,0.70791,0.000007,0.000007
ACCTAATCGACTTCCT-1,0.000072,0.000072,0.000072,0.022654,0.023608,0.37524,0.318452,0.141576,0.118253
ACCTACAGTATGTGGT-1,0.000017,0.001457,0.000017,0.024308,0.83164,0.000017,0.014533,0.035409,0.092603
ACCTCCGCCCTCGCTG-1,0.000024,0.000024,0.000024,0.077495,0.553228,0.238002,0.044459,0.004094,0.082651
ACCTCCGTTATTCACC-1,0.00005,0.004608,0.00005,0.108714,0.421827,0.193643,0.059962,0.177646,0.033499
ACCTCGAACTTATGCT-1,0.019583,0.23647,0.000016,0.000016,0.000066,0.089176,0.01265,0.477318,0.164703
ACCTGCGTGTCATGTT-1,0.000011,0.000051,0.001295,0.040457,0.20436,0.01851,0.735294,0.000011,0.000011
ACCTTTCCTTTAGAAG-1,0.063743,0.000109,0.000109,0.000109,0.000436,0.000109,0.000218,0.935058,0.000109
ACGAAATGGGCGGCAC-1,0.00002,0.00151,0.00002,0.154814,0.200506,0.00692,0.429116,0.207073,0.00002
ACGACCCATGAGTTGC-1,0.001158,0.00085,0.00134,0.24613,0.467665,0.008567,0.226837,0.03118,0.016273
ACGACTGGTCATACTC-1,0.000021,0.0185,0.000021,0.007667,0.112622,0.226514,0.317601,0.004577,0.312478
ACGAGAACCCATCACG-1,0.594148,0.000069,0.000069,0.000069,0.007577,0.000069,0.000138,0.011897,0.385965
ACGAGATATTTGCTTA-1,0.057485,0.000038,0.424714,0.000038,0.00015,0.2572,0.013201,0.203515,0.04366
ACGAGGATACCACTCT-1,0.000009,0.0764,0.000009,0.00836,0.115084,0.022967,0.73566,0.000009,0.041501
ACGAGGTTTACAACGT-1,0.00001,0.127171,0.00001,0.010583,0.219686,0.04176,0.278001,0.002269,0.320509
ACGAGTACGGATGCCC-1,0.000138,0.000138,0.000138,0.042233,0.057687,0.225429,0.210996,0.346506,0.116736
ACGATACATAGAACTA-1,0.025548,0.000021,0.006404,0.061908,0.720238,0.060777,0.001758,0.113386,0.009961
ACGATACCTATCCTGA-1,0.001571,0.488863,0.001508,0.001508,0.226248,0.001508,0.003017,0.274269,0.001508
ACGATCATACATAGAG-1,0.014395,0.000047,0.018849,0.006608,0.455971,0.291763,0.057154,0.085406,0.069808
ACGATCATCTTGTAAA-1,0.00002,0.00002,0.00002,0.018772,0.859492,0.041637,0.037813,0.00002,0.042206
ACGATGCATATGTTAT-1,0.00005,0.00005,0.00005,0.037405,0.366087,0.428096,0.073588,0.088236,0.006438
ACGATGGATCCGATGC-1,0.297668,0.000035,0.072585,0.000035,0.000139,0.091875,0.00007,0.304308,0.233285
ACGCAAACTAATAGAT-1,0.005965,0.033555,0.000012,0.034364,0.266085,0.170257,0.416526,0.031563,0.041672
ACGCAATCACTACAGC-1,0.000031,0.000031,0.000031,0.297917,0.486371,0.038928,0.100038,0.047833,0.028819
ACGCATAAATGACATG-1,0.037642,0.000051,0.179221,0.283223,0.000202,0.049094,0.15833,0.292188,0.000051
ACGCATACGTTTACTA-1,0.000015,0.000015,0.000015,0.0881,0.549965,0.073938,0.26856,0.000015,0.019378
ACGCATTCGTGAGTAC-1,0.000221,0.011055,0.000042,0.024995,0.540451,0.200366,0.033882,0.138972,0.050017
ACGCCAGATGATTTCT-1,0.058032,0.000036,0.00855,0.097304,0.021087,0.572666,0.064024,0.110697,0.067606
ACGCCCAGCTGTCGAT-1,0.008851,0.010513,0.000041,0.000041,0.000165,0.000041,0.000083,0.980223,0.000041
ACGCCGCTAGACGACC-1,0.015383,0.000025,0.000025,0.017344,0.671162,0.159903,0.037809,0.03134,0.067009
ACGCGAAGTCAGACGA-1,0.019369,0.01274,0.000021,0.008986,0.73313,0.111421,0.075052,0.000021,0.039261
ACGCGCTACACAGGGT-1,0.000039,0.028158,0.000039,0.002373,0.004668,0.539988,0.389976,0.03472,0.000039
