Barcode,Topic 1,Topic 2to4,Topic 5to8,Topic 9,Topic 10to12
AAACAAGTATCTCCCA-1,0.000011,0.121214,0.841908,0.01181,0.025057
AAACAATCTACTAGCA-1,0.000033,0.000098,0.000131,0.641923,0.357816
AAACACCAATAACTGC-1,0.00001,0.77171,0.154874,0.00629,0.067116
AAACAGAGCGACTCCT-1,0.000108,0.000325,0.000433,0.000108,0.999025
AAACAGCTTTCAGAAG-1,0.000009,0.824315,0.086218,0.016128,0.07333
AAACAGGGTCTATATT-1,0.000011,0.707628,0.098797,0.013914,0.17965
AAACATTTCCCGGATT-1,0.000013,0.195088,0.680511,0.024943,0.099445
AAACCACTACACAGAT-1,0.000106,0.294996,0.02903,0.111862,0.564007
AAACCCGAACGAAATC-1,0.000011,0.169235,0.762042,0.024937,0.043776
AAACCGGAAATGTTAA-1,0.053194,0.116771,0.330759,0.030984,0.468292
AAACCGGGTAGGTACC-1,0.00002,0.562835,0.247715,0.015195,0.174236
AAACCGTTCGTCCAGG-1,0.000021,0.239932,0.278952,0.067564,0.413532
AAACCTAAGCAGCCGG-1,0.000016,0.177266,0.330057,0.026705,0.465955
AAACCTCATGAAGTTG-1,0.00001,0.687257,0.240613,0.015237,0.056883
AAACGAAGAACATACC-1,0.000011,0.004245,0.326272,0.66944,0.000033
AAACGACAGTCTTGCC-1,0.000163,0.013429,0.038693,0.000163,0.947552
AAACGAGACGGTTGAT-1,0.334898,0.125442,0.40046,0.008228,0.130972
AAACGCCCGAGATCGG-1,0.000185,0.000554,0.000739,0.000185,0.998337
AAACGGGTTGGTATCC-1,0.000074,0.000222,0.000297,0.861028,0.138379
AAACGTGTTCGCCCTA-1,0.019578,0.063396,0.377549,0.000078,0.539399
AAACTAACGTGGCGAC-1,0.000152,0.000455,0.478147,0.000152,0.521095
AAACTCGGTTCGCAAT-1,0.000017,0.381836,0.234724,0.026847,0.356575
AAACTCGTGATATAAG-1,0.03674,0.000221,0.524363,0.016036,0.422641
AAACTGCTGGCTCCAA-1,0.006403,0.129076,0.262722,0.009876,0.591924
AAACTTGCAAACGTAT-1,0.000007,0.863928,0.059482,0.014074,0.062509
AAAGACATGAAGTTTA-1,0.000017,0.194977,0.125431,0.617887,0.061688
AAAGACCCAAGTCGCG-1,0.000033,0.018496,0.006298,0.460466,0.514707
AAAGACTGGGCGCTTT-1,0.065221,0.40502,0.25089,0.0167,0.262169
AAAGCTTGCCTACATA-1,0.021913,0.000169,0.000225,0.073474,0.904219
AAAGGCTACGGACCAT-1,0.000015,0.300521,0.434721,0.042464,0.222279
AAAGGCTCTCGCGCCG-1,0.000015,0.272794,0.524131,0.046788,0.156271
AAAGGGATGTAGCAAG-1,0.000066,0.000199,0.000265,0.265781,0.733689
AAAGGGCAGCTTGAAT-1,0.000047,0.141089,0.000188,0.023261,0.835415
AAAGGTAAGCTGTACC-1,0.000075,0.079987,0.323157,0.000075,0.596705
AAAGGTCAACGACATG-1,0.000014,0.034813,0.578714,0.386416,0.000043
AAAGTAGCATTGCTCA-1,0.000022,0.458535,0.03609,0.008371,0.496982
AAAGTCACTGATGTAA-1,0.000038,0.034994,0.161397,0.333844,0.469727
AAAGTCGACCCTCAGT-1,0.002482,0.623767,0.327737,0.038478,0.007536
AAAGTGTGATTTATCT-1,0.000022,0.043476,0.725722,0.00176,0.22902
AAAGTTGACTCCCGTA-1,0.00003,0.058188,0.394214,0.032531,0.515037
AAATAACCATACGGGA-1,0.00006,0.000181,0.029285,0.00006,0.970413
AAATAAGGTAGTGCCC-1,0.014261,0.154243,0.480573,0.049888,0.301035
AAATACCTATAAGCAT-1,0.000021,0.27164,0.487088,0.009669,0.231583
AAATAGCTTAGACTTT-1,0.028387,0.083273,0.331271,0.037494,0.519575
AAATAGGGTGCTATTG-1,0.000023,0.140872,0.522466,0.013494,0.323145
AAATCACTCCTAAACG-1,0.000156,0.000469,0.284394,0.003389,0.711592
AAATCCGATACACGCC-1,0.000009,0.054619,0.628507,0.061937,0.254928
AAATCGTGTACCACAA-1,0.000028,0.228533,0.44777,0.035508,0.288161
AAATCTAGCCCTGCTA-1,0.000011,0.138606,0.758781,0.024933,0.077668
AAATGATTCGATCAGC-1,0.000138,0.037815,0.168276,0.000138,0.793634
AAATGCTCGTTACGTT-1,0.00005,0.000151,0.000202,0.759862,0.239735
AAATGGCATGTCTTGT-1,0.000035,0.006369,0.446879,0.15932,0.387396
AAATGGCCCGTGCCCT-1,0.025708,0.708037,0.064015,0.038472,0.163769
AAATGGTCAATGTGCC-1,0.000047,0.00014,0.000186,0.047365,0.952262
AAATGTATCTTATCCC-1,0.244111,0.119509,0.000308,0.000077,0.635995
AAATGTGGGTGCTCCT-1,0.000037,0.00011,0.000147,0.611403,0.388303
AAATTAACGGGTAGCT-1,0.000086,0.000257,0.000343,0.000086,0.999229
AAATTAATAAGCGCGA-1,0.010103,0.379261,0.020276,0.031575,0.558784
AAATTACACGACTCTG-1,0.00005,0.077092,0.054603,0.256831,0.611424
AAATTACCTATCGATG-1,0.048703,0.000139,0.050554,0.000046,0.900557
AAATTCCAGGTCCAAA-1,0.002857,0.127972,0.643529,0.046301,0.179341
AAATTGATAGTCCTTT-1,0.000021,0.340219,0.354478,0.031727,0.273555
AAATTGCGGCGGTTCT-1,0.000098,0.000294,0.000393,0.278286,0.720928
AAATTGGTGAGAAGCA-1,0.000027,0.059608,0.871203,0.000027,0.069135
AAATTTACCGAAATCC-1,0.000039,0.082123,0.01049,0.085665,0.821683
AAATTTGCGGGTGTGG-1,0.000024,0.439716,0.180506,0.002551,0.377204
AACAACTGGTAGTTGC-1,0.000082,0.000247,0.00033,0.080198,0.919142
AACAATACATTGTCGA-1,0.00001,0.291011,0.576616,0.023705,0.108659
AACAATTACTCTACGC-1,0.000045,0.34993,0.000409,0.017358,0.632258
AACACACGCTCGCCGC-1,0.000012,0.095291,0.833434,0.011367,0.059896
AACACGACTGTACTGA-1,0.000022,0.040319,0.289166,0.510527,0.159965
AACACGAGACGCGGCC-1,0.00002,0.448807,0.095754,0.011028,0.444391
AACACGCGGCCGCGAA-1,0.000028,0.000085,0.001393,0.663189,0.335305
AACAGCTGTGTGGCAA-1,0.000014,0.541444,0.084016,0.02071,0.353816
AACAGGAAATCGAATA-1,0.000024,0.000072,0.233569,0.674976,0.091359
AACAGGATGGGCCGCG-1,0.000038,0.383329,0.060987,0.085127,0.470519
AACAGGTAGTATGGAT-1,0.000021,0.042569,0.654059,0.01106,0.292291
AACATATCAACTGGTG-1,0.100813,0.000133,0.000177,0.000044,0.898833
AACATCGATACGTCTA-1,0.000101,0.026957,0.302967,0.000101,0.669875
AACATTGTGACTCGAG-1,0.000007,0.494398,0.459417,0.022012,0.024166
AACCAAGACTTCTCTG-1,0.000024,0.433153,0.019103,0.008095,0.539626
AACCAGTATCACTCTT-1,0.000069,0.235,0.000276,0.391562,0.373093
AACCATGGGATCGCTA-1,0.000056,0.000167,0.000223,0.743312,0.256242
AACCCAGAGACGGAGA-1,0.000032,0.000097,0.00013,0.789608,0.210133
AACCCATCCCATGATC-1,0.000011,0.868876,0.045035,0.003399,0.082679
AACCCGAGCAGAATCG-1,0.012536,0.12834,0.800001,0.01648,0.042642
AACCCGATAGGGCTTC-1,0.000041,0.00305,0.489176,0.021522,0.486211
AACCCTACTGTCAATA-1,0.000028,0.056598,0.505411,0.034944,0.403019
AACCCTGGTGGAACCA-1,0.000025,0.035677,0.0001,0.438829,0.525368
AACCGAGCTTGGTCAT-1,0.009528,0.004008,0.073111,0.290441,0.622912
AACCGCTAAGGGATGC-1,0.000018,0.142871,0.588032,0.002217,0.266862
AACCGTTGTGTTTGCT-1,0.000069,0.000206,0.000275,0.604666,0.394784
AACCTAAAGCCGTCCG-1,0.00002,0.061774,0.062077,0.644178,0.23195
AACCTCGCTTTAGCCC-1,0.000022,0.283069,0.323906,0.024784,0.36822
AACCTGTCACGGAATT-1,0.001791,0.168725,0.674804,0.031386,0.123294
AACCTTTAAATACGGT-1,0.000025,0.254956,0.262263,0.097356,0.3854
AACCTTTACGACGTCT-1,0.019814,0.000307,0.000409,0.000102,0.979368
AACGATAATGCCGTAG-1,0.00002,0.225278,0.445812,0.004223,0.324666
AACGATAGAAGGGCCG-1,0.000054,0.06719,0.092228,0.198244,0.642283
AACGATATGTCAACTG-1,0.019987,0.002382,0.402862,0.025957,0.548811
AACGCATGATCTGGGT-1,0.000055,0.026189,0.42752,0.000055,0.546181
AACGCGAACGGCAACA-1,0.000019,0.000057,0.143982,0.536701,0.319242
AACGCGGTCTCCAGCC-1,0.009428,0.000167,0.000223,0.362918,0.627265
AACGCTGTTGCTGAAA-1,0.000023,0.069999,0.545774,0.022567,0.361637
AACGGACGTACGTATA-1,0.000021,0.095507,0.459848,0.005253,0.439371
AACGGCCATCTCCGGT-1,0.000031,0.213781,0.02535,0.028673,0.732165
AACGTACTGTGGGTAC-1,0.000037,0.287683,0.134462,0.050986,0.526832
AACGTAGTCTACCCAT-1,0.000038,0.000114,0.000153,0.780664,0.219031
AACGTCAGACTAGTGG-1,0.000039,0.08575,0.175905,0.664308,0.073997
AACGTGATGAAGGACA-1,0.000051,0.004192,0.082337,0.248023,0.665396
AACGTGCGAAAGTCTC-1,0.082546,0.064693,0.48925,0.040146,0.323365
AACGTTATCAGCACCT-1,0.019007,0.000181,0.000242,0.024314,0.956256
AACTACCCGTTTGTCA-1,0.000026,0.092848,0.403168,0.041174,0.462784
AACTAGCGTATCGCAC-1,0.000047,0.006694,0.000189,0.432043,0.561028
AACTAGGCTTGGGTGT-1,0.000042,0.259091,0.022065,0.02206,0.696742
AACTCAAGTTAATTGC-1,0.000026,0.394267,0.104232,0.000268,0.501207
AACTCCAGAGCGTGTT-1,0.00001,0.135568,0.856028,0.00379,0.004603
AACTCCTAATCCCATG-1,0.000044,0.039039,0.131784,0.000044,0.82909
AACTCGATGGCGCAGT-1,0.000044,0.000133,0.000178,0.732542,0.267103
AACTCTCAATAGAGCG-1,0.073851,0.126142,0.322087,0.087206,0.390713
AACTCTCAGTGTGCTC-1,0.000021,0.218506,0.459865,0.034964,0.286644
AACTGAGGTCAGCGTC-1,0.000311,0.284444,0.001244,0.000311,0.71369
AACTGAGTTATACTGA-1,0.000009,0.107845,0.891306,0.000724,0.000117
AACTGATATTAGGCCT-1,0.000034,0.022795,0.098046,0.816466,0.062659
AACTGGGTCCCGACGT-1,0.004648,0.010948,0.365209,0.608299,0.010896
AACTGGGTTCGAGCCG-1,0.000018,0.07815,0.257683,0.658248,0.0059
AACTGGTGTGGGCCTT-1,0.000016,0.000592,0.605039,0.056429,0.337923
AACTTCTGCGTCTATC-1,0.000071,0.000214,0.000285,0.36099,0.638441
AACTTGCCCGTATGCA-1,0.002952,0.59883,0.115268,0.007493,0.275458
AACTTGCGTTCTCGCG-1,0.000024,0.004629,0.228075,0.764296,0.002976
AACTTTACGGGAGCTT-1,0.00722,0.34751,0.248839,0.027219,0.369212
AACTTTAGCTGCTGAG-1,0.000051,0.000154,0.000205,0.592714,0.406875
AACTTTCTCGATCATG-1,0.000113,0.000338,0.181697,0.000113,0.817739
AAGAAATCACCAGATT-1,0.000294,0.000883,0.549474,0.000294,0.449054
AAGAAGGATCAGTTAG-1,0.000041,0.000122,0.000163,0.891572,0.108102
AAGACCCAACTGAACA-1,0.000016,0.357448,0.187159,0.042924,0.412452
AAGACTAACCCGTTGT-1,0.000014,0.000043,0.009688,0.924304,0.065951
AAGACTCACGCCCACT-1,0.000031,0.093971,0.066236,0.459844,0.379919
AAGACTGCAAGCTACT-1,0.05509,0.252402,0.187566,0.024917,0.480025
AAGAGATGAATCGGTA-1,0.000042,0.173235,0.071156,0.063456,0.692111
AAGAGCTCTTTATCGG-1,0.38594,0.101463,0.23657,0.02984,0.246187
AAGAGGATGTACGCGA-1,0.000015,0.564658,0.295521,0.001464,0.138342
AAGAGGCATGGATCGC-1,0.053575,0.218095,0.672794,0.022015,0.033521
AAGAGGCCCTTTGGAA-1,0.016273,0.107773,0.603062,0.034559,0.238334
AAGATGGCACCGGACC-1,0.000015,0.39863,0.247145,0.058372,0.295839
AAGATTGGCGGAACGT-1,0.04206,0.002667,0.104541,0.081987,0.768745
AAGCACCCTGCGTATC-1,0.000021,0.097231,0.399629,0.062993,0.440126
AAGCATACTCTCCTGA-1,0.005249,0.200748,0.551911,0.034462,0.20763
AAGCCGAAGCGGTTTA-1,0.000012,0.025343,0.912645,0.04478,0.017221
AAGCCGCTTTACCTTG-1,0.000147,0.000441,0.709405,0.000147,0.28986
AAGCGGAGTGCGCGCA-1,0.007399,0.000172,0.758979,0.000057,0.233392
AAGCGGCGTCATGGGT-1,0.000076,0.001106,0.081467,0.055083,0.862268
AAGCGTCCCTCATCGA-1,0.00002,0.429805,0.316594,0.056083,0.197498
AAGCTAGATCGAGTAA-1,0.000014,0.720349,0.010905,0.048874,0.219859
AAGCTCGTGCCAAGTC-1,0.217386,0.137245,0.391538,0.048994,0.204836
AAGCTCTTTCATGGTG-1,0.000033,0.180621,0.391064,0.024032,0.40425
AAGGAGAACTTATAAG-1,0.000017,0.000092,0.200229,0.776448,0.023215
AAGGAGCGGTTGGTGC-1,0.000079,0.000238,0.000317,0.000079,0.999287
AAGGATCGATCGCTTG-1,0.003737,0.116035,0.745038,0.029805,0.105385
AAGGATGAGGGACCTC-1,0.048048,0.007358,0.654742,0.007546,0.282306
AAGGCAGGCTGTCTCC-1,0.00002,0.179168,0.582013,0.019489,0.21931
AAGGCGCGTAAAGCTT-1,0.000072,0.003839,0.015671,0.328866,0.651552
AAGGCTGTGCTCATCG-1,0.000051,0.000154,0.000205,0.025322,0.974268
AAGGGACAGATTCTGT-1,0.054536,0.000182,0.000243,0.074893,0.870145
AAGGGACTATGCATTC-1,0.000009,0.533969,0.23507,0.01245,0.218502
AAGGTATCCTAATATA-1,0.022924,0.043153,0.199479,0.000073,0.734372
AAGGTGATAAACCAGC-1,0.000014,0.086579,0.837617,0.025521,0.050269
AAGTAAGCTTCCAAAC-1,0.000027,0.00008,0.001224,0.689755,0.308915
AAGTAGAAGACCGGGT-1,0.000041,0.000122,0.001107,0.601128,0.397602
AAGTAGTGACGCGAGG-1,0.000046,0.156319,0.000186,0.036227,0.807222
AAGTCAATTGTCGTCA-1,0.000016,0.100496,0.786654,0.005365,0.10747
AAGTCTAGTAGCTGCC-1,0.052813,0.000397,0.375518,0.000132,0.57114
AAGTCTTCTGTGGCCT-1,0.000017,0.749862,0.001222,0.000017,0.248881
AAGTGACGACCGAATT-1,0.000021,0.548781,0.110656,0.006759,0.333784
AAGTGAGTCGGGTTTA-1,0.000014,0.361351,0.526905,0.030697,0.081034
AAGTGCAAAGGTAGAC-1,0.084887,0.289026,0.149467,0.000029,0.476592
AAGTGCCTTGACTGTA-1,0.000028,0.129946,0.498221,0.006761,0.365044
AAGTGCGTTAGAATCT-1,0.006426,0.457379,0.336499,0.016438,0.183257
AAGTGTTTGGAGACGG-1,0.000031,0.193054,0.411431,0.005354,0.390129
AAGTTCACTCCAAGCT-1,0.000019,0.233314,0.567688,0.002392,0.196588
AAGTTCAGTCTGCGTA-1,0.000028,0.039008,0.734698,0.000028,0.226239
AAGTTCGGCCAACAGG-1,0.002421,0.582319,0.06754,0.00002,0.347701
AAGTTTACTAATGGCA-1,0.000021,0.025915,0.114507,0.831337,0.028219
AAGTTTATGGGCCCAA-1,0.000038,0.202455,0.393199,0.034177,0.370132
AATAACAACGCTCGGC-1,0.000013,0.474161,0.303094,0.040786,0.181945
AATAACACTAGAACAA-1,0.000016,0.181757,0.390899,0.008395,0.418933
AATAAGTCCTCGAGAC-1,0.000016,0.095825,0.101595,0.750535,0.052029
AATAATCTTCGTATCG-1,0.010467,0.114061,0.59229,0.009286,0.273897
AATACAATGTTTCAGG-1,0.000067,0.005656,0.000266,0.037696,0.956315
AATAGAACAGAGTGGC-1,0.000025,0.314672,0.203952,0.052614,0.428738
AATAGAATCTGTTTCA-1,0.000024,0.075503,0.582608,0.017289,0.324575
AATAGCAAGCCTCCTG-1,0.000178,0.000533,0.000711,0.000178,0.998401
AATAGCTACCGCGTGC-1,0.005378,0.059928,0.906462,0.000027,0.028205
AATAGTCCGTCCCGAC-1,0.00002,0.159797,0.601625,0.062039,0.176519
AATAGTCGCGAGTCGG-1,0.225598,0.232553,0.002607,0.002643,0.536599
AATATCAAGGTCGGAT-1,0.000057,0.00017,0.000227,0.476024,0.523522
AATATCCTAGCAAACT-1,0.000007,0.958024,0.041941,0.000007,0.000021
AATATCGAATCAATGC-1,0.000013,0.0778,0.808794,0.006144,0.10725
AATATCGAGGGTTCTC-1,0.154323,0.000207,0.000276,0.000469,0.844725
AATATTGGAGTATTGA-1,0.000015,0.46574,0.470196,0.000626,0.063423
AATCAGACTGCAGGAC-1,0.000057,0.00017,0.000227,0.278349,0.721198
AATCATGTAAAGACTC-1,0.000019,0.239573,0.221555,0.040317,0.498536
AATCCAAGGGCCTGAG-1,0.000053,0.000158,0.000211,0.341653,0.657925
AATCCATGCAAGGGTG-1,0.000062,0.000185,0.000247,0.662587,0.336919
AATCGCCTCAGCGCCA-1,0.000043,0.025484,0.287773,0.007178,0.679521
AATCGCGCAGAGGACT-1,0.00002,0.108435,0.617055,0.039717,0.234773
AATCGGGACACTACGA-1,0.000016,0.010548,0.294016,0.695373,0.000048
AATCTAGGTTTACTTG-1,0.008295,0.731841,0.092353,0.016906,0.150605
AATCTATGCCGGAGCC-1,0.053863,0.000156,0.000209,0.00672,0.939051
AATCTCTACTGTGGTT-1,0.000019,0.684024,0.060306,0.005875,0.249775
AATCTGCGTTGGGACG-1,0.229545,0.155653,0.402404,0.012386,0.200012
AATCTGGCTTTCTAGT-1,0.015747,0.907579,0.046326,0.006015,0.024333
AATCTGGGTAGACCCT-1,0.000029,0.139458,0.310099,0.445113,0.105301
AATGACAGCAATGTCT-1,0.005018,0.475056,0.252329,0.031803,0.235793
AATGACGTAGGATGTC-1,0.000038,0.091123,0.088584,0.006487,0.813767
AATGACTGTCAGCCGG-1,0.000033,0.021491,0.121554,0.690123,0.166798
AATGAGTTCGCATATG-1,0.000039,0.000116,0.000154,0.838621,0.16107
AATGATGATACGCTAT-1,0.000043,0.024105,0.331988,0.015365,0.628498
AATGATGCGACTCCTG-1,0.011745,0.000243,0.000324,0.006028,0.981659
AATGCAACCGGGTACC-1,0.000055,0.003423,0.000218,0.361753,0.634551
AATGCACCAAGCAATG-1,0.000081,0.06357,0.117842,0.000191,0.818316
AATGGCCGCCAATGCG-1,0.000022,0.078086,0.206414,0.572531,0.142947
AATGGTCCACCGTTCA-1,0.057116,0.489518,0.147648,0.039861,0.265856
AATGGTTCTCACAAGC-1,0.000064,0.000193,0.000257,0.725037,0.274448
AATGTGCCCGAGGTGT-1,0.000025,0.456559,0.089278,0.006222,0.447916
AATGTGCTAATCTGAG-1,0.000011,0.455039,0.403419,0.03588,0.105651
AATTAAAGGTCGGCGT-1,0.000051,0.122939,0.003991,0.043666,0.829353
AATTAACGGATTTCCA-1,0.000008,0.106859,0.888583,0.002193,0.002357
AATTAGCGCTGCAGCG-1,0.000015,0.229433,0.624958,0.038143,0.107451
AATTCATAAGGGATCT-1,0.010803,0.039298,0.635852,0.000103,0.313944
AATTCGATTCGAGGAT-1,0.000041,0.214722,0.372167,0.019781,0.39329
AATTCTAGAGTTAGGC-1,0.000021,0.299813,0.397325,0.048243,0.254598
AATTGAACGCTCTGGT-1,0.000044,0.036114,0.360024,0.027449,0.576368
AATTGCAGCAATCGAC-1,0.000025,0.132557,0.156704,0.021144,0.689571
AATTTGGGACATAGTA-1,0.00005,0.000149,0.620132,0.003328,0.376342
AATTTGGTTCCAAAGA-1,0.000037,0.108494,0.014751,0.252664,0.624053
ACAAACCGACAAGGCG-1,0.000028,0.049,0.008927,0.594329,0.347716
ACAAAGAAGGTAGGCC-1,0.000004,0.976238,0.023744,0.000004,0.000011
ACAAAGCATGACCTAG-1,0.010046,0.370304,0.452243,0.009642,0.157765
ACAAATCGCACCGAAT-1,0.000019,0.302258,0.545286,0.005793,0.146643
ACAAATGGTAGTGTTT-1,0.000045,0.026563,0.325213,0.004762,0.643417
ACAAATTCAGATCTGA-1,0.000131,0.000394,0.000525,0.000131,0.998819
ACAACAGCATGAGCTA-1,0.907867,0.006379,0.007651,0.010482,0.067621
ACAACGGTCCCTGCGA-1,0.000062,0.000185,0.000247,0.46797,0.531537
ACAAGCAGTGCCTAGC-1,0.006599,0.270134,0.370853,0.019833,0.332581
ACAAGCTATATGGAAG-1,0.000023,0.755916,0.00222,0.000023,0.241817
ACAAGGAAATCCGCCC-1,0.00003,0.132861,0.055025,0.030801,0.781283
ACAAGGACAAGAGGTT-1,0.000026,0.559878,0.097098,0.000026,0.342972
ACAAGGATGCTTTAGG-1,0.00002,0.145423,0.370578,0.018938,0.465041
ACAAGGCCTACCAGCC-1,0.000109,0.032203,0.000437,0.000109,0.967141
ACAAGGGCAGGCTCTG-1,0.000012,0.169987,0.730438,0.017683,0.081881
ACAATAGTCGTACGTT-1,0.000027,0.447001,0.037459,0.05691,0.458602
ACAATCCATTTAAACC-1,0.004851,0.23165,0.048016,0.036441,0.679043
ACAATCGATCTTTATA-1,0.000017,0.058771,0.17625,0.709415,0.055547
ACAATGAATACGGAGA-1,0.000014,0.445692,0.425798,0.032526,0.09597
ACAATGATTCTTCTAC-1,0.000308,0.000923,0.124684,0.000308,0.873778
ACAATTGTGTCTCTTT-1,0.000024,0.17062,0.472023,0.030581,0.326753
ACAATTTAGGAGGCTC-1,0.000016,0.323848,0.404962,0.104066,0.167108
ACAATTTGAGCAGTGG-1,0.126363,0.00024,0.00032,0.036219,0.836858
ACAATTTGGCCATATT-1,0.005991,0.121065,0.478545,0.014003,0.380396
ACACAAAGACGGGTGG-1,0.000041,0.000222,0.010868,0.755368,0.233501
ACACAAATATTCCTAG-1,0.000077,0.026584,0.640976,0.029433,0.30293
ACACACCAGGACCAGT-1,0.000025,0.073681,0.483182,0.024616,0.418496
ACACACTTTCTACACG-1,0.000053,0.011444,0.089453,0.202922,0.696127
ACACCACATAATTAGC-1,0.01572,0.121567,0.605898,0.044928,0.211887
ACACCCAGCATGCAGC-1,0.000027,0.011646,0.251754,0.720818,0.015755
ACACCCGAGAAATCCG-1,0.000032,0.007377,0.000127,0.753992,0.238472
ACACCCGTAAATCTGT-1,0.001791,0.234376,0.139737,0.562262,0.061833
ACACCGAGCGCTCTTT-1,0.000096,0.000289,0.000385,0.245625,0.753605
ACACCTTAAGTAGGGC-1,0.000085,0.000256,0.074779,0.334803,0.590077
ACACCTTACTACTTGC-1,0.000035,0.047763,0.512922,0.044121,0.395158
ACACGAGACTCCTTCT-1,0.765863,0.023424,0.210671,0.000011,0.000032
ACACGGCACTATGCAT-1,0.000034,0.000101,0.000135,0.657546,0.342184
ACACGGGAACTTAGGG-1,0.069112,0.000274,0.000365,0.055234,0.875016
ACACGTAGGCCACAAG-1,0.004658,0.123513,0.862255,0.001758,0.007815
ACACTCCAATGTCACT-1,0.000061,0.000183,0.000244,0.457818,0.541694
ACACTGATCAAGGTGT-1,0.000024,0.142525,0.325888,0.053787,0.477777
ACACTGGGACAGTCGT-1,0.021267,0.238715,0.653201,0.016975,0.069842
ACAGAACTGAGAACAA-1,0.000018,0.426038,0.118333,0.010291,0.44532
ACAGATTAGGTTAGTG-1,0.000017,0.007516,0.301067,0.691351,0.00005
ACAGCATAGAGCCAGT-1,0.000025,0.127562,0.006462,0.672663,0.193288
ACAGCGACATTCTCAT-1,0.000032,0.179524,0.236054,0.024218,0.560171
ACAGCGCACCCGCAGC-1,0.000034,0.104122,0.001511,0.403997,0.490336
ACAGGCTTGCCCGACT-1,0.000017,0.013289,0.906355,0.056587,0.023752
ACAGGTGGAGGTGAGG-1,0.000016,0.510386,0.168282,0.008246,0.31307
ACAGGTGTGTTGTTGC-1,0.000427,0.766874,0.001709,0.000427,0.230561
ACAGTAATACAACTTG-1,0.000014,0.679374,0.149512,0.017399,0.153701
ACAGTATACCGTGGGA-1,0.000228,0.000685,0.081708,0.000228,0.91715
ACAGTGCAGCGCATTT-1,0.000066,0.039923,0.496105,0.446636,0.01727
ACATAATAAGGCGGTG-1,0.000042,0.000127,0.000169,0.657136,0.342527
ACATCAGCTGGGACGC-1,0.000025,0.378795,0.307056,0.016603,0.29752
ACATCCCGGCCATACG-1,0.000028,0.126301,0.373502,0.038657,0.461511
ACATCCTGGTAACTGT-1,0.000019,0.083482,0.851702,0.005629,0.059168
ACATCGATCGTTTACC-1,0.007736,0.192863,0.257701,0.001694,0.540006
ACATCGGTCAGCCGCG-1,0.000041,0.29526,0.000164,0.000041,0.704494
ACATCGTATGCAATGG-1,0.000033,0.137504,0.446212,0.03888,0.377371
ACATCGTTAACCTAGT-1,0.000018,0.001941,0.335612,0.602314,0.060116
ACATCTCAACGCGTAA-1,0.000017,0.040944,0.240672,0.717093,0.001274
ACATGGCGCCAAAGTA-1,0.000022,0.122861,0.56992,0.052201,0.254996
ACATTAGTTTATATCC-1,0.000036,0.262178,0.139793,0.043045,0.554948
ACCAAACACCCAGCGA-1,0.000111,0.000332,0.310396,0.000111,0.689051
ACCAAACTAGAAATCC-1,0.000014,0.017759,0.169182,0.805804,0.007241
ACCAACACCACACACT-1,0.000082,0.000245,0.271599,0.007092,0.720982
ACCAACGCTTATTTAT-1,0.000015,0.26162,0.492987,0.000482,0.244896
ACCAAGAACGCGTGTC-1,0.000034,0.000103,0.503447,0.120001,0.376415
ACCAATATGCAAGTTA-1,0.000016,0.1399,0.591511,0.043775,0.224797
ACCACAACTCAGAACA-1,0.00002,0.043349,0.105999,0.791624,0.059009
ACCACAAGTTTCTATC-1,0.000067,0.000201,0.141961,0.000067,0.857704
ACCACCAATGTAACAA-1,0.000018,0.083763,0.578636,0.049127,0.288456
ACCACCCTCTCTTCTA-1,0.014688,0.000275,0.258134,0.028573,0.69833
ACCACGTGCAGCTATA-1,0.000032,0.18856,0.380604,0.031937,0.398867
ACCAGACCATAACAAC-1,0.000008,0.835515,0.022809,0.000008,0.14166
ACCAGCCCGGTCTTTG-1,0.000038,0.022115,0.000153,0.67062,0.307074
ACCAGGAGTGTGATCT-1,0.000062,0.010752,0.000247,0.642743,0.346196
ACCAGTGCCCGGTCAA-1,0.000167,0.000502,0.000669,0.000167,0.998494
ACCAGTGCGGGAGACG-1,0.003824,0.143661,0.427094,0.038772,0.386649
ACCATATCCGCAATAA-1,0.013618,0.037261,0.15254,0.026974,0.769607
ACCATCCGCCAACTAG-1,0.000014,0.749807,0.154027,0.008031,0.088121
ACCATCGTATATGGTA-1,0.000048,0.259242,0.140257,0.079385,0.521068
ACCCAACGCCCGTGGC-1,0.657398,0.072168,0.002474,0.000019,0.267941
ACCCACCTACATGCTC-1,0.008804,0.159786,0.004684,0.035607,0.791119
ACCCATCTTGAGGGTA-1,0.00004,0.171035,0.016259,0.001791,0.810875
ACCCATTTGTCCCTCT-1,0.000024,0.275288,0.411726,0.015383,0.29758
ACCCGAGCGAAATTAC-1,0.000016,0.496892,0.306942,0.011942,0.184208
ACCCGGAAACTCCCAG-1,0.000019,0.178631,0.394823,0.042962,0.383565
ACCCGGAGCACCACAA-1,0.642129,0.056329,0.255752,0.011784,0.034005
ACCCGGATGACGCATC-1,0.004895,0.068483,0.622778,0.039943,0.263901
ACCCGGTTACACTTCC-1,0.004712,0.48382,0.039286,0.03813,0.434052
ACCCGTGTCATCAGTA-1,0.00002,0.285256,0.455958,0.062714,0.196052
ACCCTATAGGACTGAG-1,0.00004,0.000121,0.000162,0.748774,0.250902
ACCCTATGCCATATCG-1,0.000025,0.386467,0.349823,0.067342,0.196343
ACCCTCCCTTGCTATT-1,0.000011,0.061537,0.938223,0.000011,0.000218
ACCCTGGTAACGCCCT-1,0.000209,0.007328,0.216235,0.000209,0.776019
ACCCTTCATCTGCGAA-1,0.000052,0.000155,0.027596,0.185525,0.786673
ACCCTTGCCTGGGTCG-1,0.000146,0.191089,0.327389,0.000146,0.481229
ACCCTTTAGTTCTCCA-1,0.000028,0.065733,0.079405,0.657837,0.196996
ACCGAAAGGGCCCTGC-1,0.000016,0.167751,0.116578,0.64724,0.068415
ACCGAAGAGTCTGGTT-1,0.000013,0.799471,0.116758,0.024238,0.05952
ACCGACACATCTCCCA-1,0.00002,0.402515,0.106322,0.064554,0.426588
ACCGACTGAGTCCCAC-1,0.133722,0.012355,0.00026,0.040289,0.813373
ACCGATAGGCATAACC-1,0.128928,0.171137,0.49082,0.027165,0.18195
ACCGATATTTAATCAT-1,0.028695,0.074557,0.798953,0.004937,0.092858
ACCGATGGTAGCATCG-1,0.046393,0.174242,0.567975,0.001186,0.210204
ACCGCAATAACTGCCT-1,0.000024,0.192759,0.522105,0.044043,0.241069
ACCGCGGTGGAAGTCG-1,0.000015,0.078037,0.859263,0.006498,0.056187
ACCGGGCCTTTGTTGA-1,0.000024,0.075705,0.288886,0.019796,0.615589
ACCGGTCAGGTACACC-1,0.000015,0.573468,0.206333,0.013543,0.206641
ACCGGTCTGAGTACGG-1,0.00007,0.272581,0.000281,0.155977,0.57109
ACCGTGACCACGTGGG-1,0.000009,0.413511,0.532244,0.018383,0.035852
ACCGTTCCCGCTCTGA-1,0.002431,0.151013,0.012777,0.688041,0.145738
ACCTAAGTACCTTTCA-1,0.000015,0.494552,0.312664,0.010833,0.181936
ACCTAATCGACTTCCT-1,0.003518,0.277927,0.088034,0.021367,0.609154
ACCTACAGTATGTGGT-1,0.000016,0.315496,0.672592,0.009337,0.002559
ACCTCCGCCCTCGCTG-1,0.000018,0.100314,0.792485,0.019284,0.087899
ACCTCCGTTATTCACC-1,0.011085,0.203421,0.655376,0.013338,0.116781
ACCTGCGTGTCATGTT-1,0.001988,0.640702,0.145798,0.002589,0.208923
ACCTTTCCTTTAGAAG-1,0.000017,0.00005,0.178103,0.821442,0.000388
ACGACCCATGAGTTGC-1,0.718436,0.172599,0.092288,0.001507,0.015169
ACGACTGGTCATACTC-1,0.000005,0.79601,0.160044,0.014007,0.029934
ACGAGAACCCATCACG-1,0.000039,0.000116,0.000154,0.593292,0.4064
ACGAGATATTTGCTTA-1,0.000024,0.059192,0.416067,0.340438,0.18428
ACGAGGATACCACTCT-1,0.018352,0.840727,0.130944,0.005203,0.004773
ACGAGGTTTACAACGT-1,0.000018,0.855514,0.049067,0.003543,0.091858
ACGAGTACGGATGCCC-1,0.234252,0.087447,0.001685,0.00004,0.676576
ACGATACATAGAACTA-1,0.010365,0.011373,0.891527,0.012956,0.073779
ACGATACCTATCCTGA-1,0.009623,0.398731,0.01178,0.000037,0.57983
ACGATCATACATAGAG-1,0.018392,0.000275,0.000367,0.339695,0.641271
ACGATCATCTTGTAAA-1,0.010057,0.071211,0.880975,0.013914,0.023843
ACGATGCATATGTTAT-1,0.000028,0.246826,0.287676,0.011625,0.453846
ACGATGGATCCGATGC-1,0.000047,0.007395,0.000186,0.401935,0.590437
ACGCAAACTAATAGAT-1,0.000009,0.373165,0.594743,0.007616,0.024467
ACGCAATCACTACAGC-1,0.059719,0.000439,0.062916,0.000146,0.87678
ACGCATAAATGACATG-1,0.000063,0.00019,0.569099,0.002236,0.428412
ACGCATACGTTTACTA-1,0.000015,0.033845,0.925657,0.027435,0.013048
ACGCATTCGTGAGTAC-1,0.053208,0.000672,0.000896,0.040992,0.904232
ACGCCAGATGATTTCT-1,0.000062,0.081307,0.000247,0.241722,0.676663
ACGCCCAGCTGTCGAT-1,0.000028,0.018234,0.007112,0.620312,0.354314
ACGCCGCTAGACGACC-1,0.000028,0.020313,0.281288,0.002368,0.696004
ACGCGAAGTCAGACGA-1,0.003992,0.05139,0.277828,0.013324,0.653465
ACGCGCTACACAGGGT-1,0.000015,0.518491,0.406278,0.004543,0.070673
ACGCGGGCCAAGGACA-1,0.027818,0.006861,0.128579,0.000044,0.836697
ACGCGTTTCTTAAGAG-1,0.102409,0.427543,0.09886,0.008467,0.362722
ACGCTAGTATCAGTGC-1,0.002529,0.133552,0.246668,0.410308,0.206943
ACGCTAGTGATACACT-1,0.283175,0.000142,0.000189,0.040524,0.67597
ACGCTGTGAGGCGTAG-1,0.000007,0.868428,0.108703,0.000007,0.022856
ACGCTTAGTGTCTCTC-1,0.000033,0.01906,0.12614,0.675302,0.179465
ACGGAATTTAGCAAAT-1,0.000041,0.000122,0.000163,0.854186,0.145488
ACGGACTCTCAAAGCG-1,0.000018,0.177316,0.367229,0.044253,0.411184
ACGGAGCGCAAATTAC-1,0.000135,0.000405,0.333449,0.012276,0.653734
ACGGATGGTGCGGATA-1,0.00003,0.165892,0.295404,0.051563,0.48711
ACGGCACTTGCTTGGG-1,0.000044,0.114373,0.009072,0.000044,0.876466
ACGGCCAACATGGACT-1,0.000018,0.277104,0.310882,0.069928,0.342067
ACGGCGACGATGGGAA-1,0.000027,0.048614,0.329795,0.029011,0.592552
ACGGCGGGTTGCCCTG-1,0.000032,0.000095,0.001912,0.866111,0.13185
ACGGGAGTGTCGGCCC-1,0.00001,0.695153,0.290316,0.00001,0.01451
ACGGGCGTATGCGACA-1,0.038432,0.000172,0.196786,0.000057,0.764553
ACGGGTCATGTGACTT-1,0.00006,0.000179,0.001588,0.54858,0.449592
ACGTACAGATTTCTCT-1,0.000053,0.032367,0.248388,0.407103,0.312088
ACGTAGATTGCTGATG-1,0.906047,0.009078,0.044197,0.002472,0.038207
ACGTATTACTCCGATC-1,0.004642,0.03797,0.656557,0.016627,0.284205
ACGTCCTAAACGAGAT-1,0.000019,0.019806,0.092369,0.808443,0.079364
ACGTCTCGTTCCGGGA-1,0.000008,0.937247,0.025959,0.000369,0.036417
ACGTGACAAAGTAAGT-1,0.000005,0.877313,0.122244,0.000005,0.000432
ACGTGCGCCTCGTGCA-1,0.000056,0.000168,0.000224,0.632325,0.367227
ACGTGGTCGAATGTGC-1,0.000021,0.113252,0.009163,0.72886,0.148704
ACGTTAATGTCGAAGA-1,0.009305,0.112167,0.270324,0.018997,0.589208
ACGTTAGATTTGCCCG-1,0.000042,0.360224,0.211838,0.000042,0.427854
ACGTTATTGGTCACTC-1,0.000052,0.000157,0.000209,0.618371,0.381211
ACGTTCCGCGCTCCGT-1,0.000022,0.01504,0.109364,0.731832,0.143742
ACGTTCGCAATCAATT-1,0.000026,0.137228,0.816853,0.011332,0.034561
ACGTTCGTTCAGGAAA-1,0.000036,0.421253,0.196382,0.037368,0.344961
ACGTTTAGTTGTGATC-1,0.000046,0.000138,0.319661,0.219913,0.460241
ACTAAGGACGCACACC-1,0.000123,0.01457,0.299852,0.000123,0.685332
ACTAATACGTCAGGCG-1,0.000113,0.002126,0.000452,0.080653,0.916656
ACTACCAGCTCTCTGG-1,0.016376,0.178206,0.054285,0.437128,0.314005
ACTACGCGTTAGAATT-1,0.000012,0.082575,0.751665,0.002948,0.162801
ACTAGTTGCGATCGTC-1,0.000018,0.15028,0.653434,0.022835,0.173432
ACTATATGCTGTGTTC-1,0.004445,0.014364,0.974221,0.00003,0.00694
ACTATCCAGGGCATGG-1,0.006139,0.279168,0.418637,0.035538,0.260518
ACTATCTGCCCGCGTA-1,0.002467,0.109928,0.747182,0.034785,0.105639
ACTATTCGTCCGTGGT-1,0.000041,0.024011,0.000164,0.359639,0.616145
ACTATTTCCGGGCCCA-1,0.000027,0.244712,0.117705,0.091041,0.546514
ACTCAACGAATGTATT-1,0.000034,0.000102,0.000136,0.805995,0.193733
ACTCAAGTGCAAGGCT-1,0.000015,0.213191,0.670304,0.029005,0.087485
ACTCAATAAAGGCACG-1,0.01513,0.000114,0.000152,0.090264,0.894339
ACTCAGACCTGCTTCT-1,0.003645,0.000139,0.000186,0.54844,0.44759
ACTCCAATATCATCAT-1,0.000006,0.637619,0.221128,0.011866,0.129381
ACTCCCATTCCTAAAG-1,0.000011,0.764556,0.112594,0.007211,0.115628
ACTCCCGAATTCGTTT-1,0.058023,0.106351,0.622908,0.03273,0.179989
ACTCCCGTAGACTAGG-1,0.011045,0.000378,0.80775,0.000126,0.180701
ACTCCCTAATGCTAAA-1,0.009686,0.156906,0.366665,0.045638,0.421105
ACTCCCTAGAATAGTA-1,0.000022,0.099388,0.30704,0.004312,0.589239
ACTCGATGTATTTCAT-1,0.000039,0.000117,0.000156,0.266065,0.733623
ACTCGCGATCTGACGC-1,0.000025,0.071311,0.837761,0.051681,0.039222
ACTCGTAACCCGTCCT-1,0.014808,0.694531,0.104134,0.011694,0.174833
ACTCGTCAGTAATCCC-1,0.126853,0.103752,0.300032,0.007732,0.461632
ACTCTAAACCTGGGAT-1,0.464626,0.022983,0.000112,0.000028,0.512251
ACTCTCTGACTTAGGT-1,0.006221,0.049228,0.312139,0.028652,0.60376
ACTCTCTTATACACGA-1,0.00005,0.009349,0.0002,0.353414,0.636987
ACTCTTCAGCTCCCGC-1,0.00001,0.18806,0.785672,0.019891,0.006366
ACTCTTGTATAGTAAC-1,0.10509,0.209163,0.106774,0.035735,0.543238
ACTGAAACGCCGTTAG-1,0.000014,0.069808,0.827521,0.020536,0.082122
ACTGAATGGCGAAAGT-1,0.000025,0.052872,0.702801,0.040137,0.204165
ACTGATTTAGTGATTC-1,0.00289,0.098411,0.091237,0.689876,0.117586
ACTGCCGTCGTAACTC-1,0.000036,0.044376,0.057481,0.636284,0.261823
ACTGCGGACACACCGT-1,0.000028,0.122964,0.533912,0.070378,0.272719
ACTGCTCGGAAGGATG-1,0.010327,0.832648,0.057693,0.028713,0.070619
ACTGGCGAACCTGCGT-1,0.007308,0.001525,0.648863,0.000066,0.342238
ACTGTACGATACACAT-1,0.430768,0.088233,0.067459,0.000025,0.413515
ACTGTAGCACTTTGGA-1,0.000055,0.000165,0.00022,0.024437,0.975123
ACTGTATACGCGAGCA-1,0.000041,0.000124,0.000166,0.729426,0.270243
ACTGTCCAGGATTATA-1,0.000084,0.000251,0.000334,0.079082,0.92025
ACTGTCTTCTTTAGAA-1,0.548763,0.009431,0.036518,0.065261,0.340027
ACTGTGCTAGTAGATC-1,0.000065,0.000194,0.000258,0.780993,0.21849
ACTGTTTAGTGTAGGC-1,0.000026,0.00216,0.10133,0.574647,0.321837
ACTTACCGGGCGCGCA-1,0.005471,0.023728,0.000247,0.000062,0.970492
ACTTACGCATCCACGC-1,0.000024,0.317462,0.221464,0.040488,0.420562
ACTTAGTACGACAAGA-1,0.000049,0.000146,0.000194,0.794003,0.205608
ACTTATACTTACCCGG-1,0.078614,0.409873,0.204657,0.000024,0.306832
ACTTATCTGATCTATA-1,0.000031,0.000093,0.000124,0.678272,0.321481
ACTTATTAGGATCGGT-1,0.000059,0.036597,0.10171,0.029879,0.831756
ACTTATTTATGTGCCA-1,0.000032,0.068855,0.149416,0.0261,0.755597
ACTTCAGGCTGATCCC-1,0.000031,0.093501,0.443897,0.013235,0.449336
ACTTCCATGCGGGACA-1,0.000016,0.100439,0.664826,0.015308,0.219411
ACTTCCTGTCGTGCGA-1,0.000131,0.000393,0.785932,0.132777,0.080767
ACTTCGCCATACGCAC-1,0.064474,0.000209,0.000279,0.074604,0.860433
ACTTCGCTAGCGAGTG-1,0.000012,0.138873,0.839055,0.011324,0.010736
ACTTGACTCCCTCTTT-1,0.010288,0.124873,0.222852,0.027024,0.614963
ACTTGCCATATTGTAC-1,0.000034,0.022095,0.058031,0.737191,0.182649
ACTTGGGACCCGGTGG-1,0.000068,0.000204,0.000273,0.050835,0.94862
ACTTGTAGTCCCTTCA-1,0.000007,0.847617,0.140923,0.004165,0.007288
ACTTGTGGATGGAACG-1,0.000022,0.059021,0.695467,0.013028,0.232462
ACTTTACCCTCATGAA-1,0.035344,0.051786,0.505973,0.029474,0.377424
ACTTTCCTATAGCTTC-1,0.01206,0.00033,0.00044,0.092519,0.89465
ACTTTGACTGCATCCT-1,0.000022,0.716733,0.071676,0.000022,0.211547
ACTTTGTCGACGCACT-1,0.036079,0.169406,0.753245,0.031555,0.009715
AGAAATTATGACTCGC-1,0.004216,0.114496,0.631469,0.035382,0.214437
AGAACCCAGCGTGACA-1,0.000014,0.197447,0.633605,0.02858,0.140354
AGAACGTGGTACATTC-1,0.081208,0.000255,0.000339,0.000085,0.918113
AGAAGAGCGCCGTTCC-1,0.08926,0.175132,0.617712,0.000362,0.117534
AGAAGGTACACTTCAC-1,0.016202,0.725898,0.175342,0.018113,0.064446
AGAAGGTTGCCGAATT-1,0.000025,0.237507,0.496032,0.040774,0.225661
AGAAGGTTGTAGGTCG-1,0.000035,0.164304,0.326229,0.05023,0.459202
AGAAGTGATTCGTGAT-1,0.000023,0.45358,0.048487,0.006308,0.491603
AGAATAAATCTTCAGG-1,0.000014,0.644261,0.17519,0.01173,0.168805
AGAATGCGGGTTCGGA-1,0.000111,0.000333,0.217777,0.000111,0.781667
AGAATTATGGATTCGA-1,0.083651,0.121774,0.458435,0.029915,0.306224
AGAATTGTTTGACATA-1,0.000058,0.000174,0.000232,0.73825,0.261286
AGACAGCTCAGAATCC-1,0.017384,0.000229,0.000197,0.158745,0.823445
AGACAGGCATCTCAGC-1,0.125767,0.113165,0.332706,0.022953,0.405408
AGACATAGATCCTTCC-1,0.000054,0.040326,0.000218,0.169226,0.790176
AGACCAAACCACACCT-1,0.007297,0.711129,0.121167,0.022273,0.138135
AGACCATGGGATACAA-1,0.000048,0.018381,0.002602,0.313634,0.665335
AGACCCACCGCTGATC-1,0.008311,0.134171,0.078607,0.017363,0.761549
AGACCCGCCCTCCTCG-1,0.005827,0.000214,0.000286,0.346367,0.647306
AGACCGCTCCGCGGTT-1,0.000018,0.04272,0.807465,0.047374,0.102423
AGACCGGGAAACCCTG-1,0.000016,0.567728,0.071769,0.006429,0.354058
AGACGAAGTGCCGGTC-1,0.000024,0.121979,0.447581,0.03079,0.399626
AGACGACGATGCCGCT-1,0.000014,0.404077,0.187998,0.006908,0.401003
AGACGCCCACTTCGCC-1,0.080853,0.225759,0.567755,0.008391,0.117243
AGACGGGATTGGTATA-1,0.000015,0.071479,0.208902,0.690499,0.029107
AGACGGGCCGATTTAA-1,0.000126,0.000377,0.000502,0.000126,0.99887
AGACTAGCCTTCCAGA-1,0.00006,0.000179,0.000239,0.009375,0.990147
AGACTGTTACCGGGTC-1,0.000016,0.378094,0.327608,0.029205,0.265076
AGAGAACCGTCTAGGA-1,0.022481,0.000168,0.078266,0.000056,0.899029
AGAGAAGGAGTACAAT-1,0.000018,0.436161,0.102618,0.024228,0.436975
AGAGATCTCTAAAGCG-1,0.000016,0.621165,0.100016,0.019742,0.259061
AGAGCAGTTATGAGAC-1,0.540292,0.168149,0.148954,0.008395,0.134209
AGAGCCGCCGAGATTT-1,0.008924,0.12937,0.79205,0.007763,0.061892
AGAGCGCTTGTAACGG-1,0.000232,0.005589,0.384421,0.000232,0.609525
AGAGCGGGCTAATCAT-1,0.000027,0.016619,0.247702,0.620684,0.114968
AGAGCGTACAAGCTCG-1,0.000062,0.038488,0.000247,0.079755,0.881448
AGAGCTACGAAAGCAT-1,0.000025,0.000074,0.042021,0.542641,0.415239
AGAGGCTTCGGAAACC-1,0.000015,0.207818,0.64595,0.029426,0.11679
AGAGGGACAATTGTCC-1,0.000037,0.006181,0.163867,0.000037,0.829878
AGAGGTATCTCGGTCC-1,0.000031,0.002327,0.083013,0.554409,0.36022
AGAGTAAACTTCACTA-1,0.00002,0.096533,0.3901,0.023132,0.490214
AGAGTATAGTGTTACG-1,0.054987,0.024093,0.114414,0.030134,0.776372
AGAGTGAACAGACACC-1,0.000007,0.026535,0.453658,0.519777,0.000022
AGAGTTAGAGACCGAT-1,0.000087,0.020457,0.00158,0.059652,0.918224
AGAGTTGCAGGCCTCC-1,0.051935,0.000533,0.395468,0.000178,0.551886
AGATAACTTCAGGGCC-1,0.051683,0.254527,0.251508,0.043976,0.398306
AGATACCAGCACTTCA-1,0.00012,0.000359,0.566303,0.00012,0.433099
AGATACCGGTGTTCAC-1,0.000032,0.179824,0.110368,0.047434,0.662342
AGATACGACTTCATAT-1,0.000038,0.000114,0.000152,0.732631,0.267065
AGATACTCAAGATCGA-1,0.000035,0.076824,0.404752,0.039607,0.478781
AGATATAATACGACTA-1,0.000013,0.421073,0.166612,0.031365,0.380936
AGATCGTGCATAAGAT-1,0.00697,0.000143,0.202745,0.000048,0.790094
AGATCTCAGGTGTGAT-1,0.470458,0.011192,0.001868,0.02514,0.491342
AGATGACTCGCCCACG-1,0.000036,0.067586,0.154642,0.6839,0.093836
AGATGAGGGTTGCGAT-1,0.000023,0.00026,0.994752,0.000023,0.004943
AGATGATGGAGTCTGG-1,0.021687,0.046524,0.67626,0.013905,0.241624
AGATGCAAGACGTGCA-1,0.000011,0.554124,0.356978,0.007784,0.081103
AGATGCATCCTGTGTC-1,0.000007,0.898325,0.073052,0.000098,0.028518
AGATTATAGGACGTTT-1,0.000037,0.387433,0.00015,0.000037,0.612342
AGATTCAAGCGGGTCG-1,0.000102,0.000307,0.000409,0.069609,0.929573
AGATTCACAACCGATA-1,0.01766,0.631936,0.281351,0.008345,0.060709
AGCAAAGGCCGCTAGT-1,0.000008,0.074573,0.899302,0.023861,0.002256
AGCAACATATCTTATT-1,0.000024,0.08528,0.696789,0.032448,0.185459
AGCAACCGAAAGTAAT-1,0.000012,0.681452,0.25685,0.042872,0.018814
AGCACCAGTACTCACG-1,0.023718,0.00024,0.00032,0.149663,0.826058
AGCACTACCGGCCTGT-1,0.000018,0.685344,0.244491,0.016558,0.053588
AGCACTACCTCACCAG-1,0.003417,0.144508,0.392651,0.0019,0.457524
AGCACTTAAGGACGCC-1,0.000028,0.20799,0.056823,0.074642,0.660518
AGCAGAAGGAGAAAGA-1,0.000011,0.346983,0.328872,0.009845,0.31429
AGCAGCCAGATGAATA-1,0.000014,0.14656,0.694096,0.051837,0.107492
AGCATATCAATATGCT-1,0.000026,0.143272,0.64614,0.029914,0.180648
AGCATCATTTCGAAAG-1,0.00001,0.759398,0.08588,0.002315,0.152396
AGCATCGTCGATAATT-1,0.000061,0.000184,0.079218,0.720227,0.200309
AGCCAAGCTTTGTGTC-1,0.000006,0.400505,0.550752,0.002742,0.045995
AGCCACAGGTTACCCG-1,0.000021,0.329916,0.317043,0.016283,0.336737
AGCCACTCCCGTGCTT-1,0.000019,0.010567,0.887393,0.000019,0.102002
AGCCCATACATGTAAG-1,0.000013,0.610387,0.271151,0.009426,0.109023
AGCCCGGTAGCCTGTA-1,0.000014,0.304157,0.54486,0.026234,0.124735
AGCCCTAAGCGAAGTT-1,0.000027,0.016007,0.465733,0.240775,0.277459
AGCCCTGTCGCACCGT-1,0.00002,0.088616,0.835959,0.054279,0.021126
AGCCCTTCTAATCCGA-1,0.000077,0.011159,0.352399,0.014651,0.621714
AGCCCTTGGACATCCC-1,0.03242,0.192361,0.558825,0.02929,0.187105
AGCCGCAAATTCAAAT-1,0.00001,0.780449,0.071297,0.00001,0.148235
AGCCGTGGCTAAATGT-1,0.005394,0.707726,0.100207,0.028032,0.158641
AGCCTAATACCCACGT-1,0.005565,0.857048,0.131469,0.00474,0.001178
AGCCTTAAAGCGGAAG-1,0.004189,0.0001,0.002884,0.486551,0.506276
AGCGACAGGAACGGTC-1,0.000025,0.494846,0.05264,0.022632,0.429857
AGCGACATCCCATTCA-1,0.000061,0.013065,0.000245,0.293661,0.692968
AGCGACCAACGATATT-1,0.000074,0.000221,0.000294,0.338093,0.661318
AGCGCATAATGAATCG-1,0.000024,0.206344,0.470033,0.058403,0.265197
AGCGCGGGTGCCAATG-1,0.004477,0.039072,0.126877,0.074615,0.754959
AGCGCTAGAGCGATGT-1,0.000026,0.119869,0.533961,0.04744,0.298703
AGCGCTTATGGGCAAG-1,0.000056,0.114553,0.03186,0.039664,0.813867
AGCGGACACTTCGTAG-1,0.00002,0.30438,0.524072,0.017555,0.153974
AGCGGCGGTTAGCGGT-1,0.001503,0.800584,0.133538,0.000676,0.063699
AGCGGGAAGGGTCCAT-1,0.000031,0.000092,0.023076,0.976709,0.000092
AGCGGGTCTGACACTC-1,0.001576,0.565307,0.272431,0.005621,0.155065
AGCGGTTGAGATGTAC-1,0.000023,0.134253,0.163417,0.641121,0.061187
AGCGGTTGCCGCTCTG-1,0.000224,0.000672,0.590098,0.000224,0.408782
AGCGTACGAGAGCTAG-1,0.000021,0.000063,0.000084,0.796349,0.203484
AGCGTAGCGCTAGACC-1,0.000034,0.000101,0.000134,0.66193,0.337802
AGCGTCTGAACCCGCA-1,0.00002,0.020793,0.087778,0.384139,0.50727
AGCGTGGTATTCTACT-1,0.000033,0.11567,0.254604,0.001026,0.628667
AGCGTTCCGATTTAAA-1,0.000021,0.14884,0.206383,0.634483,0.010273
AGCTAACAAGCAATGT-1,0.001599,0.559155,0.333968,0.011924,0.093354
AGCTAAGTACGCAGGC-1,0.000014,0.201877,0.592736,0.040074,0.165299
AGCTAGAAGCAGAAGT-1,0.015343,0.006547,0.222375,0.000056,0.755679
AGCTATTTAATCCAAC-1,0.007698,0.036239,0.034653,0.320974,0.600436
AGCTCCATATATGTTC-1,0.00258,0.122563,0.632726,0.020821,0.221309
AGCTCCTTCGCACATC-1,0.000011,0.070964,0.911588,0.010721,0.006715
AGCTCGTTGATGGAAA-1,0.000163,0.00049,0.248879,0.000163,0.750304
AGCTCTAGACGTTCCA-1,0.022294,0.098351,0.43752,0.042842,0.398993
AGCTCTTCCCAGTGCA-1,0.006462,0.000178,0.01042,0.006089,0.976852
AGCTCTTCGTAACCTT-1,0.000031,0.039078,0.530586,0.054704,0.375601
AGCTCTTTACTCAGTT-1,0.000037,0.18052,0.158235,0.068868,0.59234
AGCTGAAGTAAACCAA-1,0.00081,0.021781,0.69593,0.000023,0.281457
AGCTGCATTTGAGGTG-1,0.000034,0.000103,0.545979,0.453781,0.000103
AGCTGCTGTGCCGAAT-1,0.000048,0.000145,0.510387,0.483572,0.005848
AGCTGTAACCTCAATC-1,0.000016,0.376831,0.180494,0.060234,0.382424
AGCTTATAGAGACCTG-1,0.000081,0.000242,0.132477,0.114263,0.752937
AGCTTCAATACTTTGA-1,0.000028,0.055765,0.209701,0.73442,0.000085
AGCTTGATCTTAACTT-1,0.000023,0.359863,0.148573,0.021274,0.470267
AGGAAGCTGTCCGCCG-1,0.000018,0.272112,0.240802,0.034648,0.452421
AGGACAGTCGAATCCC-1,0.000026,0.098299,0.605331,0.018766,0.277577
AGGACATCGCACGTCG-1,0.000033,0.000173,0.109804,0.886768,0.003222
AGGACGACCCATTAGA-1,0.000037,0.177313,0.259703,0.015816,0.547131
AGGACGCTCGATGTTG-1,0.000091,0.000272,0.18023,0.000091,0.819317
AGGAGACATCCACAGT-1,0.027359,0.000245,0.171831,0.018122,0.782442
AGGAGAGTCTGGCTAC-1,0.029447,0.00803,0.044766,0.015326,0.902431
AGGAGGCCTTCGCGCG-1,0.003466,0.173368,0.753263,0.00563,0.064273
AGGATAAAGTCGGGAT-1,0.000014,0.078068,0.632975,0.024982,0.263961
AGGATATAGGGATTTA-1,0.000022,0.062448,0.705917,0.002086,0.229527
AGGATCACGCGATCTG-1,0.006116,0.607598,0.246501,0.03382,0.105965
AGGATTGCTTACGACA-1,0.002219,0.174796,0.411017,0.078341,0.333628
AGGCAAAGAGGAATCA-1,0.000019,0.01524,0.000078,0.784473,0.20019
AGGCACGTGACTGTCC-1,0.004251,0.125641,0.802008,0.019471,0.048629
AGGCAGATGCGTAAAC-1,0.036399,0.000146,0.094592,0.000698,0.868165
AGGCAGGGAGCGTACT-1,0.000017,0.408613,0.163179,0.049608,0.378583
AGGCATTGTCGTAGGG-1,0.010703,0.102197,0.635768,0.032222,0.219109
AGGCCACATTGGTTAC-1,0.000018,0.051746,0.795918,0.048277,0.104041
AGGCCACCCGTTATGA-1,0.007694,0.013416,0.00017,0.005622,0.973098
AGGCCCAGTGACTGGT-1,0.000084,0.000252,0.000336,0.094145,0.905183
