Barcode,Topic 1,Topic 2to8,Topic 9to12
AAACAAGTATCTCCCA-1,0.000011,0.963122,0.036867
AAACAATCTACTAGCA-1,0.000033,0.000229,0.999738
AAACACCAATAACTGC-1,0.00001,0.926584,0.073406
AAACAGAGCGACTCCT-1,0.000108,0.000759,0.999133
AAACAGCTTTCAGAAG-1,0.000009,0.910533,0.089458
AAACAGGGTCTATATT-1,0.000011,0.806425,0.193564
AAACATTTCCCGGATT-1,0.000013,0.875599,0.124388
AAACCACTACACAGAT-1,0.000106,0.324025,0.675869
AAACCCGAACGAAATC-1,0.000011,0.931276,0.068713
AAACCGGAAATGTTAA-1,0.053194,0.44753,0.499276
AAACCGGGTAGGTACC-1,0.00002,0.810549,0.189431
AAACCGTTCGTCCAGG-1,0.000021,0.518884,0.481096
AAACCTAAGCAGCCGG-1,0.000016,0.507323,0.492661
AAACCTCATGAAGTTG-1,0.00001,0.92787,0.07212
AAACGAAGAACATACC-1,0.000011,0.330517,0.669473
AAACGACAGTCTTGCC-1,0.000163,0.052121,0.947715
AAACGAGACGGTTGAT-1,0.334898,0.525903,0.1392
AAACGCCCGAGATCGG-1,0.000185,0.001293,0.998522
AAACGGGTTGGTATCC-1,0.000074,0.000519,0.999407
AAACGTGTTCGCCCTA-1,0.019578,0.440945,0.539478
AAACTAACGTGGCGAC-1,0.000152,0.478602,0.521247
AAACTCGGTTCGCAAT-1,0.000017,0.61656,0.383423
AAACTCGTGATATAAG-1,0.03674,0.524584,0.438677
AAACTGCTGGCTCCAA-1,0.006403,0.391798,0.601799
AAACTTGCAAACGTAT-1,0.000007,0.92341,0.076583
AAAGACATGAAGTTTA-1,0.000017,0.320407,0.679576
AAAGACCCAAGTCGCG-1,0.000033,0.024794,0.975173
AAAGACTGGGCGCTTT-1,0.065221,0.65591,0.278869
AAAGCTTGCCTACATA-1,0.021913,0.000394,0.977693
AAAGGCTACGGACCAT-1,0.000015,0.735242,0.264743
AAAGGCTCTCGCGCCG-1,0.000015,0.796926,0.203059
AAAGGGATGTAGCAAG-1,0.000066,0.000464,0.99947
AAAGGGCAGCTTGAAT-1,0.000047,0.141277,0.858676
AAAGGTAAGCTGTACC-1,0.000075,0.403144,0.59678
AAAGGTCAACGACATG-1,0.000014,0.613527,0.386459
AAAGTAGCATTGCTCA-1,0.000022,0.494625,0.505353
AAAGTCACTGATGTAA-1,0.000038,0.19639,0.803572
AAAGTCGACCCTCAGT-1,0.002482,0.951504,0.046014
AAAGTGTGATTTATCT-1,0.000022,0.769198,0.23078
AAAGTTGACTCCCGTA-1,0.00003,0.452401,0.547568
AAATAACCATACGGGA-1,0.00006,0.029466,0.970473
AAATAAGGTAGTGCCC-1,0.014261,0.634816,0.350923
AAATACCTATAAGCAT-1,0.000021,0.758727,0.241252
AAATAGCTTAGACTTT-1,0.028387,0.414544,0.557069
AAATAGGGTGCTATTG-1,0.000023,0.663338,0.336639
AAATCACTCCTAAACG-1,0.000156,0.284863,0.71498
AAATCCGATACACGCC-1,0.000009,0.683127,0.316864
AAATCGTGTACCACAA-1,0.000028,0.676303,0.323669
AAATCTAGCCCTGCTA-1,0.000011,0.897387,0.102602
AAATGATTCGATCAGC-1,0.000138,0.206091,0.793771
AAATGCTCGTTACGTT-1,0.00005,0.000353,0.999596
AAATGGCATGTCTTGT-1,0.000035,0.453248,0.546717
AAATGGCCCGTGCCCT-1,0.025708,0.772051,0.202241
AAATGGTCAATGTGCC-1,0.000047,0.000326,0.999627
AAATGTATCTTATCCC-1,0.244111,0.119817,0.636072
AAATGTGGGTGCTCCT-1,0.000037,0.000257,0.999706
AAATTAACGGGTAGCT-1,0.000086,0.0006,0.999315
AAATTAATAAGCGCGA-1,0.010103,0.399538,0.590359
AAATTACACGACTCTG-1,0.00005,0.131695,0.868255
AAATTACCTATCGATG-1,0.048703,0.050693,0.900604
AAATTCCAGGTCCAAA-1,0.002857,0.771501,0.225642
AAATTGATAGTCCTTT-1,0.000021,0.694697,0.305282
AAATTGCGGCGGTTCT-1,0.000098,0.000687,0.999215
AAATTGGTGAGAAGCA-1,0.000027,0.93081,0.069162
AAATTTACCGAAATCC-1,0.000039,0.092612,0.907348
AAATTTGCGGGTGTGG-1,0.000024,0.620221,0.379755
AACAACTGGTAGTTGC-1,0.000082,0.000577,0.999341
AACAATACATTGTCGA-1,0.00001,0.867627,0.132363
AACAATTACTCTACGC-1,0.000045,0.350339,0.649616
AACACACGCTCGCCGC-1,0.000012,0.928726,0.071263
AACACGACTGTACTGA-1,0.000022,0.329485,0.670493
AACACGAGACGCGGCC-1,0.00002,0.544562,0.455418
AACACGCGGCCGCGAA-1,0.000028,0.001478,0.998494
AACAGCTGTGTGGCAA-1,0.000014,0.62546,0.374526
AACAGGAAATCGAATA-1,0.000024,0.233641,0.766335
AACAGGATGGGCCGCG-1,0.000038,0.444316,0.555645
AACAGGTAGTATGGAT-1,0.000021,0.696628,0.303351
AACATATCAACTGGTG-1,0.100813,0.00031,0.898877
AACATCGATACGTCTA-1,0.000101,0.329924,0.669975
AACATTGTGACTCGAG-1,0.000007,0.953815,0.046178
AACCAAGACTTCTCTG-1,0.000024,0.452256,0.547721
AACCAGTATCACTCTT-1,0.000069,0.235276,0.764655
AACCATGGGATCGCTA-1,0.000056,0.00039,0.999555
AACCCAGAGACGGAGA-1,0.000032,0.000227,0.999741
AACCCATCCCATGATC-1,0.000011,0.913911,0.086078
AACCCGAGCAGAATCG-1,0.012536,0.928341,0.059122
AACCCGATAGGGCTTC-1,0.000041,0.492226,0.507732
AACCCTACTGTCAATA-1,0.000028,0.562009,0.437963
AACCCTGGTGGAACCA-1,0.000025,0.035777,0.964198
AACCGAGCTTGGTCAT-1,0.009528,0.077119,0.913354
AACCGCTAAGGGATGC-1,0.000018,0.730904,0.269079
AACCGTTGTGTTTGCT-1,0.000069,0.000481,0.99945
AACCTAAAGCCGTCCG-1,0.00002,0.123851,0.876128
AACCTCGCTTTAGCCC-1,0.000022,0.606974,0.393004
AACCTGTCACGGAATT-1,0.001791,0.843529,0.15468
AACCTTTAAATACGGT-1,0.000025,0.517219,0.482757
AACCTTTACGACGTCT-1,0.019814,0.000716,0.97947
AACGATAATGCCGTAG-1,0.00002,0.67109,0.32889
AACGATAGAAGGGCCG-1,0.000054,0.159418,0.840527
AACGATATGTCAACTG-1,0.019987,0.405245,0.574769
AACGCATGATCTGGGT-1,0.000055,0.453709,0.546236
AACGCGAACGGCAACA-1,0.000019,0.144039,0.855943
AACGCGGTCTCCAGCC-1,0.009428,0.00039,0.990182
AACGCTGTTGCTGAAA-1,0.000023,0.615773,0.384204
AACGGACGTACGTATA-1,0.000021,0.555355,0.444624
AACGGCCATCTCCGGT-1,0.000031,0.239131,0.760838
AACGTACTGTGGGTAC-1,0.000037,0.422145,0.577819
AACGTAGTCTACCCAT-1,0.000038,0.000267,0.999695
AACGTCAGACTAGTGG-1,0.000039,0.261655,0.738305
AACGTGATGAAGGACA-1,0.000051,0.08653,0.913419
AACGTGCGAAAGTCTC-1,0.082546,0.553944,0.36351
AACGTTATCAGCACCT-1,0.019007,0.000423,0.98057
AACTACCCGTTTGTCA-1,0.000026,0.496015,0.503959
AACTAGCGTATCGCAC-1,0.000047,0.006882,0.99307
AACTAGGCTTGGGTGT-1,0.000042,0.281156,0.718802
AACTCAAGTTAATTGC-1,0.000026,0.498499,0.501475
AACTCCAGAGCGTGTT-1,0.00001,0.991596,0.008394
AACTCCTAATCCCATG-1,0.000044,0.170823,0.829134
AACTCGATGGCGCAGT-1,0.000044,0.000311,0.999645
AACTCTCAATAGAGCG-1,0.073851,0.44823,0.477919
AACTCTCAGTGTGCTC-1,0.000021,0.678371,0.321608
AACTGAGGTCAGCGTC-1,0.000311,0.285688,0.714001
AACTGAGTTATACTGA-1,0.000009,0.999151,0.000841
AACTGATATTAGGCCT-1,0.000034,0.120841,0.879125
AACTGGGTCCCGACGT-1,0.004648,0.376157,0.619195
AACTGGGTTCGAGCCG-1,0.000018,0.335834,0.664148
AACTGGTGTGGGCCTT-1,0.000016,0.605631,0.394352
AACTTCTGCGTCTATC-1,0.000071,0.000499,0.99943
AACTTGCCCGTATGCA-1,0.002952,0.714098,0.282951
AACTTGCGTTCTCGCG-1,0.000024,0.232704,0.767272
AACTTTACGGGAGCTT-1,0.00722,0.596349,0.396431
AACTTTAGCTGCTGAG-1,0.000051,0.000359,0.999589
AACTTTCTCGATCATG-1,0.000113,0.182035,0.817852
AAGAAATCACCAGATT-1,0.000294,0.550358,0.449348
AAGAAGGATCAGTTAG-1,0.000041,0.000285,0.999674
AAGACCCAACTGAACA-1,0.000016,0.544608,0.455376
AAGACTAACCCGTTGT-1,0.000014,0.00973,0.990255
AAGACTCACGCCCACT-1,0.000031,0.160207,0.839762
AAGACTGCAAGCTACT-1,0.05509,0.439968,0.504942
AAGAGATGAATCGGTA-1,0.000042,0.24439,0.755567
AAGAGCTCTTTATCGG-1,0.38594,0.338033,0.276027
AAGAGGATGTACGCGA-1,0.000015,0.860179,0.139806
AAGAGGCATGGATCGC-1,0.053575,0.890889,0.055536
AAGAGGCCCTTTGGAA-1,0.016273,0.710834,0.272893
AAGATGGCACCGGACC-1,0.000015,0.645774,0.354211
AAGATTGGCGGAACGT-1,0.04206,0.107208,0.850732
AAGCACCCTGCGTATC-1,0.000021,0.49686,0.503119
AAGCATACTCTCCTGA-1,0.005249,0.752659,0.242093
AAGCCGAAGCGGTTTA-1,0.000012,0.937987,0.062001
AAGCCGCTTTACCTTG-1,0.000147,0.709846,0.290007
AAGCGGAGTGCGCGCA-1,0.007399,0.759151,0.23345
AAGCGGCGTCATGGGT-1,0.000076,0.082573,0.917351
AAGCGTCCCTCATCGA-1,0.00002,0.746399,0.253582
AAGCTAGATCGAGTAA-1,0.000014,0.731253,0.268733
AAGCTCGTGCCAAGTC-1,0.217386,0.528784,0.25383
AAGCTCTTTCATGGTG-1,0.000033,0.571685,0.428281
AAGGAGAACTTATAAG-1,0.000017,0.200321,0.799662
AAGGAGCGGTTGGTGC-1,0.000079,0.000555,0.999366
AAGGATCGATCGCTTG-1,0.003737,0.861072,0.13519
AAGGATGAGGGACCTC-1,0.048048,0.6621,0.289852
AAGGCAGGCTGTCTCC-1,0.00002,0.761181,0.238799
AAGGCGCGTAAAGCTT-1,0.000072,0.01951,0.980418
AAGGCTGTGCTCATCG-1,0.000051,0.000359,0.99959
AAGGGACAGATTCTGT-1,0.054536,0.000426,0.945039
AAGGGACTATGCATTC-1,0.000009,0.769039,0.230952
AAGGTATCCTAATATA-1,0.022924,0.242632,0.734444
AAGGTGATAAACCAGC-1,0.000014,0.924196,0.07579
AAGTAAGCTTCCAAAC-1,0.000027,0.001303,0.99867
AAGTAGAAGACCGGGT-1,0.000041,0.001229,0.99873
AAGTAGTGACGCGAGG-1,0.000046,0.156505,0.843449
AAGTCAATTGTCGTCA-1,0.000016,0.88715,0.112834
AAGTCTAGTAGCTGCC-1,0.052813,0.375915,0.571272
AAGTCTTCTGTGGCCT-1,0.000017,0.751084,0.248898
AAGTGACGACCGAATT-1,0.000021,0.659436,0.340542
AAGTGAGTCGGGTTTA-1,0.000014,0.888255,0.111731
AAGTGCAAAGGTAGAC-1,0.084887,0.438492,0.476621
AAGTGCCTTGACTGTA-1,0.000028,0.628168,0.371804
AAGTGCGTTAGAATCT-1,0.006426,0.793878,0.199696
AAGTGTTTGGAGACGG-1,0.000031,0.604485,0.395483
AAGTTCACTCCAAGCT-1,0.000019,0.801002,0.19898
AAGTTCAGTCTGCGTA-1,0.000028,0.773706,0.226266
AAGTTCGGCCAACAGG-1,0.002421,0.649858,0.347721
AAGTTTACTAATGGCA-1,0.000021,0.140422,0.859556
AAGTTTATGGGCCCAA-1,0.000038,0.595653,0.404309
AATAACAACGCTCGGC-1,0.000013,0.777255,0.222732
AATAACACTAGAACAA-1,0.000016,0.572656,0.427328
AATAAGTCCTCGAGAC-1,0.000016,0.19742,0.802564
AATAATCTTCGTATCG-1,0.010467,0.706351,0.283183
AATACAATGTTTCAGG-1,0.000067,0.005922,0.994011
AATAGAACAGAGTGGC-1,0.000025,0.518624,0.481351
AATAGAATCTGTTTCA-1,0.000024,0.658111,0.341865
AATAGCAAGCCTCCTG-1,0.000178,0.001244,0.998578
AATAGCTACCGCGTGC-1,0.005378,0.96639,0.028232
AATAGTCCGTCCCGAC-1,0.00002,0.761422,0.238557
AATAGTCGCGAGTCGG-1,0.225598,0.23516,0.539242
AATATCAAGGTCGGAT-1,0.000057,0.000397,0.999546
AATATCCTAGCAAACT-1,0.000007,0.999964,0.000028
AATATCGAATCAATGC-1,0.000013,0.886593,0.113394
AATATCGAGGGTTCTC-1,0.154323,0.000483,0.845194
AATATTGGAGTATTGA-1,0.000015,0.935936,0.064049
AATCAGACTGCAGGAC-1,0.000057,0.000397,0.999547
AATCATGTAAAGACTC-1,0.000019,0.461128,0.538853
AATCCAAGGGCCTGAG-1,0.000053,0.000369,0.999578
AATCCATGCAAGGGTG-1,0.000062,0.000432,0.999506
AATCGCCTCAGCGCCA-1,0.000043,0.313257,0.686699
AATCGCGCAGAGGACT-1,0.00002,0.72549,0.27449
AATCGGGACACTACGA-1,0.000016,0.304564,0.69542
AATCTAGGTTTACTTG-1,0.008295,0.824194,0.16751
AATCTATGCCGGAGCC-1,0.053863,0.000365,0.945771
AATCTCTACTGTGGTT-1,0.000019,0.74433,0.255651
AATCTGCGTTGGGACG-1,0.229545,0.558057,0.212398
AATCTGGCTTTCTAGT-1,0.015747,0.953905,0.030347
AATCTGGGTAGACCCT-1,0.000029,0.449557,0.550414
AATGACAGCAATGTCT-1,0.005018,0.727385,0.267597
AATGACGTAGGATGTC-1,0.000038,0.179707,0.820255
AATGACTGTCAGCCGG-1,0.000033,0.143046,0.856921
AATGAGTTCGCATATG-1,0.000039,0.00027,0.999691
AATGATGATACGCTAT-1,0.000043,0.356093,0.643863
AATGATGCGACTCCTG-1,0.011745,0.000567,0.987687
AATGCAACCGGGTACC-1,0.000055,0.003642,0.996304
AATGCACCAAGCAATG-1,0.000081,0.181412,0.818506
AATGGCCGCCAATGCG-1,0.000022,0.2845,0.715478
AATGGTCCACCGTTCA-1,0.057116,0.637166,0.305718
AATGGTTCTCACAAGC-1,0.000064,0.00045,0.999486
AATGTGCCCGAGGTGT-1,0.000025,0.545837,0.454138
AATGTGCTAATCTGAG-1,0.000011,0.858458,0.141531
AATTAAAGGTCGGCGT-1,0.000051,0.12693,0.873018
AATTAACGGATTTCCA-1,0.000008,0.995442,0.00455
AATTAGCGCTGCAGCG-1,0.000015,0.854391,0.145594
AATTCATAAGGGATCT-1,0.010803,0.67515,0.314047
AATTCGATTCGAGGAT-1,0.000041,0.586888,0.413071
AATTCTAGAGTTAGGC-1,0.000021,0.697138,0.302841
AATTGAACGCTCTGGT-1,0.000044,0.396139,0.603818
AATTGCAGCAATCGAC-1,0.000025,0.289261,0.710714
AATTTGGGACATAGTA-1,0.00005,0.620281,0.379669
AATTTGGTTCCAAAGA-1,0.000037,0.123245,0.876718
ACAAACCGACAAGGCG-1,0.000028,0.057927,0.942045
ACAAAGAAGGTAGGCC-1,0.000004,0.999982,0.000014
ACAAAGCATGACCTAG-1,0.010046,0.822547,0.167407
ACAAATCGCACCGAAT-1,0.000019,0.847544,0.152437
ACAAATGGTAGTGTTT-1,0.000045,0.351776,0.648179
ACAAATTCAGATCTGA-1,0.000131,0.000919,0.99895
ACAACAGCATGAGCTA-1,0.907867,0.01403,0.078103
ACAACGGTCCCTGCGA-1,0.000062,0.000432,0.999507
ACAAGCAGTGCCTAGC-1,0.006599,0.640987,0.352414
ACAAGCTATATGGAAG-1,0.000023,0.758136,0.241841
ACAAGGAAATCCGCCC-1,0.00003,0.187886,0.812084
ACAAGGACAAGAGGTT-1,0.000026,0.656976,0.342998
ACAAGGATGCTTTAGG-1,0.00002,0.516001,0.483979
ACAAGGCCTACCAGCC-1,0.000109,0.03264,0.96725
ACAAGGGCAGGCTCTG-1,0.000012,0.900424,0.099564
ACAATAGTCGTACGTT-1,0.000027,0.48446,0.515513
ACAATCCATTTAAACC-1,0.004851,0.279666,0.715483
ACAATCGATCTTTATA-1,0.000017,0.235021,0.764962
ACAATGAATACGGAGA-1,0.000014,0.87149,0.128496
ACAATGATTCTTCTAC-1,0.000308,0.125607,0.874086
ACAATTGTGTCTCTTT-1,0.000024,0.642643,0.357333
ACAATTTAGGAGGCTC-1,0.000016,0.72881,0.271174
ACAATTTGAGCAGTGG-1,0.126363,0.00056,0.873077
ACAATTTGGCCATATT-1,0.005991,0.59961,0.394399
ACACAAAGACGGGTGG-1,0.000041,0.01109,0.988869
ACACAAATATTCCTAG-1,0.000077,0.66756,0.332363
ACACACCAGGACCAGT-1,0.000025,0.556864,0.443112
ACACACTTTCTACACG-1,0.000053,0.100897,0.89905
ACACCACATAATTAGC-1,0.01572,0.727465,0.256814
ACACCCAGCATGCAGC-1,0.000027,0.2634,0.736573
ACACCCGAGAAATCCG-1,0.000032,0.007504,0.992464
ACACCCGTAAATCTGT-1,0.001791,0.374113,0.624095
ACACCGAGCGCTCTTT-1,0.000096,0.000674,0.99923
ACACCTTAAGTAGGGC-1,0.000085,0.075035,0.924879
ACACCTTACTACTTGC-1,0.000035,0.560685,0.43928
ACACGAGACTCCTTCT-1,0.765863,0.234095,0.000042
ACACGGCACTATGCAT-1,0.000034,0.000236,0.99973
ACACGGGAACTTAGGG-1,0.069112,0.000638,0.93025
ACACGTAGGCCACAAG-1,0.004658,0.985768,0.009574
ACACTCCAATGTCACT-1,0.000061,0.000427,0.999512
ACACTGATCAAGGTGT-1,0.000024,0.468412,0.531564
ACACTGGGACAGTCGT-1,0.021267,0.891916,0.086817
ACAGAACTGAGAACAA-1,0.000018,0.544371,0.455611
ACAGATTAGGTTAGTG-1,0.000017,0.308583,0.691401
ACAGCATAGAGCCAGT-1,0.000025,0.134024,0.865952
ACAGCGACATTCTCAT-1,0.000032,0.415578,0.58439
ACAGCGCACCCGCAGC-1,0.000034,0.105633,0.894333
ACAGGCTTGCCCGACT-1,0.000017,0.919644,0.080339
ACAGGTGGAGGTGAGG-1,0.000016,0.678668,0.321316
ACAGGTGTGTTGTTGC-1,0.000427,0.768584,0.230989
ACAGTAATACAACTTG-1,0.000014,0.828885,0.1711
ACAGTATACCGTGGGA-1,0.000228,0.082393,0.917378
ACAGTGCAGCGCATTT-1,0.000066,0.536028,0.463906
ACATAATAAGGCGGTG-1,0.000042,0.000296,0.999662
ACATCAGCTGGGACGC-1,0.000025,0.685851,0.314124
ACATCCCGGCCATACG-1,0.000028,0.499804,0.500169
ACATCCTGGTAACTGT-1,0.000019,0.935184,0.064797
ACATCGATCGTTTACC-1,0.007736,0.450564,0.5417
ACATCGGTCAGCCGCG-1,0.000041,0.295424,0.704535
ACATCGTATGCAATGG-1,0.000033,0.583716,0.416251
ACATCGTTAACCTAGT-1,0.000018,0.337552,0.66243
ACATCTCAACGCGTAA-1,0.000017,0.281616,0.718367
ACATGGCGCCAAAGTA-1,0.000022,0.692781,0.307197
ACATTAGTTTATATCC-1,0.000036,0.401971,0.597993
ACCAAACACCCAGCGA-1,0.000111,0.310728,0.689161
ACCAAACTAGAAATCC-1,0.000014,0.186941,0.813045
ACCAACACCACACACT-1,0.000082,0.271844,0.728075
ACCAACGCTTATTTAT-1,0.000015,0.754607,0.245378
ACCAAGAACGCGTGTC-1,0.000034,0.50355,0.496416
ACCAATATGCAAGTTA-1,0.000016,0.731411,0.268573
ACCACAACTCAGAACA-1,0.00002,0.149348,0.850632
ACCACAAGTTTCTATC-1,0.000067,0.142162,0.857771
ACCACCAATGTAACAA-1,0.000018,0.662399,0.337583
ACCACCCTCTCTTCTA-1,0.014688,0.258409,0.726903
ACCACGTGCAGCTATA-1,0.000032,0.569164,0.430804
ACCAGACCATAACAAC-1,0.000008,0.858324,0.141668
ACCAGCCCGGTCTTTG-1,0.000038,0.022268,0.977694
ACCAGGAGTGTGATCT-1,0.000062,0.010999,0.988939
ACCAGTGCCCGGTCAA-1,0.000167,0.001171,0.998661
ACCAGTGCGGGAGACG-1,0.003824,0.570755,0.425421
ACCATATCCGCAATAA-1,0.013618,0.189801,0.796581
ACCATCCGCCAACTAG-1,0.000014,0.903834,0.096152
ACCATCGTATATGGTA-1,0.000048,0.399499,0.600453
ACCCAACGCCCGTGGC-1,0.657398,0.074642,0.26796
ACCCACCTACATGCTC-1,0.008804,0.16447,0.826726
ACCCATCTTGAGGGTA-1,0.00004,0.187294,0.812666
ACCCATTTGTCCCTCT-1,0.000024,0.687014,0.312962
ACCCGAGCGAAATTAC-1,0.000016,0.803834,0.19615
ACCCGGAAACTCCCAG-1,0.000019,0.573454,0.426527
ACCCGGAGCACCACAA-1,0.642129,0.312081,0.04579
ACCCGGATGACGCATC-1,0.004895,0.691262,0.303844
ACCCGGTTACACTTCC-1,0.004712,0.523105,0.472182
ACCCGTGTCATCAGTA-1,0.00002,0.741214,0.258766
ACCCTATAGGACTGAG-1,0.00004,0.000283,0.999676
ACCCTATGCCATATCG-1,0.000025,0.73629,0.263685
ACCCTCCCTTGCTATT-1,0.000011,0.99976,0.000229
ACCCTGGTAACGCCCT-1,0.000209,0.223563,0.776228
ACCCTTCATCTGCGAA-1,0.000052,0.027751,0.972198
ACCCTTGCCTGGGTCG-1,0.000146,0.518479,0.481375
ACCCTTTAGTTCTCCA-1,0.000028,0.145139,0.854833
ACCGAAAGGGCCCTGC-1,0.000016,0.284329,0.715655
ACCGAAGAGTCTGGTT-1,0.000013,0.916229,0.083758
ACCGACACATCTCCCA-1,0.00002,0.508837,0.491143
ACCGACTGAGTCCCAC-1,0.133722,0.012616,0.853662
ACCGATAGGCATAACC-1,0.128928,0.661957,0.209115
ACCGATATTTAATCAT-1,0.028695,0.87351,0.097794
ACCGATGGTAGCATCG-1,0.046393,0.742218,0.21139
ACCGCAATAACTGCCT-1,0.000024,0.714864,0.285112
ACCGCGGTGGAAGTCG-1,0.000015,0.9373,0.062685
ACCGGGCCTTTGTTGA-1,0.000024,0.364592,0.635385
ACCGGTCAGGTACACC-1,0.000015,0.779801,0.220184
ACCGGTCTGAGTACGG-1,0.00007,0.272862,0.727067
ACCGTGACCACGTGGG-1,0.000009,0.945756,0.054235
ACCGTTCCCGCTCTGA-1,0.002431,0.16379,0.833779
ACCTAAGTACCTTTCA-1,0.000015,0.807216,0.192769
ACCTAATCGACTTCCT-1,0.003518,0.365961,0.630521
ACCTACAGTATGTGGT-1,0.000016,0.988088,0.011896
ACCTCCGCCCTCGCTG-1,0.000018,0.892799,0.107183
ACCTCCGTTATTCACC-1,0.011085,0.858797,0.130118
ACCTGCGTGTCATGTT-1,0.001988,0.7865,0.211512
ACCTTTCCTTTAGAAG-1,0.000017,0.178153,0.82183
ACGACCCATGAGTTGC-1,0.718436,0.264888,0.016676
ACGACTGGTCATACTC-1,0.000005,0.956054,0.043941
ACGAGAACCCATCACG-1,0.000039,0.00027,0.999692
ACGAGATATTTGCTTA-1,0.000024,0.475258,0.524718
ACGAGGATACCACTCT-1,0.018352,0.971671,0.009977
ACGAGGTTTACAACGT-1,0.000018,0.904581,0.095401
ACGAGTACGGATGCCC-1,0.234252,0.089133,0.676616
ACGATACATAGAACTA-1,0.010365,0.9029,0.086735
ACGATACCTATCCTGA-1,0.009623,0.410511,0.579866
ACGATCATACATAGAG-1,0.018392,0.000642,0.980965
ACGATCATCTTGTAAA-1,0.010057,0.952186,0.037757
ACGATGCATATGTTAT-1,0.000028,0.534501,0.465471
ACGATGGATCCGATGC-1,0.000047,0.007581,0.992372
ACGCAAACTAATAGAT-1,0.000009,0.967908,0.032083
ACGCAATCACTACAGC-1,0.059719,0.063355,0.876926
ACGCATAAATGACATG-1,0.000063,0.569289,0.430648
ACGCATACGTTTACTA-1,0.000015,0.959502,0.040483
ACGCATTCGTGAGTAC-1,0.053208,0.001568,0.945224
ACGCCAGATGATTTCT-1,0.000062,0.081553,0.918385
ACGCCCAGCTGTCGAT-1,0.000028,0.025346,0.974626
ACGCCGCTAGACGACC-1,0.000028,0.301601,0.698371
ACGCGAAGTCAGACGA-1,0.003992,0.329219,0.666789
ACGCGCTACACAGGGT-1,0.000015,0.924769,0.075216
ACGCGGGCCAAGGACA-1,0.027818,0.135441,0.836741
ACGCGTTTCTTAAGAG-1,0.102409,0.526403,0.371189
ACGCTAGTATCAGTGC-1,0.002529,0.38022,0.617251
ACGCTAGTGATACACT-1,0.283175,0.000331,0.716494
ACGCTGTGAGGCGTAG-1,0.000007,0.977131,0.022862
ACGCTTAGTGTCTCTC-1,0.000033,0.145201,0.854766
ACGGAATTTAGCAAAT-1,0.000041,0.000285,0.999674
ACGGACTCTCAAAGCG-1,0.000018,0.544545,0.455438
ACGGAGCGCAAATTAC-1,0.000135,0.333854,0.666011
ACGGATGGTGCGGATA-1,0.00003,0.461296,0.538674
ACGGCACTTGCTTGGG-1,0.000044,0.123445,0.876511
ACGGCCAACATGGACT-1,0.000018,0.587987,0.411995
ACGGCGACGATGGGAA-1,0.000027,0.378409,0.621564
ACGGCGGGTTGCCCTG-1,0.000032,0.002007,0.997961
ACGGGAGTGTCGGCCC-1,0.00001,0.985469,0.014521
ACGGGCGTATGCGACA-1,0.038432,0.196958,0.76461
ACGGGTCATGTGACTT-1,0.00006,0.001768,0.998173
ACGTACAGATTTCTCT-1,0.000053,0.280755,0.719191
ACGTAGATTGCTGATG-1,0.906047,0.053275,0.040678
ACGTATTACTCCGATC-1,0.004642,0.694527,0.300832
ACGTCCTAAACGAGAT-1,0.000019,0.112175,0.887806
ACGTCTCGTTCCGGGA-1,0.000008,0.963206,0.036786
ACGTGACAAAGTAAGT-1,0.000005,0.999557,0.000437
ACGTGCGCCTCGTGCA-1,0.000056,0.000392,0.999553
ACGTGGTCGAATGTGC-1,0.000021,0.122415,0.877564
ACGTTAATGTCGAAGA-1,0.009305,0.38249,0.608205
ACGTTAGATTTGCCCG-1,0.000042,0.572062,0.427896
ACGTTATTGGTCACTC-1,0.000052,0.000366,0.999582
ACGTTCCGCGCTCCGT-1,0.000022,0.124403,0.875574
ACGTTCGCAATCAATT-1,0.000026,0.954081,0.045893
ACGTTCGTTCAGGAAA-1,0.000036,0.617635,0.382329
ACGTTTAGTTGTGATC-1,0.000046,0.319799,0.680155
ACTAAGGACGCACACC-1,0.000123,0.314422,0.685455
ACTAATACGTCAGGCG-1,0.000113,0.002578,0.997309
ACTACCAGCTCTCTGG-1,0.016376,0.232492,0.751133
ACTACGCGTTAGAATT-1,0.000012,0.83424,0.165748
ACTAGTTGCGATCGTC-1,0.000018,0.803714,0.196268
ACTATATGCTGTGTTC-1,0.004445,0.988586,0.00697
ACTATCCAGGGCATGG-1,0.006139,0.697805,0.296056
ACTATCTGCCCGCGTA-1,0.002467,0.85711,0.140423
ACTATTCGTCCGTGGT-1,0.000041,0.024175,0.975784
ACTATTTCCGGGCCCA-1,0.000027,0.362417,0.637556
ACTCAACGAATGTATT-1,0.000034,0.000237,0.999729
ACTCAAGTGCAAGGCT-1,0.000015,0.883495,0.11649
ACTCAATAAAGGCACG-1,0.01513,0.000266,0.984604
ACTCAGACCTGCTTCT-1,0.003645,0.000325,0.99603
ACTCCAATATCATCAT-1,0.000006,0.858747,0.141247
ACTCCCATTCCTAAAG-1,0.000011,0.87715,0.122839
ACTCCCGAATTCGTTT-1,0.058023,0.729258,0.212719
ACTCCCGTAGACTAGG-1,0.011045,0.808128,0.180827
ACTCCCTAATGCTAAA-1,0.009686,0.52357,0.466743
ACTCCCTAGAATAGTA-1,0.000022,0.406428,0.59355
ACTCGATGTATTTCAT-1,0.000039,0.000273,0.999688
ACTCGCGATCTGACGC-1,0.000025,0.909072,0.090903
ACTCGTAACCCGTCCT-1,0.014808,0.798665,0.186528
ACTCGTCAGTAATCCC-1,0.126853,0.403784,0.469363
ACTCTAAACCTGGGAT-1,0.464626,0.023095,0.512279
ACTCTCTGACTTAGGT-1,0.006221,0.361366,0.632412
ACTCTCTTATACACGA-1,0.00005,0.009548,0.990402
ACTCTTCAGCTCCCGC-1,0.00001,0.973733,0.026257
ACTCTTGTATAGTAAC-1,0.10509,0.315937,0.578973
ACTGAAACGCCGTTAG-1,0.000014,0.897329,0.102658
ACTGAATGGCGAAAGT-1,0.000025,0.755673,0.244302
ACTGATTTAGTGATTC-1,0.00289,0.189648,0.807462
ACTGCCGTCGTAACTC-1,0.000036,0.101858,0.898107
ACTGCGGACACACCGT-1,0.000028,0.656876,0.343096
ACTGCTCGGAAGGATG-1,0.010327,0.890341,0.099332
ACTGGCGAACCTGCGT-1,0.007308,0.650388,0.342304
ACTGTACGATACACAT-1,0.430768,0.155692,0.41354
ACTGTAGCACTTTGGA-1,0.000055,0.000386,0.999559
ACTGTATACGCGAGCA-1,0.000041,0.00029,0.999669
ACTGTCCAGGATTATA-1,0.000084,0.000585,0.999331
ACTGTCTTCTTTAGAA-1,0.548763,0.045949,0.405288
ACTGTGCTAGTAGATC-1,0.000065,0.000452,0.999483
ACTGTTTAGTGTAGGC-1,0.000026,0.10349,0.896484
ACTTACCGGGCGCGCA-1,0.005471,0.023975,0.970554
ACTTACGCATCCACGC-1,0.000024,0.538926,0.46105
ACTTAGTACGACAAGA-1,0.000049,0.00034,0.999611
ACTTATACTTACCCGG-1,0.078614,0.61453,0.306856
ACTTATCTGATCTATA-1,0.000031,0.000217,0.999752
ACTTATTAGGATCGGT-1,0.000059,0.138306,0.861635
ACTTATTTATGTGCCA-1,0.000032,0.218271,0.781697
ACTTCAGGCTGATCCC-1,0.000031,0.537398,0.462571
ACTTCCATGCGGGACA-1,0.000016,0.765265,0.234719
ACTTCCTGTCGTGCGA-1,0.000131,0.786326,0.213543
ACTTCGCCATACGCAC-1,0.064474,0.000489,0.935037
ACTTCGCTAGCGAGTG-1,0.000012,0.977928,0.02206
ACTTGACTCCCTCTTT-1,0.010288,0.347724,0.641987
ACTTGCCATATTGTAC-1,0.000034,0.080126,0.91984
ACTTGGGACCCGGTGG-1,0.000068,0.000477,0.999455
ACTTGTAGTCCCTTCA-1,0.000007,0.98854,0.011453
ACTTGTGGATGGAACG-1,0.000022,0.754488,0.24549
ACTTTACCCTCATGAA-1,0.035344,0.557759,0.406897
ACTTTCCTATAGCTTC-1,0.01206,0.000771,0.987169
ACTTTGACTGCATCCT-1,0.000022,0.788409,0.211569
ACTTTGTCGACGCACT-1,0.036079,0.922651,0.041269
AGAAATTATGACTCGC-1,0.004216,0.745965,0.249819
AGAACCCAGCGTGACA-1,0.000014,0.831052,0.168934
AGAACGTGGTACATTC-1,0.081208,0.000594,0.918198
AGAAGAGCGCCGTTCC-1,0.08926,0.792844,0.117896
AGAAGGTACACTTCAC-1,0.016202,0.90124,0.082558
AGAAGGTTGCCGAATT-1,0.000025,0.733539,0.266435
AGAAGGTTGTAGGTCG-1,0.000035,0.490533,0.509432
AGAAGTGATTCGTGAT-1,0.000023,0.502067,0.497911
AGAATAAATCTTCAGG-1,0.000014,0.819451,0.180535
AGAATGCGGGTTCGGA-1,0.000111,0.218111,0.781778
AGAATTATGGATTCGA-1,0.083651,0.580209,0.33614
AGAATTGTTTGACATA-1,0.000058,0.000407,0.999535
AGACAGCTCAGAATCC-1,0.017384,0.000426,0.98219
AGACAGGCATCTCAGC-1,0.125767,0.445872,0.428361
AGACATAGATCCTTCC-1,0.000054,0.040543,0.959402
AGACCAAACCACACCT-1,0.007297,0.832296,0.160407
AGACCATGGGATACAA-1,0.000048,0.020983,0.978969
AGACCCACCGCTGATC-1,0.008311,0.212777,0.778912
AGACCCGCCCTCCTCG-1,0.005827,0.0005,0.993673
AGACCGCTCCGCGGTT-1,0.000018,0.850185,0.149797
AGACCGGGAAACCCTG-1,0.000016,0.639497,0.360487
AGACGAAGTGCCGGTC-1,0.000024,0.56956,0.430416
AGACGACGATGCCGCT-1,0.000014,0.592074,0.407911
AGACGCCCACTTCGCC-1,0.080853,0.793513,0.125634
AGACGGGATTGGTATA-1,0.000015,0.28038,0.719605
AGACGGGCCGATTTAA-1,0.000126,0.000879,0.998996
AGACTAGCCTTCCAGA-1,0.00006,0.000418,0.999522
AGACTGTTACCGGGTC-1,0.000016,0.705702,0.294282
AGAGAACCGTCTAGGA-1,0.022481,0.078434,0.899085
AGAGAAGGAGTACAAT-1,0.000018,0.538779,0.461203
AGAGATCTCTAAAGCG-1,0.000016,0.721181,0.278803
AGAGCAGTTATGAGAC-1,0.540292,0.317104,0.142605
AGAGCCGCCGAGATTT-1,0.008924,0.92142,0.069655
AGAGCGCTTGTAACGG-1,0.000232,0.390011,0.609757
AGAGCGGGCTAATCAT-1,0.000027,0.264321,0.735652
AGAGCGTACAAGCTCG-1,0.000062,0.038735,0.961203
AGAGCTACGAAAGCAT-1,0.000025,0.042095,0.95788
AGAGGCTTCGGAAACC-1,0.000015,0.853768,0.146217
AGAGGGACAATTGTCC-1,0.000037,0.170048,0.829915
AGAGGTATCTCGGTCC-1,0.000031,0.08534,0.914629
AGAGTAAACTTCACTA-1,0.00002,0.486633,0.513347
AGAGTATAGTGTTACG-1,0.054987,0.138507,0.806506
AGAGTGAACAGACACC-1,0.000007,0.480194,0.519799
AGAGTTAGAGACCGAT-1,0.000087,0.022037,0.977876
AGAGTTGCAGGCCTCC-1,0.051935,0.396001,0.552064
AGATAACTTCAGGGCC-1,0.051683,0.506035,0.442282
AGATACCAGCACTTCA-1,0.00012,0.566662,0.433218
AGATACCGGTGTTCAC-1,0.000032,0.290192,0.709776
AGATACGACTTCATAT-1,0.000038,0.000266,0.999696
AGATACTCAAGATCGA-1,0.000035,0.481577,0.518388
AGATATAATACGACTA-1,0.000013,0.587685,0.412301
AGATCGTGCATAAGAT-1,0.00697,0.202888,0.790142
AGATCTCAGGTGTGAT-1,0.470458,0.01306,0.516482
AGATGACTCGCCCACG-1,0.000036,0.222228,0.777736
AGATGAGGGTTGCGAT-1,0.000023,0.995012,0.004965
AGATGATGGAGTCTGG-1,0.021687,0.722784,0.255529
AGATGCAAGACGTGCA-1,0.000011,0.911102,0.088887
AGATGCATCCTGTGTC-1,0.000007,0.971377,0.028616
AGATTATAGGACGTTT-1,0.000037,0.387583,0.612379
AGATTCAAGCGGGTCG-1,0.000102,0.000716,0.999182
AGATTCACAACCGATA-1,0.01766,0.913286,0.069054
AGCAAAGGCCGCTAGT-1,0.000008,0.973875,0.026117
AGCAACATATCTTATT-1,0.000024,0.782068,0.217908
AGCAACCGAAAGTAAT-1,0.000012,0.938302,0.061686
AGCACCAGTACTCACG-1,0.023718,0.00056,0.975722
AGCACTACCGGCCTGT-1,0.000018,0.929835,0.070146
AGCACTACCTCACCAG-1,0.003417,0.537159,0.459425
AGCACTTAAGGACGCC-1,0.000028,0.264812,0.735159
AGCAGAAGGAGAAAGA-1,0.000011,0.675855,0.324135
AGCAGCCAGATGAATA-1,0.000014,0.840656,0.159329
AGCATATCAATATGCT-1,0.000026,0.789412,0.210562
AGCATCATTTCGAAAG-1,0.00001,0.845278,0.154711
AGCATCGTCGATAATT-1,0.000061,0.079402,0.920537
AGCCAAGCTTTGTGTC-1,0.000006,0.951257,0.048737
AGCCACAGGTTACCCG-1,0.000021,0.646959,0.35302
AGCCACTCCCGTGCTT-1,0.000019,0.897961,0.10202
AGCCCATACATGTAAG-1,0.000013,0.881538,0.118449
AGCCCGGTAGCCTGTA-1,0.000014,0.849017,0.150969
AGCCCTAAGCGAAGTT-1,0.000027,0.48174,0.518234
AGCCCTGTCGCACCGT-1,0.00002,0.924575,0.075405
AGCCCTTCTAATCCGA-1,0.000077,0.363558,0.636365
AGCCCTTGGACATCCC-1,0.03242,0.751186,0.216395
AGCCGCAAATTCAAAT-1,0.00001,0.851746,0.148244
AGCCGTGGCTAAATGT-1,0.005394,0.807934,0.186673
AGCCTAATACCCACGT-1,0.005565,0.988517,0.005918
AGCCTTAAAGCGGAAG-1,0.004189,0.002984,0.992827
AGCGACAGGAACGGTC-1,0.000025,0.547486,0.452489
AGCGACATCCCATTCA-1,0.000061,0.01331,0.986629
AGCGACCAACGATATT-1,0.000074,0.000515,0.999411
AGCGCATAATGAATCG-1,0.000024,0.676376,0.3236
AGCGCGGGTGCCAATG-1,0.004477,0.165949,0.829574
AGCGCTAGAGCGATGT-1,0.000026,0.653831,0.346143
AGCGCTTATGGGCAAG-1,0.000056,0.146413,0.853531
AGCGGACACTTCGTAG-1,0.00002,0.828452,0.171529
AGCGGCGGTTAGCGGT-1,0.001503,0.934122,0.064375
AGCGGGAAGGGTCCAT-1,0.000031,0.023168,0.976801
AGCGGGTCTGACACTC-1,0.001576,0.837738,0.160686
AGCGGTTGAGATGTAC-1,0.000023,0.297669,0.702308
AGCGGTTGCCGCTCTG-1,0.000224,0.59077,0.409006
AGCGTACGAGAGCTAG-1,0.000021,0.000146,0.999833
AGCGTAGCGCTAGACC-1,0.000034,0.000235,0.999732
AGCGTCTGAACCCGCA-1,0.00002,0.108571,0.891409
AGCGTGGTATTCTACT-1,0.000033,0.370274,0.629694
AGCGTTCCGATTTAAA-1,0.000021,0.355223,0.644756
AGCTAACAAGCAATGT-1,0.001599,0.893122,0.105279
AGCTAAGTACGCAGGC-1,0.000014,0.794613,0.205373
AGCTAGAAGCAGAAGT-1,0.015343,0.228922,0.755735
AGCTATTTAATCCAAC-1,0.007698,0.070892,0.92141
AGCTCCATATATGTTC-1,0.00258,0.755289,0.24213
AGCTCCTTCGCACATC-1,0.000011,0.982553,0.017436
AGCTCGTTGATGGAAA-1,0.000163,0.249369,0.750467
AGCTCTAGACGTTCCA-1,0.022294,0.535871,0.441835
AGCTCTTCCCAGTGCA-1,0.006462,0.010597,0.98294
AGCTCTTCGTAACCTT-1,0.000031,0.569664,0.430305
AGCTCTTTACTCAGTT-1,0.000037,0.338755,0.661208
AGCTGAAGTAAACCAA-1,0.00081,0.717711,0.28148
AGCTGCATTTGAGGTG-1,0.000034,0.546082,0.453884
AGCTGCTGTGCCGAAT-1,0.000048,0.510531,0.48942
AGCTGTAACCTCAATC-1,0.000016,0.557325,0.442658
AGCTTATAGAGACCTG-1,0.000081,0.132719,0.8672
AGCTTCAATACTTTGA-1,0.000028,0.265466,0.734506
AGCTTGATCTTAACTT-1,0.000023,0.508436,0.491541
AGGAAGCTGTCCGCCG-1,0.000018,0.512914,0.487069
AGGACAGTCGAATCCC-1,0.000026,0.70363,0.296344
AGGACATCGCACGTCG-1,0.000033,0.109977,0.88999
AGGACGACCCATTAGA-1,0.000037,0.437017,0.562946
AGGACGCTCGATGTTG-1,0.000091,0.180502,0.819408
AGGAGACATCCACAGT-1,0.027359,0.172076,0.800564
AGGAGAGTCTGGCTAC-1,0.029447,0.052796,0.917757
AGGAGGCCTTCGCGCG-1,0.003466,0.926631,0.069903
AGGATAAAGTCGGGAT-1,0.000014,0.711043,0.288943
AGGATATAGGGATTTA-1,0.000022,0.768365,0.231613
AGGATCACGCGATCTG-1,0.006116,0.854099,0.139785
AGGATTGCTTACGACA-1,0.002219,0.585812,0.411968
AGGCAAAGAGGAATCA-1,0.000019,0.015317,0.984663
AGGCACGTGACTGTCC-1,0.004251,0.927649,0.0681
AGGCAGATGCGTAAAC-1,0.036399,0.094738,0.868863
AGGCAGGGAGCGTACT-1,0.000017,0.571792,0.428191
AGGCATTGTCGTAGGG-1,0.010703,0.737966,0.251331
AGGCCACATTGGTTAC-1,0.000018,0.847664,0.152318
AGGCCACCCGTTATGA-1,0.007694,0.013586,0.97872
AGGCCCAGTGACTGGT-1,0.000084,0.000589,0.999327
AGGCCCATTGTACAGG-1,0.003661,0.000392,0.995947
AGGCCCTAGAACGCCA-1,0.002378,0.931457,0.066165
AGGCCTGAGAATCTCG-1,0.000014,0.745807,0.254179
AGGCGATAACTGGCGT-1,0.250056,0.713626,0.036318
AGGCGGTTTGTCCCGC-1,0.000009,0.946374,0.053617
AGGCGTCTATGGACGG-1,0.011895,0.532759,0.455346
AGGCTATGGTTAGCTT-1,0.000072,0.00883,0.991099
AGGCTTCCCGAAGAAG-1,0.000023,0.651972,0.348005
AGGCTTGCTAGACACC-1,0.005906,0.000452,0.993642
AGGGAAACGAGGTACT-1,0.000038,0.501394,0.498568
AGGGACAGCACGGCGG-1,0.000636,0.178528,0.820835
AGGGACCGGCTGCGTT-1,0.012686,0.931072,0.056243
AGGGACTCTACGCGAC-1,0.000034,0.26615,0.733816
AGGGAGACATACTTCG-1,0.04212,0.665855,0.292025
AGGGCAGCGGCGTGGT-1,0.000029,0.022204,0.977767
AGGGCGAGCAGCTGAT-1,0.000025,0.534737,0.465238
AGGGCGTGATCGGCTA-1,0.000063,0.000442,0.999495
AGGGCTGCAGTTACAG-1,0.144641,0.110326,0.745034
AGGGTCAGTAACCCTA-1,0.000065,0.523914,0.476021
AGGGTCGATGCGAACT-1,0.017886,0.549199,0.432915
AGGGTGCCGTTCTTTA-1,0.000008,0.906012,0.09398
AGGGTGCTCTCGAGGG-1,0.140178,0.684931,0.174892
AGGGTGGATAGTGCAT-1,0.044367,0.369945,0.585688
AGGGTGTGCTACACGC-1,0.000035,0.352453,0.647512
AGGGTTCCCTTTGGTT-1,0.833243,0.04739,0.119367
AGGGTTTAGTTCGGGA-1,0.120118,0.329453,0.550429
AGGTAACCTCCTATTC-1,0.000037,0.002732,0.997231
AGGTACGATATTGCCA-1,0.004225,0.113748,0.882028
AGGTAGATCGAGATAT-1,0.000009,0.771626,0.228365
AGGTAGGTACAAAGCT-1,0.000036,0.216122,0.783842
AGGTATAATTGATAGT-1,0.014092,0.854003,0.131905
AGGTATGCGGACATTA-1,0.000026,0.668262,0.331712
AGGTCAGGTGAGAGTG-1,0.003498,0.869557,0.126945
AGGTCGCCACTTCGGT-1,0.000021,0.023843,0.976136
AGGTCGCCTCCCAACA-1,0.2153,0.605043,0.179657
AGGTCGCGGAGTTACT-1,0.114759,0.002526,0.882715
AGGTGGTGACCTTCGC-1,0.000014,0.763228,0.236759
AGGTGTATCGCCATGA-1,0.000015,0.820087,0.179898
AGGTTACACCATGCCG-1,0.00002,0.843167,0.156814
AGGTTGAGGCACGCTT-1,0.020348,0.021514,0.958138
AGGTTTCACACACCTT-1,0.000033,0.511468,0.488499
AGTAACGTTCATCCTG-1,0.00007,0.002633,0.997297
AGTAATGTCTTGCCGC-1,0.000056,0.037177,0.962768
AGTACATCATTTATCA-1,0.107618,0.257116,0.635266
AGTACCTTCGAGTGCT-1,0.000159,0.14843,0.851411
AGTACGGCCCGTATCG-1,0.000024,0.642877,0.357099
AGTACGGGCACCTGGC-1,0.015731,0.000413,0.983856
AGTACGTGGCCTGTCT-1,0.000034,0.324081,0.675885
AGTACTCTTATGCCCA-1,0.000037,0.253189,0.746775
AGTAGCGTGAACGAAC-1,0.000027,0.014419,0.985554
AGTAGCTAGACGCCGA-1,0.000138,0.000964,0.998898
AGTAGGAAGGAAGTTG-1,0.00005,0.689209,0.310741
AGTAGGTAACATACAT-1,0.000054,0.033897,0.966049
AGTATAATACTAGGCA-1,0.158324,0.073675,0.768002
AGTATACACAGCGACA-1,0.000013,0.80639,0.193597
AGTATCCATAATAACG-1,0.000038,0.011744,0.988218
AGTATGCTGGAGACCA-1,0.000015,0.825277,0.174708
AGTATTTGGCACGACC-1,0.000033,0.410093,0.589874
AGTCAACACCACCATC-1,0.000022,0.251539,0.74844
AGTCAAGATGACACTT-1,0.000021,0.755536,0.244443
AGTCACTAGCTCTCGA-1,0.000018,0.920467,0.079515
AGTCACTCCGCCTCAT-1,0.000051,0.000358,0.999591
AGTCAGCCACCGCCTG-1,0.000079,0.000554,0.999367
AGTCCAGCGGGTACGT-1,0.015765,0.000627,0.983608
AGTCCATTGGCTGATG-1,0.000016,0.989066,0.010918
AGTCCCGCCTTTAATT-1,0.000036,0.794722,0.205242
AGTCCCTCGCAGAAAG-1,0.028216,0.225883,0.745901
AGTCGACGGTCTCAAG-1,0.011846,0.750899,0.237255
AGTCGGCCCAAACGAC-1,0.003576,0.107256,0.889168
AGTCGGCTCAACTTTA-1,0.007462,0.584727,0.407812
AGTCGGTTGCGTGAGA-1,0.005985,0.542164,0.451851
AGTCGTCGACCACCAA-1,0.000017,0.736943,0.263039
AGTCGTGGGCATTACG-1,0.000019,0.686071,0.31391
AGTCTAAAGTATACTC-1,0.10907,0.252822,0.638108
AGTCTCACAAGACTAC-1,0.000017,0.899071,0.100913
AGTCTGGACATCCTTG-1,0.000086,0.000605,0.999309
AGTCTTCTCCTCAAAT-1,0.017979,0.030636,0.951385
AGTGAACAAACTTCTC-1,0.000022,0.608727,0.391251
AGTGAAGATGGTGTCC-1,0.022397,0.320633,0.656971
AGTGACCTACTTTACG-1,0.000023,0.659715,0.340263
AGTGAGACTTCCAGTA-1,0.119302,0.353347,0.527351
AGTGAGCCTCGCCGCC-1,0.357387,0.265977,0.376636
AGTGAGGGTTTCTGAC-1,0.000036,0.024345,0.975619
AGTGATAACCTGCGCG-1,0.000019,0.756811,0.24317
AGTGATATGAGTAGTT-1,0.000039,0.136906,0.863055
AGTGATTCAAGCAGGA-1,0.325966,0.342508,0.331526
AGTGCACGCTTAAGAA-1,0.002038,0.990296,0.007666
AGTGCGTAGCTCGTAA-1,0.000035,0.23684,0.763124
AGTGCTAAACACAGCA-1,0.00002,0.475947,0.524033
AGTGCTTGCACGAATA-1,0.000011,0.999946,0.000043
AGTGGCGGCAATTTGA-1,0.000045,0.096731,0.903224
AGTGGCGTCTGAAGGT-1,0.000016,0.794535,0.205449
AGTGGCTCCGTCGGCC-1,0.000019,0.745275,0.254706
AGTGGTGTTACCCGTG-1,0.000014,0.837765,0.162221
AGTGGTTGCGTATAGG-1,0.000019,0.900877,0.099104
AGTGTATTGCGCATTG-1,0.000068,0.491077,0.508855
AGTGTGGTCTATTGTG-1,0.000085,0.039501,0.960414
AGTTAAACACTTGCGA-1,0.000029,0.411778,0.588194
AGTTAAGCGGTCCCGG-1,0.000036,0.384324,0.61564
AGTTAAGTCAACCGCT-1,0.000019,0.666697,0.333285
AGTTACCCTTAAGACT-1,0.103484,0.143908,0.752608
AGTTACCGCACATGGT-1,0.008695,0.141232,0.850073
AGTTACTCTATCGTGG-1,0.000076,0.000532,0.999392
AGTTATTGAAAGGTAA-1,0.000023,0.101376,0.898601
AGTTCACCGGTTGGAC-1,0.000052,0.000361,0.999588
AGTTCCTACAGAATTA-1,0.000045,0.274303,0.725652
AGTTCCTATTTATGTT-1,0.000042,0.294459,0.705499
AGTTCTGCGTTGTATC-1,0.009058,0.095138,0.895803
AGTTGACATCGGCTGG-1,0.000046,0.066608,0.933346
AGTTGACGGTCCTTGC-1,0.000028,0.534238,0.465734
AGTTGCTGACTGATAT-1,0.000055,0.000383,0.999563
AGTTTATGTAAAGACA-1,0.026898,0.237934,0.735167
AGTTTCGCAGGTCGGA-1,0.000041,0.064325,0.935634
AGTTTGCACCTGCCTC-1,0.000028,0.417354,0.582618
AGTTTGGCACGGGTTG-1,0.000027,0.432351,0.567622
AGTTTGGCCAGACCTA-1,0.000022,0.706654,0.293324
ATAAACCATTGGACGG-1,0.000063,0.000442,0.999495
ATAAACGGACCCGTAA-1,0.002865,0.729902,0.267233
ATAAACGTTGCACCAC-1,0.001685,0.857596,0.140719
ATAAAGGCTCGGTCGT-1,0.000049,0.172649,0.827301
ATAAAGGTCAAGTACG-1,0.00002,0.244897,0.755083
ATAAATATTAGCAGCT-1,0.000019,0.606913,0.393068
ATAACGCCGGAGGGTC-1,0.125232,0.817929,0.056838
ATAACGGAGTCCAACG-1,0.038085,0.438023,0.523892
ATAACGTTACCTCCAC-1,0.000143,0.154386,0.84547
ATAAGCAAACACCGAG-1,0.011569,0.219357,0.769074
ATAAGGTGGAGAACAT-1,0.000015,0.800681,0.199304
ATAAGTACCCGATTGT-1,0.000094,0.000657,0.999249
ATAAGTAGGATTCAGA-1,0.157468,0.000351,0.842182
ATAAGTAGGGCGACTC-1,0.005914,0.568712,0.425374
ATAAGTTACCGCGACG-1,0.00003,0.197454,0.802516
ATAATACCGTTAGCCG-1,0.000015,0.201089,0.798896
ATAATAGCTGTTGAAT-1,0.000019,0.510936,0.489045
ATAATAGTGTAGGGAC-1,0.000046,0.000324,0.99963
ATAATCTTGGAGAACC-1,0.00002,0.34074,0.65924
ATAATTAGCTAAGTAG-1,0.000013,0.652864,0.347123
ATACAGGCCCTCCAAT-1,0.000021,0.695759,0.304221
ATACCACGGGCAACTT-1,0.003792,0.710097,0.286111
ATACCAGCAAATTGCT-1,0.000018,0.1379,0.862082
ATACCAGGCTAATAGA-1,0.000016,0.313181,0.686803
ATACCAGGTGAGCGAT-1,0.000036,0.034867,0.965097
ATACCGTCATCCATAA-1,0.000036,0.601953,0.398012
ATACCTAACCAAGAAA-1,0.000015,0.768162,0.231823
ATACGAAGGCTTTCCA-1,0.000007,0.999963,0.00003
ATACGACAGATGGGTA-1,0.000108,0.320871,0.679021
ATACGCCGATCTACCG-1,0.002607,0.145373,0.85202
ATACGCCGGCGAAACC-1,0.014257,0.330045,0.655698
ATACGGAACGTCGTTT-1,0.000014,0.785434,0.214553
ATACGGGTTTCGATTG-1,0.000081,0.187065,0.812855
ATACGGTGAAGATGCA-1,0.000026,0.64789,0.352084
ATACGTACTTAGCCAC-1,0.000025,0.651253,0.348723
ATACGTCCACTCCTGT-1,0.000017,0.835179,0.164804
ATACGTTATGCACGGA-1,0.000023,0.772609,0.227368
ATACTACCCGTACCAC-1,0.000028,0.751022,0.24895
ATACTAGCATGACCCT-1,0.000049,0.002846,0.997105
ATACTCTCGCCACTCT-1,0.00005,0.000353,0.999596
ATACTGCCTTACACCG-1,0.000028,0.479604,0.520369
ATACTTGTTCTCGAGC-1,0.000017,0.986798,0.013185
ATAGACAACGGGACCT-1,0.116911,0.05643,0.826659
ATAGACGAAGAGAAAG-1,0.035358,0.193747,0.770895
ATAGAGTACTGGGACA-1,0.004701,0.319991,0.675308
ATAGAGTTATCAACTT-1,0.084302,0.000599,0.915099
ATAGATTTGCAGTCGG-1,0.000026,0.009375,0.990599
ATAGCAACTAGGGAAG-1,0.000016,0.698644,0.301339
ATAGCCTCAGTACCCA-1,0.000028,0.000198,0.999773
ATAGCTGCTCTTGTTA-1,0.000043,0.015524,0.984433
ATAGGAATCTAAGCTT-1,0.000076,0.74367,0.256254
ATAGGCGGCTATAGAA-1,0.000015,0.816218,0.183766
ATAGGCTAGCTTCGCA-1,0.044427,0.000578,0.954995
ATAGGGATATCCTTGA-1,0.006081,0.371965,0.621954
ATAGGTTGGGCAGATG-1,0.100717,0.040556,0.858727
ATAGTCTTTGACGTGC-1,0.000042,0.068245,0.931713
ATAGTGAAGCGTTCTC-1,0.000044,0.120109,0.879847
ATAGTTCCACCCACTC-1,0.003244,0.957223,0.039534
ATATAAAGCGCTCGTG-1,0.000032,0.561542,0.438426
ATATAAATGTAGCTGC-1,0.002636,0.942038,0.055326
ATATACATGTATGGTA-1,0.000018,0.999911,0.000071
ATATACGCTCGTGACG-1,0.00807,0.62641,0.36552
ATATCAACCTACAGAG-1,0.000016,0.930133,0.069851
ATATCGGTAGGGAGAT-1,0.000018,0.827669,0.172313
ATATCGTGCCAGACCC-1,0.00001,0.441368,0.558622
ATATCGTTCCTCGAAC-1,0.000027,0.688779,0.311194
ATATCTCCCTCGTTAA-1,0.009911,0.318293,0.671795
ATATCTTAGGGCCTTC-1,0.011256,0.0012,0.987544
ATATGTCTCCCTAGCC-1,0.023683,0.53349,0.442827
ATATGTGCACAAACCA-1,0.000139,0.051217,0.948644
ATATTCAGTTAAACCT-1,0.000044,0.142043,0.857913
ATATTCCACATAGTGA-1,0.000035,0.477412,0.522552
ATATTCCCACAGGTCA-1,0.000028,0.188126,0.811845
ATATTGCTGTCAAAGT-1,0.005745,0.076532,0.917724
ATATTGGAGAGGCCTT-1,0.136647,0.755289,0.108064
ATATTTAACCCTCAAG-1,0.000034,0.658211,0.341755
ATCAAACACTGTTCCA-1,0.000021,0.619562,0.380417
ATCAAACGAAGGTTTG-1,0.000011,0.889467,0.110522
ATCAATCTGGGCTGCA-1,0.424618,0.288233,0.287149
ATCAATGCCGTGGCTG-1,0.000015,0.84639,0.153596
ATCACATTAGAATATC-1,0.000021,0.78902,0.210958
ATCACGTGCTAATTAA-1,0.000031,0.271115,0.728853
ATCACTTCATCCTCGC-1,0.008431,0.322634,0.668935
ATCAGACGGCACGCCG-1,0.000017,0.855848,0.144135
ATCAGCCTCATGCTGC-1,0.000029,0.559647,0.440324
ATCAGCTCGTCCACTA-1,0.007359,0.922213,0.070428
ATCAGGTAGCTGACAG-1,0.000016,0.880315,0.119669
ATCAGGTCGCCATTGC-1,0.000053,0.029786,0.970161
ATCAGTAGGCAGGGAT-1,0.017368,0.271018,0.711614
ATCATAGCCCTATGTA-1,0.000026,0.715633,0.284341
ATCATCCAATATTTGT-1,0.000024,0.673106,0.32687
ATCATCTGCCCAGTGT-1,0.000016,0.493609,0.506375
ATCATGGACTACCGAC-1,0.000022,0.693739,0.306239
ATCCAACGCAGTCATA-1,0.004261,0.022205,0.973535
ATCCAATGGAGGGTCC-1,0.000024,0.514226,0.485749
ATCCAATGGTACCGAA-1,0.00001,0.953123,0.046867
ATCCACATCGACAGAA-1,0.000008,0.958261,0.041732
ATCCACGCTAAATGTT-1,0.000028,0.13238,0.867592
ATCCACTTTCAGACTA-1,0.00008,0.879772,0.120149
ATCCAGAGCAACAACC-1,0.000008,0.801925,0.198067
ATCCAGGATTCGTGAA-1,0.000018,0.702998,0.296985
ATCCTACCTAAGCTCT-1,0.000022,0.693927,0.306051
ATCCTGAATCGCTGCG-1,0.000028,0.585798,0.414174
ATCCTGCGTGGAATGG-1,0.00004,0.207045,0.792915
ATCCTGCTGCAGATAG-1,0.000057,0.0004,0.999543
ATCCTTCTGAAAGAAC-1,0.000014,0.828321,0.171666
ATCGACCCAATACAGA-1,0.08171,0.57651,0.34178
ATCGACTCTTTCCGTT-1,0.000073,0.004431,0.995496
ATCGCACGCCGGGAGA-1,0.000072,0.000506,0.999422
ATCGCCAGTCAACATT-1,0.000024,0.686565,0.31341
ATCGCTGCGTGCAGCA-1,0.055581,0.004512,0.939908
ATCGCTTTACGTCTCA-1,0.000021,0.59485,0.405129
ATCGGAGACAGACGGC-1,0.000025,0.429479,0.570497
ATCGGCAAGCAGTCCA-1,0.015754,0.12365,0.860595
ATCGGTTACCTAGTAA-1,0.000037,0.423479,0.576483
ATCGTATTCCGAGAAC-1,0.071998,0.206607,0.721395
ATCGTCCAATCGAGTC-1,0.000154,0.042861,0.956984
ATCGTTAGCTAGCGGA-1,0.004628,0.713192,0.28218
ATCGTTCACTTTCGCC-1,0.00006,0.112815,0.887125
ATCTAATATCCTACGG-1,0.000011,0.971284,0.028706
ATCTCATAAACCTACC-1,0.000017,0.510103,0.48988
