Barcode,Topic 1,Topic 2to8,Topic 9,Topic 10to12
AAACAAGTATCTCCCA-1,0.000011,0.963122,0.01181,0.025057
AAACAATCTACTAGCA-1,0.000033,0.000229,0.641923,0.357816
AAACACCAATAACTGC-1,0.00001,0.926584,0.00629,0.067116
AAACAGAGCGACTCCT-1,0.000108,0.000759,0.000108,0.999025
AAACAGCTTTCAGAAG-1,0.000009,0.910533,0.016128,0.07333
AAACAGGGTCTATATT-1,0.000011,0.806425,0.013914,0.17965
AAACATTTCCCGGATT-1,0.000013,0.875599,0.024943,0.099445
AAACCACTACACAGAT-1,0.000106,0.324025,0.111862,0.564007
AAACCCGAACGAAATC-1,0.000011,0.931276,0.024937,0.043776
AAACCGGAAATGTTAA-1,0.053194,0.44753,0.030984,0.468292
AAACCGGGTAGGTACC-1,0.00002,0.810549,0.015195,0.174236
AAACCGTTCGTCCAGG-1,0.000021,0.518884,0.067564,0.413532
AAACCTAAGCAGCCGG-1,0.000016,0.507323,0.026705,0.465955
AAACCTCATGAAGTTG-1,0.00001,0.92787,0.015237,0.056883
AAACGAAGAACATACC-1,0.000011,0.330517,0.66944,0.000033
AAACGACAGTCTTGCC-1,0.000163,0.052121,0.000163,0.947552
AAACGAGACGGTTGAT-1,0.334898,0.525903,0.008228,0.130972
AAACGCCCGAGATCGG-1,0.000185,0.001293,0.000185,0.998337
AAACGGGTTGGTATCC-1,0.000074,0.000519,0.861028,0.138379
AAACGTGTTCGCCCTA-1,0.019578,0.440945,0.000078,0.539399
AAACTAACGTGGCGAC-1,0.000152,0.478602,0.000152,0.521095
AAACTCGGTTCGCAAT-1,0.000017,0.61656,0.026847,0.356575
AAACTCGTGATATAAG-1,0.03674,0.524584,0.016036,0.422641
AAACTGCTGGCTCCAA-1,0.006403,0.391798,0.009876,0.591924
AAACTTGCAAACGTAT-1,0.000007,0.92341,0.014074,0.062509
AAAGACATGAAGTTTA-1,0.000017,0.320407,0.617887,0.061688
AAAGACCCAAGTCGCG-1,0.000033,0.024794,0.460466,0.514707
AAAGACTGGGCGCTTT-1,0.065221,0.65591,0.0167,0.262169
AAAGCTTGCCTACATA-1,0.021913,0.000394,0.073474,0.904219
AAAGGCTACGGACCAT-1,0.000015,0.735242,0.042464,0.222279
AAAGGCTCTCGCGCCG-1,0.000015,0.796926,0.046788,0.156271
AAAGGGATGTAGCAAG-1,0.000066,0.000464,0.265781,0.733689
AAAGGGCAGCTTGAAT-1,0.000047,0.141277,0.023261,0.835415
AAAGGTAAGCTGTACC-1,0.000075,0.403144,0.000075,0.596705
AAAGGTCAACGACATG-1,0.000014,0.613527,0.386416,0.000043
AAAGTAGCATTGCTCA-1,0.000022,0.494625,0.008371,0.496982
AAAGTCACTGATGTAA-1,0.000038,0.19639,0.333844,0.469727
AAAGTCGACCCTCAGT-1,0.002482,0.951504,0.038478,0.007536
AAAGTGTGATTTATCT-1,0.000022,0.769198,0.00176,0.22902
AAAGTTGACTCCCGTA-1,0.00003,0.452401,0.032531,0.515037
AAATAACCATACGGGA-1,0.00006,0.029466,0.00006,0.970413
AAATAAGGTAGTGCCC-1,0.014261,0.634816,0.049888,0.301035
AAATACCTATAAGCAT-1,0.000021,0.758727,0.009669,0.231583
AAATAGCTTAGACTTT-1,0.028387,0.414544,0.037494,0.519575
AAATAGGGTGCTATTG-1,0.000023,0.663338,0.013494,0.323145
AAATCACTCCTAAACG-1,0.000156,0.284863,0.003389,0.711592
AAATCCGATACACGCC-1,0.000009,0.683127,0.061937,0.254928
AAATCGTGTACCACAA-1,0.000028,0.676303,0.035508,0.288161
AAATCTAGCCCTGCTA-1,0.000011,0.897387,0.024933,0.077668
AAATGATTCGATCAGC-1,0.000138,0.206091,0.000138,0.793634
AAATGCTCGTTACGTT-1,0.00005,0.000353,0.759862,0.239735
AAATGGCATGTCTTGT-1,0.000035,0.453248,0.15932,0.387396
AAATGGCCCGTGCCCT-1,0.025708,0.772051,0.038472,0.163769
AAATGGTCAATGTGCC-1,0.000047,0.000326,0.047365,0.952262
AAATGTATCTTATCCC-1,0.244111,0.119817,0.000077,0.635995
AAATGTGGGTGCTCCT-1,0.000037,0.000257,0.611403,0.388303
AAATTAACGGGTAGCT-1,0.000086,0.0006,0.000086,0.999229
AAATTAATAAGCGCGA-1,0.010103,0.399538,0.031575,0.558784
AAATTACACGACTCTG-1,0.00005,0.131695,0.256831,0.611424
AAATTACCTATCGATG-1,0.048703,0.050693,0.000046,0.900557
AAATTCCAGGTCCAAA-1,0.002857,0.771501,0.046301,0.179341
AAATTGATAGTCCTTT-1,0.000021,0.694697,0.031727,0.273555
AAATTGCGGCGGTTCT-1,0.000098,0.000687,0.278286,0.720928
AAATTGGTGAGAAGCA-1,0.000027,0.93081,0.000027,0.069135
AAATTTACCGAAATCC-1,0.000039,0.092612,0.085665,0.821683
AAATTTGCGGGTGTGG-1,0.000024,0.620221,0.002551,0.377204
AACAACTGGTAGTTGC-1,0.000082,0.000577,0.080198,0.919142
AACAATACATTGTCGA-1,0.00001,0.867627,0.023705,0.108659
AACAATTACTCTACGC-1,0.000045,0.350339,0.017358,0.632258
AACACACGCTCGCCGC-1,0.000012,0.928726,0.011367,0.059896
AACACGACTGTACTGA-1,0.000022,0.329485,0.510527,0.159965
AACACGAGACGCGGCC-1,0.00002,0.544562,0.011028,0.444391
AACACGCGGCCGCGAA-1,0.000028,0.001478,0.663189,0.335305
AACAGCTGTGTGGCAA-1,0.000014,0.62546,0.02071,0.353816
AACAGGAAATCGAATA-1,0.000024,0.233641,0.674976,0.091359
AACAGGATGGGCCGCG-1,0.000038,0.444316,0.085127,0.470519
AACAGGTAGTATGGAT-1,0.000021,0.696628,0.01106,0.292291
AACATATCAACTGGTG-1,0.100813,0.00031,0.000044,0.898833
AACATCGATACGTCTA-1,0.000101,0.329924,0.000101,0.669875
AACATTGTGACTCGAG-1,0.000007,0.953815,0.022012,0.024166
AACCAAGACTTCTCTG-1,0.000024,0.452256,0.008095,0.539626
AACCAGTATCACTCTT-1,0.000069,0.235276,0.391562,0.373093
AACCATGGGATCGCTA-1,0.000056,0.00039,0.743312,0.256242
AACCCAGAGACGGAGA-1,0.000032,0.000227,0.789608,0.210133
AACCCATCCCATGATC-1,0.000011,0.913911,0.003399,0.082679
AACCCGAGCAGAATCG-1,0.012536,0.928341,0.01648,0.042642
AACCCGATAGGGCTTC-1,0.000041,0.492226,0.021522,0.486211
AACCCTACTGTCAATA-1,0.000028,0.562009,0.034944,0.403019
AACCCTGGTGGAACCA-1,0.000025,0.035777,0.438829,0.525368
AACCGAGCTTGGTCAT-1,0.009528,0.077119,0.290441,0.622912
AACCGCTAAGGGATGC-1,0.000018,0.730904,0.002217,0.266862
AACCGTTGTGTTTGCT-1,0.000069,0.000481,0.604666,0.394784
AACCTAAAGCCGTCCG-1,0.00002,0.123851,0.644178,0.23195
AACCTCGCTTTAGCCC-1,0.000022,0.606974,0.024784,0.36822
AACCTGTCACGGAATT-1,0.001791,0.843529,0.031386,0.123294
AACCTTTAAATACGGT-1,0.000025,0.517219,0.097356,0.3854
AACCTTTACGACGTCT-1,0.019814,0.000716,0.000102,0.979368
AACGATAATGCCGTAG-1,0.00002,0.67109,0.004223,0.324666
AACGATAGAAGGGCCG-1,0.000054,0.159418,0.198244,0.642283
AACGATATGTCAACTG-1,0.019987,0.405245,0.025957,0.548811
AACGCATGATCTGGGT-1,0.000055,0.453709,0.000055,0.546181
AACGCGAACGGCAACA-1,0.000019,0.144039,0.536701,0.319242
AACGCGGTCTCCAGCC-1,0.009428,0.00039,0.362918,0.627265
AACGCTGTTGCTGAAA-1,0.000023,0.615773,0.022567,0.361637
AACGGACGTACGTATA-1,0.000021,0.555355,0.005253,0.439371
AACGGCCATCTCCGGT-1,0.000031,0.239131,0.028673,0.732165
AACGTACTGTGGGTAC-1,0.000037,0.422145,0.050986,0.526832
AACGTAGTCTACCCAT-1,0.000038,0.000267,0.780664,0.219031
AACGTCAGACTAGTGG-1,0.000039,0.261655,0.664308,0.073997
AACGTGATGAAGGACA-1,0.000051,0.08653,0.248023,0.665396
AACGTGCGAAAGTCTC-1,0.082546,0.553944,0.040146,0.323365
AACGTTATCAGCACCT-1,0.019007,0.000423,0.024314,0.956256
AACTACCCGTTTGTCA-1,0.000026,0.496015,0.041174,0.462784
AACTAGCGTATCGCAC-1,0.000047,0.006882,0.432043,0.561028
AACTAGGCTTGGGTGT-1,0.000042,0.281156,0.02206,0.696742
AACTCAAGTTAATTGC-1,0.000026,0.498499,0.000268,0.501207
AACTCCAGAGCGTGTT-1,0.00001,0.991596,0.00379,0.004603
AACTCCTAATCCCATG-1,0.000044,0.170823,0.000044,0.82909
AACTCGATGGCGCAGT-1,0.000044,0.000311,0.732542,0.267103
AACTCTCAATAGAGCG-1,0.073851,0.44823,0.087206,0.390713
AACTCTCAGTGTGCTC-1,0.000021,0.678371,0.034964,0.286644
AACTGAGGTCAGCGTC-1,0.000311,0.285688,0.000311,0.71369
AACTGAGTTATACTGA-1,0.000009,0.999151,0.000724,0.000117
AACTGATATTAGGCCT-1,0.000034,0.120841,0.816466,0.062659
AACTGGGTCCCGACGT-1,0.004648,0.376157,0.608299,0.010896
AACTGGGTTCGAGCCG-1,0.000018,0.335834,0.658248,0.0059
AACTGGTGTGGGCCTT-1,0.000016,0.605631,0.056429,0.337923
AACTTCTGCGTCTATC-1,0.000071,0.000499,0.36099,0.638441
AACTTGCCCGTATGCA-1,0.002952,0.714098,0.007493,0.275458
AACTTGCGTTCTCGCG-1,0.000024,0.232704,0.764296,0.002976
AACTTTACGGGAGCTT-1,0.00722,0.596349,0.027219,0.369212
AACTTTAGCTGCTGAG-1,0.000051,0.000359,0.592714,0.406875
AACTTTCTCGATCATG-1,0.000113,0.182035,0.000113,0.817739
AAGAAATCACCAGATT-1,0.000294,0.550358,0.000294,0.449054
AAGAAGGATCAGTTAG-1,0.000041,0.000285,0.891572,0.108102
AAGACCCAACTGAACA-1,0.000016,0.544608,0.042924,0.412452
AAGACTAACCCGTTGT-1,0.000014,0.00973,0.924304,0.065951
AAGACTCACGCCCACT-1,0.000031,0.160207,0.459844,0.379919
AAGACTGCAAGCTACT-1,0.05509,0.439968,0.024917,0.480025
AAGAGATGAATCGGTA-1,0.000042,0.24439,0.063456,0.692111
AAGAGCTCTTTATCGG-1,0.38594,0.338033,0.02984,0.246187
AAGAGGATGTACGCGA-1,0.000015,0.860179,0.001464,0.138342
AAGAGGCATGGATCGC-1,0.053575,0.890889,0.022015,0.033521
AAGAGGCCCTTTGGAA-1,0.016273,0.710834,0.034559,0.238334
AAGATGGCACCGGACC-1,0.000015,0.645774,0.058372,0.295839
AAGATTGGCGGAACGT-1,0.04206,0.107208,0.081987,0.768745
AAGCACCCTGCGTATC-1,0.000021,0.49686,0.062993,0.440126
AAGCATACTCTCCTGA-1,0.005249,0.752659,0.034462,0.20763
AAGCCGAAGCGGTTTA-1,0.000012,0.937987,0.04478,0.017221
AAGCCGCTTTACCTTG-1,0.000147,0.709846,0.000147,0.28986
AAGCGGAGTGCGCGCA-1,0.007399,0.759151,0.000057,0.233392
AAGCGGCGTCATGGGT-1,0.000076,0.082573,0.055083,0.862268
AAGCGTCCCTCATCGA-1,0.00002,0.746399,0.056083,0.197498
AAGCTAGATCGAGTAA-1,0.000014,0.731253,0.048874,0.219859
AAGCTCGTGCCAAGTC-1,0.217386,0.528784,0.048994,0.204836
AAGCTCTTTCATGGTG-1,0.000033,0.571685,0.024032,0.40425
AAGGAGAACTTATAAG-1,0.000017,0.200321,0.776448,0.023215
AAGGAGCGGTTGGTGC-1,0.000079,0.000555,0.000079,0.999287
AAGGATCGATCGCTTG-1,0.003737,0.861072,0.029805,0.105385
AAGGATGAGGGACCTC-1,0.048048,0.6621,0.007546,0.282306
AAGGCAGGCTGTCTCC-1,0.00002,0.761181,0.019489,0.21931
AAGGCGCGTAAAGCTT-1,0.000072,0.01951,0.328866,0.651552
AAGGCTGTGCTCATCG-1,0.000051,0.000359,0.025322,0.974268
AAGGGACAGATTCTGT-1,0.054536,0.000426,0.074893,0.870145
AAGGGACTATGCATTC-1,0.000009,0.769039,0.01245,0.218502
AAGGTATCCTAATATA-1,0.022924,0.242632,0.000073,0.734372
AAGGTGATAAACCAGC-1,0.000014,0.924196,0.025521,0.050269
AAGTAAGCTTCCAAAC-1,0.000027,0.001303,0.689755,0.308915
AAGTAGAAGACCGGGT-1,0.000041,0.001229,0.601128,0.397602
AAGTAGTGACGCGAGG-1,0.000046,0.156505,0.036227,0.807222
AAGTCAATTGTCGTCA-1,0.000016,0.88715,0.005365,0.10747
AAGTCTAGTAGCTGCC-1,0.052813,0.375915,0.000132,0.57114
AAGTCTTCTGTGGCCT-1,0.000017,0.751084,0.000017,0.248881
AAGTGACGACCGAATT-1,0.000021,0.659436,0.006759,0.333784
AAGTGAGTCGGGTTTA-1,0.000014,0.888255,0.030697,0.081034
AAGTGCAAAGGTAGAC-1,0.084887,0.438492,0.000029,0.476592
AAGTGCCTTGACTGTA-1,0.000028,0.628168,0.006761,0.365044
AAGTGCGTTAGAATCT-1,0.006426,0.793878,0.016438,0.183257
AAGTGTTTGGAGACGG-1,0.000031,0.604485,0.005354,0.390129
AAGTTCACTCCAAGCT-1,0.000019,0.801002,0.002392,0.196588
AAGTTCAGTCTGCGTA-1,0.000028,0.773706,0.000028,0.226239
AAGTTCGGCCAACAGG-1,0.002421,0.649858,0.00002,0.347701
AAGTTTACTAATGGCA-1,0.000021,0.140422,0.831337,0.028219
AAGTTTATGGGCCCAA-1,0.000038,0.595653,0.034177,0.370132
AATAACAACGCTCGGC-1,0.000013,0.777255,0.040786,0.181945
AATAACACTAGAACAA-1,0.000016,0.572656,0.008395,0.418933
AATAAGTCCTCGAGAC-1,0.000016,0.19742,0.750535,0.052029
AATAATCTTCGTATCG-1,0.010467,0.706351,0.009286,0.273897
AATACAATGTTTCAGG-1,0.000067,0.005922,0.037696,0.956315
AATAGAACAGAGTGGC-1,0.000025,0.518624,0.052614,0.428738
AATAGAATCTGTTTCA-1,0.000024,0.658111,0.017289,0.324575
AATAGCAAGCCTCCTG-1,0.000178,0.001244,0.000178,0.998401
AATAGCTACCGCGTGC-1,0.005378,0.96639,0.000027,0.028205
AATAGTCCGTCCCGAC-1,0.00002,0.761422,0.062039,0.176519
AATAGTCGCGAGTCGG-1,0.225598,0.23516,0.002643,0.536599
AATATCAAGGTCGGAT-1,0.000057,0.000397,0.476024,0.523522
AATATCCTAGCAAACT-1,0.000007,0.999964,0.000007,0.000021
AATATCGAATCAATGC-1,0.000013,0.886593,0.006144,0.10725
AATATCGAGGGTTCTC-1,0.154323,0.000483,0.000469,0.844725
AATATTGGAGTATTGA-1,0.000015,0.935936,0.000626,0.063423
AATCAGACTGCAGGAC-1,0.000057,0.000397,0.278349,0.721198
AATCATGTAAAGACTC-1,0.000019,0.461128,0.040317,0.498536
AATCCAAGGGCCTGAG-1,0.000053,0.000369,0.341653,0.657925
AATCCATGCAAGGGTG-1,0.000062,0.000432,0.662587,0.336919
AATCGCCTCAGCGCCA-1,0.000043,0.313257,0.007178,0.679521
AATCGCGCAGAGGACT-1,0.00002,0.72549,0.039717,0.234773
AATCGGGACACTACGA-1,0.000016,0.304564,0.695373,0.000048
AATCTAGGTTTACTTG-1,0.008295,0.824194,0.016906,0.150605
AATCTATGCCGGAGCC-1,0.053863,0.000365,0.00672,0.939051
AATCTCTACTGTGGTT-1,0.000019,0.74433,0.005875,0.249775
AATCTGCGTTGGGACG-1,0.229545,0.558057,0.012386,0.200012
AATCTGGCTTTCTAGT-1,0.015747,0.953905,0.006015,0.024333
AATCTGGGTAGACCCT-1,0.000029,0.449557,0.445113,0.105301
AATGACAGCAATGTCT-1,0.005018,0.727385,0.031803,0.235793
AATGACGTAGGATGTC-1,0.000038,0.179707,0.006487,0.813767
AATGACTGTCAGCCGG-1,0.000033,0.143046,0.690123,0.166798
AATGAGTTCGCATATG-1,0.000039,0.00027,0.838621,0.16107
AATGATGATACGCTAT-1,0.000043,0.356093,0.015365,0.628498
AATGATGCGACTCCTG-1,0.011745,0.000567,0.006028,0.981659
AATGCAACCGGGTACC-1,0.000055,0.003642,0.361753,0.634551
AATGCACCAAGCAATG-1,0.000081,0.181412,0.000191,0.818316
AATGGCCGCCAATGCG-1,0.000022,0.2845,0.572531,0.142947
AATGGTCCACCGTTCA-1,0.057116,0.637166,0.039861,0.265856
AATGGTTCTCACAAGC-1,0.000064,0.00045,0.725037,0.274448
AATGTGCCCGAGGTGT-1,0.000025,0.545837,0.006222,0.447916
AATGTGCTAATCTGAG-1,0.000011,0.858458,0.03588,0.105651
AATTAAAGGTCGGCGT-1,0.000051,0.12693,0.043666,0.829353
AATTAACGGATTTCCA-1,0.000008,0.995442,0.002193,0.002357
AATTAGCGCTGCAGCG-1,0.000015,0.854391,0.038143,0.107451
AATTCATAAGGGATCT-1,0.010803,0.67515,0.000103,0.313944
AATTCGATTCGAGGAT-1,0.000041,0.586888,0.019781,0.39329
AATTCTAGAGTTAGGC-1,0.000021,0.697138,0.048243,0.254598
AATTGAACGCTCTGGT-1,0.000044,0.396139,0.027449,0.576368
AATTGCAGCAATCGAC-1,0.000025,0.289261,0.021144,0.689571
AATTTGGGACATAGTA-1,0.00005,0.620281,0.003328,0.376342
AATTTGGTTCCAAAGA-1,0.000037,0.123245,0.252664,0.624053
ACAAACCGACAAGGCG-1,0.000028,0.057927,0.594329,0.347716
ACAAAGAAGGTAGGCC-1,0.000004,0.999982,0.000004,0.000011
ACAAAGCATGACCTAG-1,0.010046,0.822547,0.009642,0.157765
ACAAATCGCACCGAAT-1,0.000019,0.847544,0.005793,0.146643
ACAAATGGTAGTGTTT-1,0.000045,0.351776,0.004762,0.643417
ACAAATTCAGATCTGA-1,0.000131,0.000919,0.000131,0.998819
ACAACAGCATGAGCTA-1,0.907867,0.01403,0.010482,0.067621
ACAACGGTCCCTGCGA-1,0.000062,0.000432,0.46797,0.531537
ACAAGCAGTGCCTAGC-1,0.006599,0.640987,0.019833,0.332581
ACAAGCTATATGGAAG-1,0.000023,0.758136,0.000023,0.241817
ACAAGGAAATCCGCCC-1,0.00003,0.187886,0.030801,0.781283
ACAAGGACAAGAGGTT-1,0.000026,0.656976,0.000026,0.342972
ACAAGGATGCTTTAGG-1,0.00002,0.516001,0.018938,0.465041
ACAAGGCCTACCAGCC-1,0.000109,0.03264,0.000109,0.967141
ACAAGGGCAGGCTCTG-1,0.000012,0.900424,0.017683,0.081881
ACAATAGTCGTACGTT-1,0.000027,0.48446,0.05691,0.458602
ACAATCCATTTAAACC-1,0.004851,0.279666,0.036441,0.679043
ACAATCGATCTTTATA-1,0.000017,0.235021,0.709415,0.055547
ACAATGAATACGGAGA-1,0.000014,0.87149,0.032526,0.09597
ACAATGATTCTTCTAC-1,0.000308,0.125607,0.000308,0.873778
ACAATTGTGTCTCTTT-1,0.000024,0.642643,0.030581,0.326753
ACAATTTAGGAGGCTC-1,0.000016,0.72881,0.104066,0.167108
ACAATTTGAGCAGTGG-1,0.126363,0.00056,0.036219,0.836858
ACAATTTGGCCATATT-1,0.005991,0.59961,0.014003,0.380396
ACACAAAGACGGGTGG-1,0.000041,0.01109,0.755368,0.233501
ACACAAATATTCCTAG-1,0.000077,0.66756,0.029433,0.30293
ACACACCAGGACCAGT-1,0.000025,0.556864,0.024616,0.418496
ACACACTTTCTACACG-1,0.000053,0.100897,0.202922,0.696127
ACACCACATAATTAGC-1,0.01572,0.727465,0.044928,0.211887
ACACCCAGCATGCAGC-1,0.000027,0.2634,0.720818,0.015755
ACACCCGAGAAATCCG-1,0.000032,0.007504,0.753992,0.238472
ACACCCGTAAATCTGT-1,0.001791,0.374113,0.562262,0.061833
ACACCGAGCGCTCTTT-1,0.000096,0.000674,0.245625,0.753605
ACACCTTAAGTAGGGC-1,0.000085,0.075035,0.334803,0.590077
ACACCTTACTACTTGC-1,0.000035,0.560685,0.044121,0.395158
ACACGAGACTCCTTCT-1,0.765863,0.234095,0.000011,0.000032
ACACGGCACTATGCAT-1,0.000034,0.000236,0.657546,0.342184
ACACGGGAACTTAGGG-1,0.069112,0.000638,0.055234,0.875016
ACACGTAGGCCACAAG-1,0.004658,0.985768,0.001758,0.007815
ACACTCCAATGTCACT-1,0.000061,0.000427,0.457818,0.541694
ACACTGATCAAGGTGT-1,0.000024,0.468412,0.053787,0.477777
ACACTGGGACAGTCGT-1,0.021267,0.891916,0.016975,0.069842
ACAGAACTGAGAACAA-1,0.000018,0.544371,0.010291,0.44532
ACAGATTAGGTTAGTG-1,0.000017,0.308583,0.691351,0.00005
ACAGCATAGAGCCAGT-1,0.000025,0.134024,0.672663,0.193288
ACAGCGACATTCTCAT-1,0.000032,0.415578,0.024218,0.560171
ACAGCGCACCCGCAGC-1,0.000034,0.105633,0.403997,0.490336
ACAGGCTTGCCCGACT-1,0.000017,0.919644,0.056587,0.023752
ACAGGTGGAGGTGAGG-1,0.000016,0.678668,0.008246,0.31307
ACAGGTGTGTTGTTGC-1,0.000427,0.768584,0.000427,0.230561
ACAGTAATACAACTTG-1,0.000014,0.828885,0.017399,0.153701
ACAGTATACCGTGGGA-1,0.000228,0.082393,0.000228,0.91715
ACAGTGCAGCGCATTT-1,0.000066,0.536028,0.446636,0.01727
ACATAATAAGGCGGTG-1,0.000042,0.000296,0.657136,0.342527
ACATCAGCTGGGACGC-1,0.000025,0.685851,0.016603,0.29752
ACATCCCGGCCATACG-1,0.000028,0.499804,0.038657,0.461511
ACATCCTGGTAACTGT-1,0.000019,0.935184,0.005629,0.059168
ACATCGATCGTTTACC-1,0.007736,0.450564,0.001694,0.540006
ACATCGGTCAGCCGCG-1,0.000041,0.295424,0.000041,0.704494
ACATCGTATGCAATGG-1,0.000033,0.583716,0.03888,0.377371
ACATCGTTAACCTAGT-1,0.000018,0.337552,0.602314,0.060116
ACATCTCAACGCGTAA-1,0.000017,0.281616,0.717093,0.001274
ACATGGCGCCAAAGTA-1,0.000022,0.692781,0.052201,0.254996
ACATTAGTTTATATCC-1,0.000036,0.401971,0.043045,0.554948
ACCAAACACCCAGCGA-1,0.000111,0.310728,0.000111,0.689051
ACCAAACTAGAAATCC-1,0.000014,0.186941,0.805804,0.007241
ACCAACACCACACACT-1,0.000082,0.271844,0.007092,0.720982
ACCAACGCTTATTTAT-1,0.000015,0.754607,0.000482,0.244896
ACCAAGAACGCGTGTC-1,0.000034,0.50355,0.120001,0.376415
ACCAATATGCAAGTTA-1,0.000016,0.731411,0.043775,0.224797
ACCACAACTCAGAACA-1,0.00002,0.149348,0.791624,0.059009
ACCACAAGTTTCTATC-1,0.000067,0.142162,0.000067,0.857704
ACCACCAATGTAACAA-1,0.000018,0.662399,0.049127,0.288456
ACCACCCTCTCTTCTA-1,0.014688,0.258409,0.028573,0.69833
ACCACGTGCAGCTATA-1,0.000032,0.569164,0.031937,0.398867
ACCAGACCATAACAAC-1,0.000008,0.858324,0.000008,0.14166
ACCAGCCCGGTCTTTG-1,0.000038,0.022268,0.67062,0.307074
ACCAGGAGTGTGATCT-1,0.000062,0.010999,0.642743,0.346196
ACCAGTGCCCGGTCAA-1,0.000167,0.001171,0.000167,0.998494
ACCAGTGCGGGAGACG-1,0.003824,0.570755,0.038772,0.386649
ACCATATCCGCAATAA-1,0.013618,0.189801,0.026974,0.769607
ACCATCCGCCAACTAG-1,0.000014,0.903834,0.008031,0.088121
ACCATCGTATATGGTA-1,0.000048,0.399499,0.079385,0.521068
ACCCAACGCCCGTGGC-1,0.657398,0.074642,0.000019,0.267941
ACCCACCTACATGCTC-1,0.008804,0.16447,0.035607,0.791119
ACCCATCTTGAGGGTA-1,0.00004,0.187294,0.001791,0.810875
ACCCATTTGTCCCTCT-1,0.000024,0.687014,0.015383,0.29758
ACCCGAGCGAAATTAC-1,0.000016,0.803834,0.011942,0.184208
ACCCGGAAACTCCCAG-1,0.000019,0.573454,0.042962,0.383565
ACCCGGAGCACCACAA-1,0.642129,0.312081,0.011784,0.034005
ACCCGGATGACGCATC-1,0.004895,0.691262,0.039943,0.263901
ACCCGGTTACACTTCC-1,0.004712,0.523105,0.03813,0.434052
ACCCGTGTCATCAGTA-1,0.00002,0.741214,0.062714,0.196052
ACCCTATAGGACTGAG-1,0.00004,0.000283,0.748774,0.250902
ACCCTATGCCATATCG-1,0.000025,0.73629,0.067342,0.196343
ACCCTCCCTTGCTATT-1,0.000011,0.99976,0.000011,0.000218
ACCCTGGTAACGCCCT-1,0.000209,0.223563,0.000209,0.776019
ACCCTTCATCTGCGAA-1,0.000052,0.027751,0.185525,0.786673
ACCCTTGCCTGGGTCG-1,0.000146,0.518479,0.000146,0.481229
ACCCTTTAGTTCTCCA-1,0.000028,0.145139,0.657837,0.196996
ACCGAAAGGGCCCTGC-1,0.000016,0.284329,0.64724,0.068415
ACCGAAGAGTCTGGTT-1,0.000013,0.916229,0.024238,0.05952
ACCGACACATCTCCCA-1,0.00002,0.508837,0.064554,0.426588
ACCGACTGAGTCCCAC-1,0.133722,0.012616,0.040289,0.813373
ACCGATAGGCATAACC-1,0.128928,0.661957,0.027165,0.18195
ACCGATATTTAATCAT-1,0.028695,0.87351,0.004937,0.092858
ACCGATGGTAGCATCG-1,0.046393,0.742218,0.001186,0.210204
ACCGCAATAACTGCCT-1,0.000024,0.714864,0.044043,0.241069
ACCGCGGTGGAAGTCG-1,0.000015,0.9373,0.006498,0.056187
ACCGGGCCTTTGTTGA-1,0.000024,0.364592,0.019796,0.615589
ACCGGTCAGGTACACC-1,0.000015,0.779801,0.013543,0.206641
ACCGGTCTGAGTACGG-1,0.00007,0.272862,0.155977,0.57109
ACCGTGACCACGTGGG-1,0.000009,0.945756,0.018383,0.035852
ACCGTTCCCGCTCTGA-1,0.002431,0.16379,0.688041,0.145738
ACCTAAGTACCTTTCA-1,0.000015,0.807216,0.010833,0.181936
ACCTAATCGACTTCCT-1,0.003518,0.365961,0.021367,0.609154
ACCTACAGTATGTGGT-1,0.000016,0.988088,0.009337,0.002559
ACCTCCGCCCTCGCTG-1,0.000018,0.892799,0.019284,0.087899
ACCTCCGTTATTCACC-1,0.011085,0.858797,0.013338,0.116781
ACCTGCGTGTCATGTT-1,0.001988,0.7865,0.002589,0.208923
ACCTTTCCTTTAGAAG-1,0.000017,0.178153,0.821442,0.000388
ACGACCCATGAGTTGC-1,0.718436,0.264888,0.001507,0.015169
ACGACTGGTCATACTC-1,0.000005,0.956054,0.014007,0.029934
ACGAGAACCCATCACG-1,0.000039,0.00027,0.593292,0.4064
ACGAGATATTTGCTTA-1,0.000024,0.475258,0.340438,0.18428
ACGAGGATACCACTCT-1,0.018352,0.971671,0.005203,0.004773
ACGAGGTTTACAACGT-1,0.000018,0.904581,0.003543,0.091858
ACGAGTACGGATGCCC-1,0.234252,0.089133,0.00004,0.676576
ACGATACATAGAACTA-1,0.010365,0.9029,0.012956,0.073779
ACGATACCTATCCTGA-1,0.009623,0.410511,0.000037,0.57983
ACGATCATACATAGAG-1,0.018392,0.000642,0.339695,0.641271
ACGATCATCTTGTAAA-1,0.010057,0.952186,0.013914,0.023843
ACGATGCATATGTTAT-1,0.000028,0.534501,0.011625,0.453846
ACGATGGATCCGATGC-1,0.000047,0.007581,0.401935,0.590437
ACGCAAACTAATAGAT-1,0.000009,0.967908,0.007616,0.024467
ACGCAATCACTACAGC-1,0.059719,0.063355,0.000146,0.87678
ACGCATAAATGACATG-1,0.000063,0.569289,0.002236,0.428412
ACGCATACGTTTACTA-1,0.000015,0.959502,0.027435,0.013048
ACGCATTCGTGAGTAC-1,0.053208,0.001568,0.040992,0.904232
ACGCCAGATGATTTCT-1,0.000062,0.081553,0.241722,0.676663
ACGCCCAGCTGTCGAT-1,0.000028,0.025346,0.620312,0.354314
ACGCCGCTAGACGACC-1,0.000028,0.301601,0.002368,0.696004
ACGCGAAGTCAGACGA-1,0.003992,0.329219,0.013324,0.653465
ACGCGCTACACAGGGT-1,0.000015,0.924769,0.004543,0.070673
ACGCGGGCCAAGGACA-1,0.027818,0.135441,0.000044,0.836697
ACGCGTTTCTTAAGAG-1,0.102409,0.526403,0.008467,0.362722
ACGCTAGTATCAGTGC-1,0.002529,0.38022,0.410308,0.206943
ACGCTAGTGATACACT-1,0.283175,0.000331,0.040524,0.67597
ACGCTGTGAGGCGTAG-1,0.000007,0.977131,0.000007,0.022856
ACGCTTAGTGTCTCTC-1,0.000033,0.145201,0.675302,0.179465
ACGGAATTTAGCAAAT-1,0.000041,0.000285,0.854186,0.145488
ACGGACTCTCAAAGCG-1,0.000018,0.544545,0.044253,0.411184
ACGGAGCGCAAATTAC-1,0.000135,0.333854,0.012276,0.653734
ACGGATGGTGCGGATA-1,0.00003,0.461296,0.051563,0.48711
ACGGCACTTGCTTGGG-1,0.000044,0.123445,0.000044,0.876466
ACGGCCAACATGGACT-1,0.000018,0.587987,0.069928,0.342067
ACGGCGACGATGGGAA-1,0.000027,0.378409,0.029011,0.592552
ACGGCGGGTTGCCCTG-1,0.000032,0.002007,0.866111,0.13185
ACGGGAGTGTCGGCCC-1,0.00001,0.985469,0.00001,0.01451
ACGGGCGTATGCGACA-1,0.038432,0.196958,0.000057,0.764553
ACGGGTCATGTGACTT-1,0.00006,0.001768,0.54858,0.449592
ACGTACAGATTTCTCT-1,0.000053,0.280755,0.407103,0.312088
ACGTAGATTGCTGATG-1,0.906047,0.053275,0.002472,0.038207
ACGTATTACTCCGATC-1,0.004642,0.694527,0.016627,0.284205
ACGTCCTAAACGAGAT-1,0.000019,0.112175,0.808443,0.079364
ACGTCTCGTTCCGGGA-1,0.000008,0.963206,0.000369,0.036417
ACGTGACAAAGTAAGT-1,0.000005,0.999557,0.000005,0.000432
ACGTGCGCCTCGTGCA-1,0.000056,0.000392,0.632325,0.367227
ACGTGGTCGAATGTGC-1,0.000021,0.122415,0.72886,0.148704
ACGTTAATGTCGAAGA-1,0.009305,0.38249,0.018997,0.589208
ACGTTAGATTTGCCCG-1,0.000042,0.572062,0.000042,0.427854
ACGTTATTGGTCACTC-1,0.000052,0.000366,0.618371,0.381211
ACGTTCCGCGCTCCGT-1,0.000022,0.124403,0.731832,0.143742
ACGTTCGCAATCAATT-1,0.000026,0.954081,0.011332,0.034561
ACGTTCGTTCAGGAAA-1,0.000036,0.617635,0.037368,0.344961
ACGTTTAGTTGTGATC-1,0.000046,0.319799,0.219913,0.460241
ACTAAGGACGCACACC-1,0.000123,0.314422,0.000123,0.685332
ACTAATACGTCAGGCG-1,0.000113,0.002578,0.080653,0.916656
ACTACCAGCTCTCTGG-1,0.016376,0.232492,0.437128,0.314005
ACTACGCGTTAGAATT-1,0.000012,0.83424,0.002948,0.162801
ACTAGTTGCGATCGTC-1,0.000018,0.803714,0.022835,0.173432
ACTATATGCTGTGTTC-1,0.004445,0.988586,0.00003,0.00694
ACTATCCAGGGCATGG-1,0.006139,0.697805,0.035538,0.260518
ACTATCTGCCCGCGTA-1,0.002467,0.85711,0.034785,0.105639
ACTATTCGTCCGTGGT-1,0.000041,0.024175,0.359639,0.616145
ACTATTTCCGGGCCCA-1,0.000027,0.362417,0.091041,0.546514
ACTCAACGAATGTATT-1,0.000034,0.000237,0.805995,0.193733
ACTCAAGTGCAAGGCT-1,0.000015,0.883495,0.029005,0.087485
ACTCAATAAAGGCACG-1,0.01513,0.000266,0.090264,0.894339
ACTCAGACCTGCTTCT-1,0.003645,0.000325,0.54844,0.44759
ACTCCAATATCATCAT-1,0.000006,0.858747,0.011866,0.129381
ACTCCCATTCCTAAAG-1,0.000011,0.87715,0.007211,0.115628
ACTCCCGAATTCGTTT-1,0.058023,0.729258,0.03273,0.179989
ACTCCCGTAGACTAGG-1,0.011045,0.808128,0.000126,0.180701
ACTCCCTAATGCTAAA-1,0.009686,0.52357,0.045638,0.421105
ACTCCCTAGAATAGTA-1,0.000022,0.406428,0.004312,0.589239
ACTCGATGTATTTCAT-1,0.000039,0.000273,0.266065,0.733623
ACTCGCGATCTGACGC-1,0.000025,0.909072,0.051681,0.039222
ACTCGTAACCCGTCCT-1,0.014808,0.798665,0.011694,0.174833
ACTCGTCAGTAATCCC-1,0.126853,0.403784,0.007732,0.461632
ACTCTAAACCTGGGAT-1,0.464626,0.023095,0.000028,0.512251
ACTCTCTGACTTAGGT-1,0.006221,0.361366,0.028652,0.60376
ACTCTCTTATACACGA-1,0.00005,0.009548,0.353414,0.636987
ACTCTTCAGCTCCCGC-1,0.00001,0.973733,0.019891,0.006366
ACTCTTGTATAGTAAC-1,0.10509,0.315937,0.035735,0.543238
ACTGAAACGCCGTTAG-1,0.000014,0.897329,0.020536,0.082122
ACTGAATGGCGAAAGT-1,0.000025,0.755673,0.040137,0.204165
ACTGATTTAGTGATTC-1,0.00289,0.189648,0.689876,0.117586
ACTGCCGTCGTAACTC-1,0.000036,0.101858,0.636284,0.261823
ACTGCGGACACACCGT-1,0.000028,0.656876,0.070378,0.272719
ACTGCTCGGAAGGATG-1,0.010327,0.890341,0.028713,0.070619
ACTGGCGAACCTGCGT-1,0.007308,0.650388,0.000066,0.342238
ACTGTACGATACACAT-1,0.430768,0.155692,0.000025,0.413515
ACTGTAGCACTTTGGA-1,0.000055,0.000386,0.024437,0.975123
ACTGTATACGCGAGCA-1,0.000041,0.00029,0.729426,0.270243
ACTGTCCAGGATTATA-1,0.000084,0.000585,0.079082,0.92025
ACTGTCTTCTTTAGAA-1,0.548763,0.045949,0.065261,0.340027
ACTGTGCTAGTAGATC-1,0.000065,0.000452,0.780993,0.21849
ACTGTTTAGTGTAGGC-1,0.000026,0.10349,0.574647,0.321837
ACTTACCGGGCGCGCA-1,0.005471,0.023975,0.000062,0.970492
ACTTACGCATCCACGC-1,0.000024,0.538926,0.040488,0.420562
ACTTAGTACGACAAGA-1,0.000049,0.00034,0.794003,0.205608
ACTTATACTTACCCGG-1,0.078614,0.61453,0.000024,0.306832
ACTTATCTGATCTATA-1,0.000031,0.000217,0.678272,0.321481
ACTTATTAGGATCGGT-1,0.000059,0.138306,0.029879,0.831756
ACTTATTTATGTGCCA-1,0.000032,0.218271,0.0261,0.755597
ACTTCAGGCTGATCCC-1,0.000031,0.537398,0.013235,0.449336
ACTTCCATGCGGGACA-1,0.000016,0.765265,0.015308,0.219411
ACTTCCTGTCGTGCGA-1,0.000131,0.786326,0.132777,0.080767
ACTTCGCCATACGCAC-1,0.064474,0.000489,0.074604,0.860433
ACTTCGCTAGCGAGTG-1,0.000012,0.977928,0.011324,0.010736
ACTTGACTCCCTCTTT-1,0.010288,0.347724,0.027024,0.614963
ACTTGCCATATTGTAC-1,0.000034,0.080126,0.737191,0.182649
ACTTGGGACCCGGTGG-1,0.000068,0.000477,0.050835,0.94862
ACTTGTAGTCCCTTCA-1,0.000007,0.98854,0.004165,0.007288
ACTTGTGGATGGAACG-1,0.000022,0.754488,0.013028,0.232462
ACTTTACCCTCATGAA-1,0.035344,0.557759,0.029474,0.377424
ACTTTCCTATAGCTTC-1,0.01206,0.000771,0.092519,0.89465
ACTTTGACTGCATCCT-1,0.000022,0.788409,0.000022,0.211547
ACTTTGTCGACGCACT-1,0.036079,0.922651,0.031555,0.009715
AGAAATTATGACTCGC-1,0.004216,0.745965,0.035382,0.214437
AGAACCCAGCGTGACA-1,0.000014,0.831052,0.02858,0.140354
AGAACGTGGTACATTC-1,0.081208,0.000594,0.000085,0.918113
AGAAGAGCGCCGTTCC-1,0.08926,0.792844,0.000362,0.117534
AGAAGGTACACTTCAC-1,0.016202,0.90124,0.018113,0.064446
AGAAGGTTGCCGAATT-1,0.000025,0.733539,0.040774,0.225661
AGAAGGTTGTAGGTCG-1,0.000035,0.490533,0.05023,0.459202
AGAAGTGATTCGTGAT-1,0.000023,0.502067,0.006308,0.491603
AGAATAAATCTTCAGG-1,0.000014,0.819451,0.01173,0.168805
AGAATGCGGGTTCGGA-1,0.000111,0.218111,0.000111,0.781667
AGAATTATGGATTCGA-1,0.083651,0.580209,0.029915,0.306224
AGAATTGTTTGACATA-1,0.000058,0.000407,0.73825,0.261286
AGACAGCTCAGAATCC-1,0.017384,0.000426,0.158745,0.823445
AGACAGGCATCTCAGC-1,0.125767,0.445872,0.022953,0.405408
AGACATAGATCCTTCC-1,0.000054,0.040543,0.169226,0.790176
AGACCAAACCACACCT-1,0.007297,0.832296,0.022273,0.138135
AGACCATGGGATACAA-1,0.000048,0.020983,0.313634,0.665335
AGACCCACCGCTGATC-1,0.008311,0.212777,0.017363,0.761549
AGACCCGCCCTCCTCG-1,0.005827,0.0005,0.346367,0.647306
AGACCGCTCCGCGGTT-1,0.000018,0.850185,0.047374,0.102423
AGACCGGGAAACCCTG-1,0.000016,0.639497,0.006429,0.354058
AGACGAAGTGCCGGTC-1,0.000024,0.56956,0.03079,0.399626
AGACGACGATGCCGCT-1,0.000014,0.592074,0.006908,0.401003
AGACGCCCACTTCGCC-1,0.080853,0.793513,0.008391,0.117243
AGACGGGATTGGTATA-1,0.000015,0.28038,0.690499,0.029107
AGACGGGCCGATTTAA-1,0.000126,0.000879,0.000126,0.99887
AGACTAGCCTTCCAGA-1,0.00006,0.000418,0.009375,0.990147
AGACTGTTACCGGGTC-1,0.000016,0.705702,0.029205,0.265076
AGAGAACCGTCTAGGA-1,0.022481,0.078434,0.000056,0.899029
AGAGAAGGAGTACAAT-1,0.000018,0.538779,0.024228,0.436975
AGAGATCTCTAAAGCG-1,0.000016,0.721181,0.019742,0.259061
AGAGCAGTTATGAGAC-1,0.540292,0.317104,0.008395,0.134209
AGAGCCGCCGAGATTT-1,0.008924,0.92142,0.007763,0.061892
AGAGCGCTTGTAACGG-1,0.000232,0.390011,0.000232,0.609525
AGAGCGGGCTAATCAT-1,0.000027,0.264321,0.620684,0.114968
AGAGCGTACAAGCTCG-1,0.000062,0.038735,0.079755,0.881448
AGAGCTACGAAAGCAT-1,0.000025,0.042095,0.542641,0.415239
AGAGGCTTCGGAAACC-1,0.000015,0.853768,0.029426,0.11679
AGAGGGACAATTGTCC-1,0.000037,0.170048,0.000037,0.829878
AGAGGTATCTCGGTCC-1,0.000031,0.08534,0.554409,0.36022
AGAGTAAACTTCACTA-1,0.00002,0.486633,0.023132,0.490214
AGAGTATAGTGTTACG-1,0.054987,0.138507,0.030134,0.776372
AGAGTGAACAGACACC-1,0.000007,0.480194,0.519777,0.000022
AGAGTTAGAGACCGAT-1,0.000087,0.022037,0.059652,0.918224
AGAGTTGCAGGCCTCC-1,0.051935,0.396001,0.000178,0.551886
AGATAACTTCAGGGCC-1,0.051683,0.506035,0.043976,0.398306
AGATACCAGCACTTCA-1,0.00012,0.566662,0.00012,0.433099
AGATACCGGTGTTCAC-1,0.000032,0.290192,0.047434,0.662342
AGATACGACTTCATAT-1,0.000038,0.000266,0.732631,0.267065
AGATACTCAAGATCGA-1,0.000035,0.481577,0.039607,0.478781
AGATATAATACGACTA-1,0.000013,0.587685,0.031365,0.380936
AGATCGTGCATAAGAT-1,0.00697,0.202888,0.000048,0.790094
AGATCTCAGGTGTGAT-1,0.470458,0.01306,0.02514,0.491342
AGATGACTCGCCCACG-1,0.000036,0.222228,0.6839,0.093836
AGATGAGGGTTGCGAT-1,0.000023,0.995012,0.000023,0.004943
AGATGATGGAGTCTGG-1,0.021687,0.722784,0.013905,0.241624
AGATGCAAGACGTGCA-1,0.000011,0.911102,0.007784,0.081103
AGATGCATCCTGTGTC-1,0.000007,0.971377,0.000098,0.028518
AGATTATAGGACGTTT-1,0.000037,0.387583,0.000037,0.612342
AGATTCAAGCGGGTCG-1,0.000102,0.000716,0.069609,0.929573
AGATTCACAACCGATA-1,0.01766,0.913286,0.008345,0.060709
AGCAAAGGCCGCTAGT-1,0.000008,0.973875,0.023861,0.002256
AGCAACATATCTTATT-1,0.000024,0.782068,0.032448,0.185459
AGCAACCGAAAGTAAT-1,0.000012,0.938302,0.042872,0.018814
AGCACCAGTACTCACG-1,0.023718,0.00056,0.149663,0.826058
AGCACTACCGGCCTGT-1,0.000018,0.929835,0.016558,0.053588
AGCACTACCTCACCAG-1,0.003417,0.537159,0.0019,0.457524
AGCACTTAAGGACGCC-1,0.000028,0.264812,0.074642,0.660518
AGCAGAAGGAGAAAGA-1,0.000011,0.675855,0.009845,0.31429
AGCAGCCAGATGAATA-1,0.000014,0.840656,0.051837,0.107492
AGCATATCAATATGCT-1,0.000026,0.789412,0.029914,0.180648
AGCATCATTTCGAAAG-1,0.00001,0.845278,0.002315,0.152396
AGCATCGTCGATAATT-1,0.000061,0.079402,0.720227,0.200309
AGCCAAGCTTTGTGTC-1,0.000006,0.951257,0.002742,0.045995
AGCCACAGGTTACCCG-1,0.000021,0.646959,0.016283,0.336737
AGCCACTCCCGTGCTT-1,0.000019,0.897961,0.000019,0.102002
AGCCCATACATGTAAG-1,0.000013,0.881538,0.009426,0.109023
AGCCCGGTAGCCTGTA-1,0.000014,0.849017,0.026234,0.124735
AGCCCTAAGCGAAGTT-1,0.000027,0.48174,0.240775,0.277459
AGCCCTGTCGCACCGT-1,0.00002,0.924575,0.054279,0.021126
AGCCCTTCTAATCCGA-1,0.000077,0.363558,0.014651,0.621714
AGCCCTTGGACATCCC-1,0.03242,0.751186,0.02929,0.187105
AGCCGCAAATTCAAAT-1,0.00001,0.851746,0.00001,0.148235
AGCCGTGGCTAAATGT-1,0.005394,0.807934,0.028032,0.158641
AGCCTAATACCCACGT-1,0.005565,0.988517,0.00474,0.001178
AGCCTTAAAGCGGAAG-1,0.004189,0.002984,0.486551,0.506276
AGCGACAGGAACGGTC-1,0.000025,0.547486,0.022632,0.429857
AGCGACATCCCATTCA-1,0.000061,0.01331,0.293661,0.692968
AGCGACCAACGATATT-1,0.000074,0.000515,0.338093,0.661318
AGCGCATAATGAATCG-1,0.000024,0.676376,0.058403,0.265197
AGCGCGGGTGCCAATG-1,0.004477,0.165949,0.074615,0.754959
AGCGCTAGAGCGATGT-1,0.000026,0.653831,0.04744,0.298703
AGCGCTTATGGGCAAG-1,0.000056,0.146413,0.039664,0.813867
AGCGGACACTTCGTAG-1,0.00002,0.828452,0.017555,0.153974
AGCGGCGGTTAGCGGT-1,0.001503,0.934122,0.000676,0.063699
AGCGGGAAGGGTCCAT-1,0.000031,0.023168,0.976709,0.000092
AGCGGGTCTGACACTC-1,0.001576,0.837738,0.005621,0.155065
AGCGGTTGAGATGTAC-1,0.000023,0.297669,0.641121,0.061187
AGCGGTTGCCGCTCTG-1,0.000224,0.59077,0.000224,0.408782
AGCGTACGAGAGCTAG-1,0.000021,0.000146,0.796349,0.203484
AGCGTAGCGCTAGACC-1,0.000034,0.000235,0.66193,0.337802
AGCGTCTGAACCCGCA-1,0.00002,0.108571,0.384139,0.50727
AGCGTGGTATTCTACT-1,0.000033,0.370274,0.001026,0.628667
AGCGTTCCGATTTAAA-1,0.000021,0.355223,0.634483,0.010273
AGCTAACAAGCAATGT-1,0.001599,0.893122,0.011924,0.093354
AGCTAAGTACGCAGGC-1,0.000014,0.794613,0.040074,0.165299
AGCTAGAAGCAGAAGT-1,0.015343,0.228922,0.000056,0.755679
AGCTATTTAATCCAAC-1,0.007698,0.070892,0.320974,0.600436
AGCTCCATATATGTTC-1,0.00258,0.755289,0.020821,0.221309
AGCTCCTTCGCACATC-1,0.000011,0.982553,0.010721,0.006715
AGCTCGTTGATGGAAA-1,0.000163,0.249369,0.000163,0.750304
AGCTCTAGACGTTCCA-1,0.022294,0.535871,0.042842,0.398993
AGCTCTTCCCAGTGCA-1,0.006462,0.010597,0.006089,0.976852
AGCTCTTCGTAACCTT-1,0.000031,0.569664,0.054704,0.375601
AGCTCTTTACTCAGTT-1,0.000037,0.338755,0.068868,0.59234
AGCTGAAGTAAACCAA-1,0.00081,0.717711,0.000023,0.281457
AGCTGCATTTGAGGTG-1,0.000034,0.546082,0.453781,0.000103
AGCTGCTGTGCCGAAT-1,0.000048,0.510531,0.483572,0.005848
AGCTGTAACCTCAATC-1,0.000016,0.557325,0.060234,0.382424
AGCTTATAGAGACCTG-1,0.000081,0.132719,0.114263,0.752937
AGCTTCAATACTTTGA-1,0.000028,0.265466,0.73442,0.000085
AGCTTGATCTTAACTT-1,0.000023,0.508436,0.021274,0.470267
AGGAAGCTGTCCGCCG-1,0.000018,0.512914,0.034648,0.452421
AGGACAGTCGAATCCC-1,0.000026,0.70363,0.018766,0.277577
AGGACATCGCACGTCG-1,0.000033,0.109977,0.886768,0.003222
AGGACGACCCATTAGA-1,0.000037,0.437017,0.015816,0.547131
AGGACGCTCGATGTTG-1,0.000091,0.180502,0.000091,0.819317
AGGAGACATCCACAGT-1,0.027359,0.172076,0.018122,0.782442
AGGAGAGTCTGGCTAC-1,0.029447,0.052796,0.015326,0.902431
AGGAGGCCTTCGCGCG-1,0.003466,0.926631,0.00563,0.064273
AGGATAAAGTCGGGAT-1,0.000014,0.711043,0.024982,0.263961
AGGATATAGGGATTTA-1,0.000022,0.768365,0.002086,0.229527
AGGATCACGCGATCTG-1,0.006116,0.854099,0.03382,0.105965
AGGATTGCTTACGACA-1,0.002219,0.585812,0.078341,0.333628
AGGCAAAGAGGAATCA-1,0.000019,0.015317,0.784473,0.20019
AGGCACGTGACTGTCC-1,0.004251,0.927649,0.019471,0.048629
AGGCAGATGCGTAAAC-1,0.036399,0.094738,0.000698,0.868165
AGGCAGGGAGCGTACT-1,0.000017,0.571792,0.049608,0.378583
AGGCATTGTCGTAGGG-1,0.010703,0.737966,0.032222,0.219109
AGGCCACATTGGTTAC-1,0.000018,0.847664,0.048277,0.104041
AGGCCACCCGTTATGA-1,0.007694,0.013586,0.005622,0.973098
AGGCCCAGTGACTGGT-1,0.000084,0.000589,0.094145,0.905183
AGGCCCATTGTACAGG-1,0.003661,0.000392,0.210083,0.785864
AGGCCCTAGAACGCCA-1,0.002378,0.931457,0.000231,0.065934
AGGCCTGAGAATCTCG-1,0.000014,0.745807,0.014663,0.239516
AGGCGATAACTGGCGT-1,0.250056,0.713626,0.013926,0.022392
AGGCGGTTTGTCCCGC-1,0.000009,0.946374,0.038042,0.015575
AGGCGTCTATGGACGG-1,0.011895,0.532759,0.000132,0.455213
AGGCTATGGTTAGCTT-1,0.000072,0.00883,0.010555,0.980544
AGGCTTCCCGAAGAAG-1,0.000023,0.651972,0.005593,0.342412
AGGCTTGCTAGACACC-1,0.005906,0.000452,0.04022,0.953422
AGGGAAACGAGGTACT-1,0.000038,0.501394,0.038061,0.460507
AGGGACAGCACGGCGG-1,0.000636,0.178528,0.000636,0.820199
AGGGACCGGCTGCGTT-1,0.012686,0.931072,0.035875,0.020368
AGGGACTCTACGCGAC-1,0.000034,0.26615,0.049561,0.684256
AGGGAGACATACTTCG-1,0.04212,0.665855,0.047893,0.244132
AGGGCAGCGGCGTGGT-1,0.000029,0.022204,0.597839,0.379928
AGGGCGAGCAGCTGAT-1,0.000025,0.534737,0.032105,0.433133
AGGGCGTGATCGGCTA-1,0.000063,0.000442,0.099184,0.900311
AGGGCTGCAGTTACAG-1,0.144641,0.110326,0.000036,0.744998
AGGGTCAGTAACCCTA-1,0.000065,0.523914,0.000065,0.475956
AGGGTCGATGCGAACT-1,0.017886,0.549199,0.000017,0.432898
AGGGTGCCGTTCTTTA-1,0.000008,0.906012,0.01432,0.07966
AGGGTGCTCTCGAGGG-1,0.140178,0.684931,0.018327,0.156565
AGGGTGGATAGTGCAT-1,0.044367,0.369945,0.014078,0.571609
AGGGTGTGCTACACGC-1,0.000035,0.352453,0.416646,0.230866
AGGGTTCCCTTTGGTT-1,0.833243,0.04739,0.000017,0.11935
AGGGTTTAGTTCGGGA-1,0.120118,0.329453,0.000063,0.550366
AGGTAACCTCCTATTC-1,0.000037,0.002732,0.728771,0.26846
AGGTACGATATTGCCA-1,0.004225,0.113748,0.051468,0.83056
AGGTAGATCGAGATAT-1,0.000009,0.771626,0.017014,0.211351
AGGTAGGTACAAAGCT-1,0.000036,0.216122,0.059433,0.724409
AGGTATAATTGATAGT-1,0.014092,0.854003,0.037426,0.094479
AGGTATGCGGACATTA-1,0.000026,0.668262,0.05933,0.272382
AGGTCAGGTGAGAGTG-1,0.003498,0.869557,0.005151,0.121794
AGGTCGCCACTTCGGT-1,0.000021,0.023843,0.860453,0.115683
AGGTCGCCTCCCAACA-1,0.2153,0.605043,0.006196,0.17346
AGGTCGCGGAGTTACT-1,0.114759,0.002526,0.077637,0.805078
AGGTGGTGACCTTCGC-1,0.000014,0.763228,0.026386,0.210372
AGGTGTATCGCCATGA-1,0.000015,0.820087,0.015839,0.164059
AGGTTACACCATGCCG-1,0.00002,0.843167,0.018203,0.138611
AGGTTGAGGCACGCTT-1,0.020348,0.021514,0.000676,0.957463
AGGTTTCACACACCTT-1,0.000033,0.511468,0.000443,0.488056
AGTAACGTTCATCCTG-1,0.00007,0.002633,0.388302,0.608995
AGTAATGTCTTGCCGC-1,0.000056,0.037177,0.196182,0.766585
AGTACATCATTTATCA-1,0.107618,0.257116,0.000044,0.635222
AGTACCTTCGAGTGCT-1,0.000159,0.14843,0.012606,0.838805
AGTACGGCCCGTATCG-1,0.000024,0.642877,0.007989,0.349109
AGTACGGGCACCTGGC-1,0.015731,0.000413,0.011401,0.972455
AGTACGTGGCCTGTCT-1,0.000034,0.324081,0.63475,0.041135
AGTACTCTTATGCCCA-1,0.000037,0.253189,0.052122,0.694652
AGTAGCGTGAACGAAC-1,0.000027,0.014419,0.641456,0.344098
AGTAGCTAGACGCCGA-1,0.000138,0.000964,0.123658,0.87524
AGTAGGAAGGAAGTTG-1,0.00005,0.689209,0.00005,0.31069
AGTAGGTAACATACAT-1,0.000054,0.033897,0.365139,0.60091
AGTATAATACTAGGCA-1,0.158324,0.073675,0.061294,0.706707
AGTATACACAGCGACA-1,0.000013,0.80639,0.022399,0.171197
AGTATCCATAATAACG-1,0.000038,0.011744,0.568576,0.419642
AGTATGCTGGAGACCA-1,0.000015,0.825277,0.028662,0.146046
AGTATTTGGCACGACC-1,0.000033,0.410093,0.030512,0.559361
AGTCAACACCACCATC-1,0.000022,0.251539,0.02649,0.721949
AGTCAAGATGACACTT-1,0.000021,0.755536,0.000021,0.244421
AGTCACTAGCTCTCGA-1,0.000018,0.920467,0.008274,0.071242
AGTCACTCCGCCTCAT-1,0.000051,0.000358,0.619412,0.380179
AGTCAGCCACCGCCTG-1,0.000079,0.000554,0.722581,0.276786
AGTCCAGCGGGTACGT-1,0.015765,0.000627,0.148494,0.835114
AGTCCATTGGCTGATG-1,0.000016,0.989066,0.003118,0.0078
AGTCCCGCCTTTAATT-1,0.000036,0.794722,0.030414,0.174827
AGTCCCTCGCAGAAAG-1,0.028216,0.225883,0.048141,0.69776
AGTCGACGGTCTCAAG-1,0.011846,0.750899,0.000024,0.237232
AGTCGGCCCAAACGAC-1,0.003576,0.107256,0.553165,0.336003
AGTCGGCTCAACTTTA-1,0.007462,0.584727,0.011304,0.396507
AGTCGGTTGCGTGAGA-1,0.005985,0.542164,0.078791,0.37306
AGTCGTCGACCACCAA-1,0.000017,0.736943,0.01883,0.24421
AGTCGTGGGCATTACG-1,0.000019,0.686071,0.017098,0.296812
AGTCTAAAGTATACTC-1,0.10907,0.252822,0.000045,0.638064
AGTCTCACAAGACTAC-1,0.000017,0.899071,0.009138,0.091774
AGTCTGGACATCCTTG-1,0.000086,0.000605,0.190606,0.808703
AGTCTTCTCCTCAAAT-1,0.017979,0.030636,0.350088,0.601297
AGTGAACAAACTTCTC-1,0.000022,0.608727,0.023218,0.368033
AGTGAAGATGGTGTCC-1,0.022397,0.320633,0.000104,0.656867
AGTGACCTACTTTACG-1,0.000023,0.659715,0.000218,0.340044
AGTGAGACTTCCAGTA-1,0.119302,0.353347,0.022305,0.505046
AGTGAGCCTCGCCGCC-1,0.357387,0.265977,0.000021,0.376615
AGTGAGGGTTTCTGAC-1,0.000036,0.024345,0.23903,0.736589
AGTGATAACCTGCGCG-1,0.000019,0.756811,0.009081,0.234089
AGTGATATGAGTAGTT-1,0.000039,0.136906,0.058211,0.804844
AGTGATTCAAGCAGGA-1,0.325966,0.342508,0.041083,0.290443
AGTGCACGCTTAAGAA-1,0.002038,0.990296,0.00141,0.006256
AGTGCGTAGCTCGTAA-1,0.000035,0.23684,0.028007,0.735117
AGTGCTAAACACAGCA-1,0.00002,0.475947,0.008643,0.51539
AGTGCTTGCACGAATA-1,0.000011,0.999946,0.000011,0.000033
AGTGGCGGCAATTTGA-1,0.000045,0.096731,0.00665,0.896574
AGTGGCGTCTGAAGGT-1,0.000016,0.794535,0.000448,0.205001
AGTGGCTCCGTCGGCC-1,0.000019,0.745275,0.006373,0.248333
AGTGGTGTTACCCGTG-1,0.000014,0.837765,0.010885,0.151336
AGTGGTTGCGTATAGG-1,0.000019,0.900877,0.014041,0.085063
AGTGTATTGCGCATTG-1,0.000068,0.491077,0.000068,0.508788
AGTGTGGTCTATTGTG-1,0.000085,0.039501,0.424752,0.535662
AGTTAAACACTTGCGA-1,0.000029,0.411778,0.055053,0.533141
AGTTAAGCGGTCCCGG-1,0.000036,0.384324,0.384652,0.230988
AGTTAAGTCAACCGCT-1,0.000019,0.666697,0.016701,0.316583
