Barcode,Topic 1,Topic 2,Topic 3,Topic 4to5,Topic 6to11,Topic 12,Topic 13
AAACAAGTATCTCCCA-1,0.1847,0.723169,0.000013,0.037604,0.054487,0.000013,0.000013
AAACACCAATAACTGC-1,0.285839,0.000233,0.005557,0.706506,0.001399,0.000233,0.000233
AAACAGAGCGACTCCT-1,0.002881,0.000578,0.000006,0.061181,0.935343,0.000006,0.000006
AAACAGCTTTCAGAAG-1,0.192526,0.145237,0.075641,0.396203,0.190318,0.000037,0.000037
AAACAGGGTCTATATT-1,0.08604,0.226617,0.008567,0.66188,0.016803,0.000047,0.000047
AAACAGTGTTCCTGGG-1,0.000093,0.573931,0.000093,0.317255,0.108442,0.000093,0.000093
AAACATGGTGAGAGGA-1,0.309878,0.000046,0.000046,0.689661,0.000276,0.000046,0.000046
AAACATTTCCCGGATT-1,0.490039,0.208228,0.000034,0.127356,0.174275,0.000034,0.000034
AAACCCGAACGAAATC-1,0.663797,0.077149,0.000028,0.249735,0.009235,0.000028,0.000028
AAACCGGAAATGTTAA-1,0.23209,0.586681,0.000017,0.137418,0.043759,0.000017,0.000017
AAACCGGGTAGGTACC-1,0.000022,0.229577,0.000022,0.155693,0.614644,0.000022,0.000022
AAACCGTTCGTCCAGG-1,0.000232,0.10804,0.053908,0.835966,0.00139,0.000232,0.000232
AAACCTAAGCAGCCGG-1,0.000014,0.066568,0.000014,0.138473,0.794902,0.000014,0.000014
AAACCTCATGAAGTTG-1,0.244531,0.399783,0.001662,0.322666,0.031323,0.000017,0.000017
AAACGAAGAACATACC-1,0.01072,0.000005,0.000005,0.119138,0.870121,0.000005,0.000005
AAACGAAGATGGAGTA-1,0.273866,0.000044,0.031338,0.694396,0.000267,0.000044,0.000044
AAACGAGACGGTTGAT-1,0.02998,0.060831,0.000014,0.112203,0.796943,0.000014,0.000014
AAACGCTGGGCACGAC-1,0.388194,0.564439,0.000074,0.046697,0.000446,0.000074,0.000074
AAACGGGCGTACGGGT-1,0.000029,0.187365,0.000029,0.316116,0.496405,0.000029,0.000029
AAACGGTTGCGAACTG-1,0.016467,0.0638,0.00003,0.88155,0.038092,0.00003,0.00003
AAACGTGTTCGCCCTA-1,0.000634,0.000007,0.000007,0.150898,0.848441,0.000007,0.000007
AAACTAACGTGGCGAC-1,0.000298,0.000006,0.000555,0.175975,0.823156,0.000006,0.000006
AAACTCGGTTCGCAAT-1,0.062901,0.065053,0.003505,0.513141,0.35536,0.000021,0.000021
AAACTCGTGATATAAG-1,0.004679,0.003013,0.000005,0.045647,0.946647,0.000005,0.000005
AAACTGCTGGCTCCAA-1,0.004164,0.053109,0.008174,0.349258,0.585274,0.00001,0.00001
AAACTTAATTGCACGC-1,0.235842,0.000041,0.000041,0.763749,0.000245,0.000041,0.000041
AAACTTGCAAACGTAT-1,0.118309,0.006027,0.000061,0.744779,0.1307,0.000061,0.000061
AAAGAATGACCTTAGA-1,0.246376,0.000018,0.004739,0.748727,0.000106,0.000018,0.000018
AAAGAATGTGGACTAA-1,0.431837,0.466615,0.000032,0.101264,0.000189,0.000032,0.000032
AAAGACCCAAGTCGCG-1,0.070557,0.067437,0.000007,0.017074,0.844912,0.000007,0.000007
AAAGACTGGGCGCTTT-1,0.483719,0.092915,0.000042,0.051491,0.371751,0.000042,0.000042
AAAGCTTGCCTACATA-1,0.000004,0.000004,0.000004,0.099317,0.900662,0.000004,0.000004
AAAGGCCCTATAATAC-1,0.185429,0.49344,0.000098,0.320248,0.000588,0.000098,0.000098
AAAGGCTACGGACCAT-1,0.23261,0.050669,0.004036,0.470765,0.241636,0.000142,0.000142
AAAGGCTCTCGCGCCG-1,0.000414,0.000414,0.000414,0.80623,0.191703,0.000414,0.000414
AAAGGGATGTAGCAAG-1,0.0464,0.000479,0.000016,0.518944,0.434128,0.000016,0.000016
AAAGGGCAGCTTGAAT-1,0.327249,0.000042,0.043736,0.430309,0.198579,0.000042,0.000042
AAAGGTAAGCTGTACC-1,0.000004,0.000527,0.000004,0.000008,0.999448,0.000004,0.000004
AAAGTAGCATTGCTCA-1,0.000223,0.275576,0.004809,0.717609,0.001338,0.000223,0.000223
AAAGTCACTGATGTAA-1,0.032643,0.015975,0.000008,0.148831,0.802528,0.000008,0.000008
AAAGTCGACCCTCAGT-1,0.121755,0.157915,0.000061,0.566709,0.153437,0.000061,0.000061
AAAGTGCCATCAATTA-1,0.782431,0.059303,0.000032,0.157978,0.000191,0.000032,0.000032
AAAGTGTGATTTATCT-1,0.357676,0.473783,0.003577,0.164726,0.000179,0.00003,0.00003
AAAGTTGACTCCCGTA-1,0.597666,0.176248,0.001869,0.176574,0.047582,0.000031,0.000031
AAATAACCATACGGGA-1,0.019504,0.00121,0.000011,0.408073,0.571181,0.000011,0.000011
AAATAAGGTAGTGCCC-1,0.006263,0.001543,0.000006,0.222617,0.769559,0.000006,0.000006
AAATACCTATAAGCAT-1,0.005902,0.036733,0.007198,0.154107,0.796042,0.000009,0.000009
AAATAGCTTAGACTTT-1,0.18326,0.057287,0.00003,0.695068,0.064295,0.00003,0.00003
AAATAGGGTGCTATTG-1,0.000008,0.019614,0.000008,0.000017,0.980337,0.000008,0.000008
AAATCCGATACACGCC-1,0.035923,0.067407,0.000045,0.867675,0.02886,0.000045,0.000045
AAATCGCGGAAGGAGT-1,0.184962,0.000031,0.017272,0.79749,0.000184,0.000031,0.000031
AAATCGTGTACCACAA-1,0.020759,0.000022,0.012643,0.659815,0.306717,0.000022,0.000022
AAATCTAGCCCTGCTA-1,0.821231,0.000039,0.000039,0.17838,0.000234,0.000039,0.000039
AAATCTGCCCGCGTCC-1,0.079891,0.589927,0.006353,0.323242,0.00044,0.000073,0.000073
AAATGACTGATCAAAC-1,0.000693,0.206365,0.043501,0.001386,0.74667,0.000693,0.000693
AAATGATTCGATCAGC-1,0.000004,0.001022,0.000004,0.000007,0.998957,0.000004,0.000004
AAATGCTCGTTACGTT-1,0.319465,0.000032,0.000032,0.539489,0.140919,0.000032,0.000032
AAATGGCATGTCTTGT-1,0.010383,0.013623,0.000011,0.188206,0.787755,0.000011,0.000011
AAATGGCCCGTGCCCT-1,0.037762,0.177003,0.012653,0.720051,0.052337,0.000097,0.000097
AAATGGTCAATGTGCC-1,0.000006,0.012959,0.000006,0.004994,0.982023,0.000006,0.000006
AAATGTATCTTATCCC-1,0.012821,0.012821,0.012821,0.025642,0.910255,0.012821,0.012821
AAATTAACGGGTAGCT-1,0.000384,0.000009,0.000009,0.129154,0.870425,0.000009,0.000009
AAATTAATAAGCGCGA-1,0.369689,0.629644,0.000061,0.000121,0.000363,0.000061,0.000061
AAATTACACGACTCTG-1,0.011009,0.000012,0.000012,0.455671,0.53327,0.000012,0.000012
AAATTACCTATCGATG-1,0.015805,0.000507,0.000011,0.432887,0.550767,0.000011,0.000011
AAATTCCAGGTCCAAA-1,0.028469,0.01957,0.001005,0.251035,0.699899,0.000011,0.000011
AAATTGATAGTCCTTT-1,0.000119,0.000119,0.344453,0.468199,0.186873,0.000119,0.000119
AAATTGGTGAGAAGCA-1,0.001327,0.001129,0.000006,0.327637,0.669887,0.000006,0.000006
AAATTTACCGAAATCC-1,0.001321,0.012149,0.000011,0.412361,0.574137,0.000011,0.000011
AAATTTGCGGGTGTGG-1,0.022967,0.021122,0.00004,0.6393,0.316491,0.00004,0.00004
AACAACTGGTAGTTGC-1,0.019133,0.000014,0.000014,0.406004,0.574807,0.000014,0.000014
AACAATACATTGTCGA-1,0.005254,0.07853,0.034245,0.770472,0.111381,0.000059,0.000059
AACAATTACTCTACGC-1,0.097318,0.141029,0.000035,0.563867,0.19768,0.000035,0.000035
AACACACGCTCGCCGC-1,0.426039,0.246331,0.000028,0.299372,0.028173,0.000028,0.000028
AACACGACTGTACTGA-1,0.025234,0.000012,0.000012,0.391503,0.583214,0.000012,0.000012
AACACGAGACGCGGCC-1,0.000027,0.031992,0.000027,0.175763,0.792138,0.000027,0.000027
AACACGCGGCCGCGAA-1,0.001755,0.000004,0.000004,0.174687,0.82354,0.000004,0.000004
AACAGCTGTGTGGCAA-1,0.199208,0.000093,0.13193,0.656318,0.012266,0.000093,0.000093
AACAGGAAATCGAATA-1,0.006588,0.033563,0.000012,0.337498,0.622315,0.000012,0.000012
AACAGGATGGGCCGCG-1,0.003525,0.00178,0.000006,0.073735,0.920942,0.000006,0.000006
AACAGGTAGTATGGAT-1,0.348875,0.513086,0.000018,0.028726,0.10926,0.000018,0.000018
AACATAGCGTGTATCG-1,0.00004,0.179395,0.015422,0.000081,0.804982,0.00004,0.00004
AACATATCAACTGGTG-1,0.019956,0.000009,0.000922,0.182486,0.796608,0.000009,0.000009
AACATCGATACGTCTA-1,0.000117,0.000007,0.000007,0.309486,0.690369,0.000007,0.000007
AACATTGAAGTTGATC-1,0.14721,0.000207,0.000207,0.850722,0.001241,0.000207,0.000207
AACATTGTGACTCGAG-1,0.000106,0.044795,0.000106,0.94313,0.011652,0.000106,0.000106
AACCAAGACTTCTCTG-1,0.36743,0.026698,0.000168,0.604364,0.001006,0.000168,0.000168
AACCAGTATCACTCTT-1,0.033428,0.002423,0.000015,0.446346,0.517758,0.000015,0.000015
AACCATAGGGTTGAAC-1,0.137775,0.070183,0.008957,0.782885,0.00015,0.000025,0.000025
AACCATGGGATCGCTA-1,0.049568,0.000029,0.000029,0.558932,0.391385,0.000029,0.000029
AACCCAGAGACGGAGA-1,0.000015,0.000015,0.000015,0.693791,0.306134,0.000015,0.000015
AACCCATCCCATGATC-1,0.182794,0.00014,0.032301,0.783644,0.000841,0.00014,0.00014
AACCCGACAACCCGTG-1,0.030977,0.205091,0.012072,0.258817,0.492921,0.000061,0.000061
AACCCGAGCAGAATCG-1,0.246479,0.688745,0.000014,0.052208,0.012525,0.000014,0.000014
AACCCGCTGTATTCCA-1,0.000103,0.340911,0.000103,0.000207,0.658469,0.000103,0.000103
AACCCTACTGTCAATA-1,0.155517,0.595907,0.000015,0.098675,0.149855,0.000015,0.000015
AACCCTGGTGGAACCA-1,0.015762,0.010151,0.000008,0.37497,0.599092,0.000008,0.000008
AACCGAGCTTGGTCAT-1,0.004586,0.094355,0.000009,0.109214,0.791818,0.000009,0.000009
AACCGCTAAGGGATGC-1,0.678649,0.100054,0.000027,0.181418,0.039797,0.000027,0.000027
AACCGTTGTGTTTGCT-1,0.007883,0.103185,0.000013,0.169596,0.719299,0.000013,0.000013
AACCTCGCTTTAGCCC-1,0.003779,0.064411,0.000028,0.562205,0.369521,0.000028,0.000028
AACCTGTCACGGAATT-1,0.034417,0.005477,0.000012,0.174543,0.785528,0.000012,0.000012
AACCTTTAAATACGGT-1,0.068201,0.061314,0.000053,0.78155,0.088775,0.000053,0.000053
AACCTTTACGACGTCT-1,0.000007,0.012272,0.000007,0.001101,0.986601,0.000007,0.000007
AACGAAAGTCGTCCCA-1,0.32503,0.163979,0.008611,0.501386,0.000746,0.000124,0.000124
AACGACCTCCTAGCCG-1,0.363251,0.583404,0.002862,0.000044,0.050396,0.000022,0.000022
AACGATAATGCCGTAG-1,0.000036,0.002988,0.000036,0.703619,0.293248,0.000036,0.000036
AACGATAGAAGGGCCG-1,0.028782,0.054973,0.000009,0.059196,0.857023,0.000009,0.000009
AACGATATGTCAACTG-1,0.043431,0.007269,0.000015,0.20551,0.743745,0.000015,0.000015
AACGCATGATCTGGGT-1,0.000945,0.103026,0.000007,0.119986,0.776021,0.000007,0.000007
AACGCGAACGGCAACA-1,0.474238,0.000064,0.406529,0.11866,0.000382,0.000064,0.000064
AACGCGACCTTGGGCG-1,0.000057,0.077211,0.056976,0.405265,0.460376,0.000057,0.000057
AACGCGGTCTCCAGCC-1,0.00759,0.092849,0.000014,0.452935,0.446586,0.000014,0.000014
AACGCTGTTGCTGAAA-1,0.246099,0.647552,0.000022,0.10182,0.004463,0.000022,0.000022
AACGGACGTACGTATA-1,0.344618,0.390161,0.000016,0.242371,0.022803,0.000016,0.000016
AACGGCCATCTCCGGT-1,0.056915,0.000046,0.036128,0.677852,0.228967,0.000046,0.000046
AACGTACTGTGGGTAC-1,0.009831,0.052266,0.000059,0.54392,0.393804,0.000059,0.000059
AACGTCAGACTAGTGG-1,0.009342,0.113514,0.005127,0.4062,0.465787,0.000015,0.000015
AACGTCATCCGGCTTG-1,0.005917,0.928993,0.005917,0.011835,0.035504,0.005917,0.005917
AACGTCGCTGCACTTC-1,0.685233,0.2787,0.000066,0.000132,0.035738,0.000066,0.000066
AACGTGATGAAGGACA-1,0.000006,0.007905,0.000237,0.00881,0.98303,0.000006,0.000006
AACGTGCGAAAGTCTC-1,0.034755,0.02545,0.00001,0.31152,0.628244,0.00001,0.00001
AACGTTATCAGCACCT-1,0.713246,0.132002,0.007362,0.141319,0.005948,0.000062,0.000062
AACGTTCTACCATTGT-1,0.413451,0.462677,0.000437,0.000874,0.121686,0.000437,0.000437
AACTACCCGTTTGTCA-1,0.003745,0.986952,0.000016,0.000033,0.009221,0.000016,0.000016
AACTAGCGTATCGCAC-1,0.012639,0.000038,0.000038,0.210841,0.776369,0.000038,0.000038
AACTAGGCTTGGGTGT-1,0.281558,0.203619,0.020342,0.492374,0.001581,0.000263,0.000263
AACTCAAGTTAATTGC-1,0.000008,0.000008,0.000008,0.015234,0.984725,0.000008,0.000008
AACTCCAGAGCGTGTT-1,0.654066,0.000343,0.000343,0.3425,0.00206,0.000343,0.000343
AACTCCTAATCCCATG-1,0.019112,0.000009,0.000009,0.177667,0.803184,0.000009,0.000009
AACTCGATGGCGCAGT-1,0.398465,0.000026,0.000026,0.552187,0.049243,0.000026,0.000026
AACTCTCAATAGAGCG-1,0.011965,0.907473,0.000023,0.000047,0.080445,0.000023,0.000023
AACTCTCAGTGTGCTC-1,0.061376,0.518484,0.042355,0.134782,0.242652,0.000175,0.000175
AACTGAGGTCAGCGTC-1,0.000856,0.000007,0.000007,0.071708,0.927408,0.000007,0.000007
AACTGAGTTATACTGA-1,0.231989,0.11928,0.000088,0.603906,0.044562,0.000088,0.000088
AACTGATATTAGGCCT-1,0.020152,0.004191,0.000011,0.382196,0.593427,0.000011,0.000011
AACTGGGTCCCGACGT-1,0.028079,0.018409,0.000015,0.266135,0.687331,0.000015,0.000015
AACTGGGTTCGAGCCG-1,0.01049,0.000728,0.000037,0.321091,0.667579,0.000037,0.000037
AACTGGTGTGGGCCTT-1,0.042619,0.085586,0.000012,0.259571,0.612187,0.000012,0.000012
AACTTCTGCGTCTATC-1,0.836127,0.000083,0.000083,0.119537,0.044006,0.000083,0.000083
AACTTGCCCGTATGCA-1,0.022286,0.113548,0.000018,0.179023,0.685089,0.000018,0.000018
AACTTGCGTTCTCGCG-1,0.687027,0.232901,0.00006,0.00012,0.079772,0.00006,0.00006
AACTTTACGGGAGCTT-1,0.474221,0.520859,0.000026,0.000052,0.00479,0.000026,0.000026
AACTTTAGCTGCTGAG-1,0.003262,0.00001,0.00001,0.406712,0.589985,0.00001,0.00001
AACTTTCTCGATCATG-1,0.000003,0.010638,0.000003,0.000005,0.989347,0.000003,0.000003
AAGAAAGTTTGATGGG-1,0.000127,0.490248,0.000127,0.370945,0.138301,0.000127,0.000127
AAGAAATCACCAGATT-1,0.007964,0.000006,0.000006,0.31885,0.673162,0.000006,0.000006
AAGAAGGATCAGTTAG-1,0.53603,0.000046,0.009501,0.380142,0.074188,0.000046,0.000046
AAGACATACGTGGTTT-1,0.343196,0.579852,0.00002,0.031563,0.045328,0.00002,0.00002
AAGACCAAATAACTCA-1,0.089991,0.155897,0.028752,0.600354,0.124982,0.000012,0.000012
AAGACCCAACTGAACA-1,0.006815,0.097788,0.014155,0.685936,0.195084,0.00011,0.00011
AAGACTGCAAGCTACT-1,0.017954,0.034915,0.000804,0.224831,0.721475,0.000011,0.000011
AAGAGATGAATCGGTA-1,0.042288,0.000037,0.000037,0.91666,0.040903,0.000037,0.000037
AAGAGCTCTTTATCGG-1,0.052995,0.047779,0.000015,0.200771,0.698411,0.000015,0.000015
AAGAGGATGTACGCGA-1,0.013439,0.162046,0.002014,0.198126,0.624319,0.000028,0.000028
AAGAGGCATGGATCGC-1,0.015937,0.082954,0.000011,0.077482,0.823594,0.000011,0.000011
AAGAGGCCCTTTGGAA-1,0.036218,0.946218,0.000008,0.000016,0.017525,0.000008,0.000008
AAGATGGCACCGGACC-1,0.05749,0.000239,0.037257,0.860446,0.044091,0.000239,0.000239
AAGATTGGCGGAACGT-1,0.027745,0.000032,0.000014,0.473748,0.498433,0.000014,0.000014
AAGCACCCTGCGTATC-1,0.198869,0.152955,0.0001,0.515177,0.1327,0.0001,0.0001
AAGCATACTCTCCTGA-1,0.065272,0.000079,0.005002,0.920741,0.008749,0.000079,0.000079
AAGCCACTTGCAGGTA-1,0.130845,0.24644,0.000053,0.298758,0.323796,0.000053,0.000053
AAGCCGAAGCGGTTTA-1,0.564093,0.31168,0.000025,0.078711,0.045439,0.000025,0.000025
AAGCCGCCGTGAAATC-1,0.10384,0.231437,0.000165,0.66324,0.000988,0.000165,0.000165
AAGCCGCTTTACCTTG-1,0.00395,0.001738,0.000005,0.102829,0.891466,0.000005,0.000005
AAGCCGGAGAGCAGGA-1,0.155376,0.742753,0.000016,0.100527,0.001297,0.000016,0.000016
AAGCGCAGGGCTTTGA-1,0.004662,0.349028,0.000105,0.635107,0.010888,0.000105,0.000105
AAGCGGAGTGCGCGCA-1,0.000003,0.000003,0.000003,0.003539,0.996444,0.000003,0.000003
AAGCGGCGTCATGGGT-1,0.003265,0.065206,0.005331,0.255526,0.670649,0.000011,0.000011
AAGCGTCCCTCATCGA-1,0.233857,0.000125,0.101454,0.66356,0.000753,0.000125,0.000125
AAGCTAGATCGAGTAA-1,0.008102,0.158441,0.000019,0.342031,0.491368,0.000019,0.000019
AAGCTATGGATTGACC-1,0.530868,0.000712,0.000712,0.001425,0.004274,0.461297,0.000712
AAGCTCGTGCCAAGTC-1,0.005451,0.22207,0.003013,0.310073,0.459362,0.000016,0.000016
AAGCTCTTTCATGGTG-1,0.000038,0.126327,0.000038,0.031969,0.84155,0.000038,0.000038
AAGGAGCGGTTGGTGC-1,0.028319,0.00049,0.000015,0.349426,0.62172,0.000015,0.000015
AAGGATCGATCGCTTG-1,0.214664,0.690644,0.00002,0.077105,0.017525,0.00002,0.00002
AAGGATGAGGGACCTC-1,0.000013,0.000013,0.000013,0.489153,0.510783,0.000013,0.000013
AAGGCAGGCTGTCTCC-1,0.04665,0.078437,0.000046,0.233646,0.641129,0.000046,0.000046
AAGGCGCGTAAAGCTT-1,0.001053,0.001847,0.010843,0.240376,0.745865,0.000008,0.000008
AAGGCTGTGCTCATCG-1,0.003057,0.029737,0.000009,0.053069,0.91411,0.000009,0.000009
AAGGGAACGACTGGCT-1,0.142979,0.150326,0.000236,0.704571,0.001416,0.000236,0.000236
AAGGGACAGATTCTGT-1,0.175149,0.000012,0.003796,0.116581,0.704438,0.000012,0.000012
AAGGGACTATGCATTC-1,0.000188,0.248408,0.000188,0.749716,0.001126,0.000188,0.000188
AAGGGTTAGCCATGCG-1,0.249865,0.546248,0.000261,0.000522,0.202583,0.000261,0.000261
AAGGGTTTGATTTCAG-1,0.058637,0.061639,0.006222,0.361991,0.511424,0.000044,0.000044
AAGGTATCCTAATATA-1,0.006859,0.012053,0.000012,0.240408,0.740644,0.000012,0.000012
AAGGTGATAAACCAGC-1,0.569798,0.237734,0.000034,0.192164,0.000202,0.000034,0.000034
AAGTAGAAGACCGGGT-1,0.004462,0.000016,0.000016,0.58729,0.408182,0.000016,0.000016
AAGTAGTGACGCGAGG-1,0.070721,0.038339,0.00003,0.701009,0.189842,0.00003,0.00003
AAGTCAATTGTCGTCA-1,0.745692,0.158305,0.000041,0.095635,0.000245,0.000041,0.000041
AAGTCTAGTAGCTGCC-1,0.014122,0.034178,0.000005,0.088571,0.863115,0.000005,0.000005
AAGTCTTCTGTGGCCT-1,0.000009,0.045216,0.930513,0.000018,0.024226,0.000009,0.000009
AAGTGACGACCGAATT-1,0.237358,0.000129,0.000129,0.594352,0.167772,0.000129,0.000129
AAGTGAGTCGGGTTTA-1,0.113582,0.012559,0.004711,0.150475,0.718432,0.00012,0.00012
AAGTGCAAAGGTAGAC-1,0.636781,0.2235,0.000021,0.062865,0.076791,0.000021,0.000021
AAGTGCCTTGACTGTA-1,0.302234,0.664682,0.000026,0.02937,0.003636,0.000026,0.000026
AAGTGCGTTAGAATCT-1,0.000079,0.273344,0.000079,0.377768,0.348573,0.000079,0.000079
AAGTGCTTCTCTATTG-1,0.079644,0.198962,0.016639,0.622897,0.081674,0.000092,0.000092
AAGTGTTTGGAGACGG-1,0.100053,0.078632,0.000053,0.504845,0.316312,0.000053,0.000053
AAGTTCACTCCAAGCT-1,0.059387,0.000078,0.000078,0.364006,0.576295,0.000078,0.000078
AAGTTCAGTCTGCGTA-1,0.000353,0.012187,0.000006,0.019168,0.968275,0.000006,0.000006
AAGTTCGGCCAACAGG-1,0.020816,0.003901,0.000043,0.674027,0.301127,0.000043,0.000043
AAGTTGTGATGTTATA-1,0.346293,0.506924,0.000023,0.131847,0.014869,0.000023,0.000023
AAGTTTACTAATGGCA-1,0.000003,0.000003,0.000003,0.031497,0.968488,0.000003,0.000003
AAGTTTATGGGCCCAA-1,0.236421,0.032848,0.138482,0.171161,0.421063,0.000013,0.000013
AATAACAACGCTCGGC-1,0.029188,0.1506,0.000018,0.326921,0.493237,0.000018,0.000018
AATAACACTAGAACAA-1,0.043153,0.298064,0.169506,0.457138,0.032017,0.000061,0.000061
AATAACGTCGCGCCCA-1,0.000475,0.895428,0.000475,0.00095,0.101723,0.000475,0.000475
AATAAGTCCTCGAGAC-1,0.000005,0.004898,0.000005,0.018607,0.976477,0.000005,0.000005
AATAATCTTCGTATCG-1,0.579687,0.000044,0.000044,0.419869,0.000267,0.000044,0.000044
AATACAATGTTTCAGG-1,0.534729,0.355077,0.000098,0.109309,0.00059,0.000098,0.000098
AATACCGGAGGGCTGT-1,0.302036,0.055159,0.000234,0.640701,0.001403,0.000234,0.000234
AATACCTGATGTGAAC-1,0.126884,0.159162,0.000049,0.564685,0.149123,0.000049,0.000049
AATAGAACAGAGTGGC-1,0.14206,0.00023,0.118029,0.713638,0.025585,0.00023,0.00023
AATAGAATCTGTTTCA-1,0.151685,0.2943,0.000055,0.490563,0.063286,0.000055,0.000055
AATAGCAAGCCTCCTG-1,0.000006,0.000006,0.000006,0.02453,0.975442,0.000006,0.000006
AATAGCTACCGCGTGC-1,0.00235,0.011065,0.002444,0.035578,0.948552,0.000006,0.000006
AATAGGCACGACCCTT-1,0.00641,0.00641,0.00641,0.012821,0.955128,0.00641,0.00641
AATAGTCCGTCCCGAC-1,0.088028,0.084452,0.012821,0.351935,0.462277,0.000243,0.000243
AATAGTCGCGAGTCGG-1,0.277438,0.672641,0.000013,0.000026,0.049855,0.000013,0.000013
AATATCAAGGTCGGAT-1,0.010779,0.012435,0.000011,0.301012,0.67574,0.000011,0.000011
AATATCCTAGCAAACT-1,0.275014,0.021937,0.274838,0.19978,0.228318,0.000057,0.000057
AATATCGAATCAATGC-1,0.452791,0.465726,0.000029,0.081221,0.000175,0.000029,0.000029
AATATCGAGGGTTCTC-1,0.013421,0.026836,0.000012,0.293994,0.665714,0.000012,0.000012
AATATTGGAGTATTGA-1,0.473565,0.264967,0.000212,0.259555,0.001275,0.000212,0.000212
AATCAGGTTTCATTTA-1,0.000093,0.467218,0.013254,0.518689,0.000559,0.000093,0.000093
AATCATGTAAAGACTC-1,0.010313,0.989519,0.000015,0.000036,0.000088,0.000015,0.000015
AATCCAAGGGCCTGAG-1,0.008306,0.046446,0.000014,0.263225,0.681981,0.000014,0.000014
AATCCATGCAAGGGTG-1,0.486877,0.000023,0.000023,0.386269,0.126762,0.000023,0.000023
AATCCCGCTCAGAGCC-1,0.0005,0.264873,0.0005,0.000999,0.73213,0.0005,0.0005
AATCGAGGTCTCAAGG-1,0.741504,0.003846,0.003846,0.220034,0.023077,0.003846,0.003846
AATCGCCTCAGCGCCA-1,0.051346,0.033415,0.001959,0.334411,0.57882,0.000024,0.000024
AATCGCGCAGAGGACT-1,0.10149,0.828354,0.000028,0.019111,0.050961,0.000028,0.000028
AATCGGGACACTACGA-1,0.007794,0.006003,0.000007,0.138748,0.847433,0.000007,0.000007
AATCGGTATAGCCCTC-1,0.544798,0.314415,0.000027,0.024171,0.116537,0.000027,0.000027
AATCGTGAGCCGAGCA-1,0.001986,0.081356,0.004901,0.245406,0.666323,0.000014,0.000014
AATCTAGGTTTACTTG-1,0.099239,0.000037,0.271684,0.511507,0.117458,0.000037,0.000037
AATCTATGCCGGAGCC-1,0.002898,0.043335,0.000008,0.116356,0.837387,0.000008,0.000008
AATCTCTACTGTGGTT-1,0.367544,0.559565,0.008248,0.064416,0.000171,0.000028,0.000028
AATCTGCGTTGGGACG-1,0.091442,0.000025,0.000025,0.472759,0.435699,0.000025,0.000025
AATCTGGCTTTCTAGT-1,0.020286,0.008803,0.66954,0.104955,0.196386,0.000015,0.000015
AATGACAGCAATGTCT-1,0.022807,0.050099,0.000036,0.422086,0.504901,0.000036,0.000036
AATGACGTAGGATGTC-1,0.070967,0.050019,0.053338,0.431211,0.39443,0.000018,0.000018
AATGACTGTCAGCCGG-1,0.00002,0.00002,0.00002,0.646847,0.353053,0.00002,0.00002
AATGAGTTCGCATATG-1,0.69585,0.000025,0.000025,0.101869,0.20218,0.000025,0.000025
AATGATGATACGCTAT-1,0.000011,0.000011,0.000011,0.357133,0.642812,0.000011,0.000011
AATGATGCGACTCCTG-1,0.000007,0.006037,0.000007,0.000127,0.99381,0.000007,0.000007
AATGCAACCGGGTACC-1,0.001297,0.109972,0.00001,0.308086,0.580614,0.00001,0.00001
AATGCACCAAGCAATG-1,0.001623,0.028491,0.000009,0.227973,0.741887,0.000009,0.000009
AATGGTCCACCGTTCA-1,0.244456,0.701547,0.000057,0.000113,0.053714,0.000057,0.000057
AATGGTTCTCACAAGC-1,0.008431,0.000025,0.000025,0.770673,0.220798,0.000025,0.000025
AATGTATGGCACTGTA-1,0.018677,0.205477,0.019581,0.754446,0.001734,0.000042,0.000042
AATGTGCCCGAGGTGT-1,0.322022,0.000379,0.113429,0.561138,0.002274,0.000379,0.000379
AATGTGCTAATCTGAG-1,0.289714,0.345731,0.000263,0.362193,0.001575,0.000263,0.000263
AATGTTAAGACCCTGA-1,0.126509,0.207347,0.000085,0.064106,0.601782,0.000085,0.000085
AATGTTGTCGTGAGAC-1,0.519413,0.39876,0.000037,0.081492,0.000223,0.000037,0.000037
AATTAAAGGTCGGCGT-1,0.000008,0.030101,0.000008,0.026053,0.943815,0.000008,0.000008
AATTAACGGATTTCCA-1,0.000348,0.31081,0.000348,0.685709,0.002088,0.000348,0.000348
AATTACGAGACCCATC-1,0.129302,0.009107,0.014787,0.843731,0.002999,0.000037,0.000037
AATTACTCGTACGCTC-1,0.236111,0.70712,0.000019,0.005034,0.051678,0.000019,0.000019
AATTAGCGCTGCAGCG-1,0.03446,0.091966,0.016035,0.705306,0.15212,0.000057,0.000057
AATTATACCCAGCAAG-1,0.152397,0.00029,0.00029,0.495276,0.351166,0.00029,0.00029
AATTCATAAGGGATCT-1,0.000637,0.012105,0.000008,0.042167,0.945068,0.000008,0.000008
AATTCATTGTCATGCA-1,0.106467,0.124251,0.018191,0.666406,0.084575,0.000056,0.000056
AATTCCAAGCATGTAC-1,0.06591,0.008245,0.000054,0.652467,0.273215,0.000054,0.000054
AATTCGATTCGAGGAT-1,0.065547,0.014113,0.008559,0.750459,0.161229,0.000046,0.000046
AATTCTAGAGTTAGGC-1,0.076509,0.054546,0.012782,0.722448,0.133601,0.000057,0.000057
AATTGAACGCTCTGGT-1,0.023303,0.220857,0.000096,0.304952,0.450601,0.000096,0.000096
AATTGCAGCAATCGAC-1,0.496626,0.431068,0.000025,0.07208,0.000151,0.000025,0.000025
AATTGCGTGGATTACA-1,0.003202,0.610496,0.003142,0.363122,0.019991,0.000023,0.000023
AATTGTGGTTGCCAAA-1,0.304145,0.621735,0.000016,0.073979,0.000094,0.000016,0.000016
AATTTGGGACATAGTA-1,0.00393,0.019263,0.000012,0.24896,0.72781,0.000012,0.000012
AATTTGGTTCCAAAGA-1,0.000004,0.000004,0.000004,0.093295,0.906683,0.000004,0.000004
ACAAACCATGCGTCCT-1,0.21578,0.130969,0.00393,0.649203,0.000088,0.000015,0.000015
ACAAACTCCATCAGAG-1,0.095185,0.894104,0.000974,0.001947,0.005842,0.000974,0.000974
ACAAAGAAGGTAGGCC-1,0.129204,0.021363,0.449026,0.343779,0.056601,0.000013,0.000013
ACAAAGCATGACCTAG-1,0.280201,0.582638,0.000018,0.107784,0.029324,0.000018,0.000018
ACAAATCGCACCGAAT-1,0.062237,0.034025,0.000058,0.57584,0.327724,0.000058,0.000058
ACAAATGGTAGTGTTT-1,0.232309,0.207918,0.000189,0.363556,0.195651,0.000189,0.000189
ACAAATTCAGATCTGA-1,0.000005,0.000005,0.000005,0.002248,0.997728,0.000005,0.000005
ACAACAGCATGAGCTA-1,0.005136,0.029239,0.000011,0.177711,0.787881,0.000011,0.000011
ACAACGGTCCCTGCGA-1,0.2507,0.000019,0.090307,0.506534,0.152403,0.000019,0.000019
ACAAGCAGTGCCTAGC-1,0.166573,0.199524,0.001959,0.373221,0.25865,0.000037,0.000037
ACAAGCTATATGGAAG-1,0.002653,0.002653,0.146233,0.005305,0.837852,0.002653,0.002653
ACAAGGAAATCCGCCC-1,0.029988,0.147891,0.006573,0.428546,0.386965,0.000019,0.000019
ACAAGGACAAGAGGTT-1,0.006265,0.105544,0.00001,0.375071,0.513091,0.00001,0.00001
ACAAGGATGCTTTAGG-1,0.009923,0.035381,0.000069,0.478306,0.476183,0.000069,0.000069
ACAAGGGCAGGCTCTG-1,0.002663,0.023708,0.001427,0.07273,0.899459,0.000006,0.000006
ACAAGTAATTGTAAGG-1,0.36292,0.001789,0.001789,0.003578,0.626346,0.001789,0.001789
ACAATAGTCGTACGTT-1,0.030844,0.154971,0.000065,0.603903,0.210087,0.000065,0.000065
ACAATCCATTTAAACC-1,0.00778,0.061705,0.000016,0.567275,0.363193,0.000016,0.000016
ACAATGAATACGGAGA-1,0.152301,0.190733,0.101965,0.553423,0.001183,0.000197,0.000197
ACAATGATTCTTCTAC-1,0.001139,0.000005,0.000005,0.009337,0.989504,0.000005,0.000005
ACAATTGTGTCTCTTT-1,0.486606,0.279472,0.000027,0.164505,0.069336,0.000027,0.000027
ACAATTTAGGAGGCTC-1,0.575648,0.303994,0.000025,0.012839,0.107443,0.000025,0.000025
ACAATTTGAGCAGTGG-1,0.028419,0.000017,0.000017,0.437479,0.534035,0.000017,0.000017
ACAATTTGGCCATATT-1,0.079979,0.064587,0.000039,0.398113,0.457205,0.000039,0.000039
ACACAAAGACGGGTGG-1,0.004032,0.000066,0.000013,0.594542,0.401322,0.000013,0.000013
ACACAAATATTCCTAG-1,0.001732,0.000516,0.000005,0.101362,0.896375,0.000005,0.000005
ACACACCAGGACCAGT-1,0.649441,0.092196,0.000043,0.212489,0.045744,0.000043,0.000043
ACACACTTTCTACACG-1,0.002924,0.011687,0.000007,0.118786,0.866581,0.000007,0.000007
ACACATGATCAAATCT-1,0.214084,0.036065,0.106303,0.64311,0.000329,0.000055,0.000055
ACACATTGACGCAACA-1,0.662937,0.266851,0.000055,0.023124,0.046923,0.000055,0.000055
ACACATTTCCGTAGAC-1,0.08563,0.246519,0.000023,0.578186,0.089595,0.000023,0.000023
ACACCACATAATTAGC-1,0.006103,0.013731,0.000006,0.188243,0.791907,0.000006,0.000006
ACACCCAGCATGCAGC-1,0.014337,0.000021,0.000021,0.797014,0.188566,0.000021,0.000021
ACACCCGAGAAATCCG-1,0.000012,0.000012,0.000012,0.553623,0.446319,0.000012,0.000012
ACACCGAGCGCTCTTT-1,0.346081,0.642565,0.000023,0.000046,0.011239,0.000023,0.000023
ACACCGGTCTGACCGC-1,0.379075,0.001259,0.010078,0.60919,0.000299,0.00005,0.00005
ACACCTTAAGTAGGGC-1,0.000008,0.000008,0.001234,0.095947,0.902785,0.000008,0.000008
ACACCTTACTACTTGC-1,0.361626,0.546406,0.000028,0.07624,0.015643,0.000028,0.000028
ACACGAGACTCCTTCT-1,0.008567,0.040877,0.002477,0.000059,0.948002,0.00001,0.00001
ACACGGCACTATGCAT-1,0.006057,0.00303,0.009766,0.311405,0.669716,0.000013,0.000013
ACACGGGAACTTAGGG-1,0.034482,0.038064,0.000018,0.516223,0.411177,0.000018,0.000018
ACACGTAGGCCACAAG-1,0.087869,0.881288,0.000019,0.030674,0.000113,0.000019,0.000019
ACACTCCAATGTCACT-1,0.893556,0.000086,0.000086,0.000626,0.105473,0.000086,0.000086
ACACTGATCAAGGTGT-1,0.070081,0.177008,0.069357,0.463174,0.220182,0.000099,0.000099
ACACTGGGACAGTCGT-1,0.693706,0.081882,0.000032,0.207302,0.017015,0.000032,0.000032
ACAGAACTGAGAACAA-1,0.438934,0.000542,0.074933,0.428988,0.05552,0.000542,0.000542
ACAGATTAGGTTAGTG-1,0.017902,0.019421,0.000007,0.109025,0.853633,0.000007,0.000007
ACAGCATAGAGCCAGT-1,0.034841,0.000011,0.000011,0.162671,0.802445,0.000011,0.000011
ACAGCGACATTCTCAT-1,0.46334,0.35681,0.000028,0.179602,0.000165,0.000028,0.000028
ACAGCGCACCCGCAGC-1,0.000296,0.000008,0.000008,0.010705,0.988969,0.000008,0.000008
ACAGGCACGGATCCTT-1,0.109559,0.110015,0.000023,0.755731,0.024625,0.000023,0.000023
ACAGGCTTGCCCGACT-1,0.04536,0.048774,0.000087,0.678843,0.226762,0.000087,0.000087
ACAGGTGGAGGTGAGG-1,0.087706,0.000142,0.041278,0.625522,0.245068,0.000142,0.000142
ACAGGTGTGTTGTTGC-1,0.005917,0.433696,0.005917,0.011835,0.530801,0.005917,0.005917
ACAGTAATACAACTTG-1,0.004612,0.169077,0.009707,0.698138,0.118378,0.000044,0.000044
ACAGTATACCGTGGGA-1,0.000008,0.000008,0.000008,0.291906,0.708055,0.000008,0.000008
ACATAAGTCGTGGTGA-1,0.113798,0.241439,0.010745,0.633263,0.000567,0.000095,0.000095
ACATAATAAGGCGGTG-1,0.004694,0.103884,0.000014,0.478842,0.412538,0.000014,0.000014
ACATACAATCAAGCGG-1,0.001115,0.218646,0.001115,0.770205,0.006689,0.001115,0.001115
ACATCAGCTGGGACGC-1,0.39082,0.526785,0.002077,0.075789,0.004485,0.000022,0.000022
ACATCCCGGCCATACG-1,0.000116,0.248824,0.000116,0.274722,0.475988,0.000116,0.000116
ACATCCTGGTAACTGT-1,0.170072,0.772199,0.00002,0.04803,0.009639,0.00002,0.00002
ACATCGATCGTTTACC-1,0.030255,0.022762,0.009224,0.555303,0.382419,0.000018,0.000018
ACATCGCAATATTCGG-1,0.416343,0.004049,0.004049,0.008097,0.559365,0.004049,0.004049
ACATCGGTCAGCCGCG-1,0.002442,0.088446,0.000014,0.167325,0.741746,0.000014,0.000014
ACATCGTATGCAATGG-1,0.005747,0.245245,0.000029,0.233439,0.515483,0.000029,0.000029
ACATCGTTAACCTAGT-1,0.006096,0.000653,0.000015,0.384417,0.608788,0.000015,0.000015
ACATCTCAACGCGTAA-1,0.01567,0.026756,0.000013,0.407529,0.550007,0.000013,0.000013
ACATGCTTACGGCAGC-1,0.123329,0.472882,0.00005,0.23837,0.16527,0.00005,0.00005
ACATGGCGCCAAAGTA-1,0.363854,0.482125,0.000017,0.111327,0.042641,0.000017,0.000017
ACATGGCTCAATTTAG-1,0.899813,0.011327,0.004553,0.001196,0.082976,0.000067,0.000067
ACATTAGTTTATATCC-1,0.00564,0.045214,0.020337,0.748875,0.1798,0.000068,0.000068
ACATTCGCGCGGAATA-1,0.06703,0.518433,0.000062,0.401999,0.012353,0.000062,0.000062
ACATTTGAAACCTAAC-1,0.111344,0.107412,0.000724,0.452779,0.32771,0.000016,0.000016
ACCAAACACCCAGCGA-1,0.000254,0.000006,0.000006,0.176678,0.823046,0.000006,0.000006
ACCAACACCACACACT-1,0.018181,0.000008,0.000008,0.208236,0.773553,0.000008,0.000008
ACCAACCGCACTCCAC-1,0.225534,0.661299,0.000017,0.043731,0.069385,0.000017,0.000017
ACCAACGCTTATTTAT-1,0.1517,0.000249,0.072324,0.773735,0.001494,0.000249,0.000249
ACCAAGAACGCGTGTC-1,0.025237,0.000014,0.000014,0.459044,0.515664,0.000014,0.000014
ACCAAGTCATCGGCAG-1,0.385628,0.476567,0.001669,0.043869,0.092232,0.000017,0.000017
ACCAATATGCAAGTTA-1,0.027914,0.060361,0.000039,0.311445,0.600165,0.000039,0.000039
ACCACAACTCAGAACA-1,0.000004,0.000004,0.000004,0.021361,0.978619,0.000004,0.000004
ACCACAAGTTTCTATC-1,0.004998,0.004116,0.000013,0.396909,0.593938,0.000013,0.000013
ACCACACGGTTGATGG-1,0.000107,0.196821,0.039629,0.04762,0.715609,0.000107,0.000107
ACCACCAATGTAACAA-1,0.080276,0.787106,0.000014,0.100184,0.032393,0.000014,0.000014
ACCACCCTCTCTTCTA-1,0.000004,0.000004,0.000004,0.112428,0.88755,0.000004,0.000004
ACCACGTGCAGCTATA-1,0.02059,0.047749,0.021781,0.446694,0.463149,0.000019,0.000019
ACCACTGTTCAAGAAG-1,0.457665,0.540594,0.000025,0.001517,0.00015,0.000025,0.000025
ACCAGACCATAACAAC-1,0.104771,0.443421,0.390787,0.000026,0.060969,0.000013,0.000013
ACCAGCCCGGTCTTTG-1,0.004703,0.020241,0.000012,0.311869,0.663149,0.000012,0.000012
ACCAGTGCCCGGTCAA-1,0.000004,0.000004,0.000004,0.000081,0.999898,0.000004,0.000004
ACCAGTGCGGGAGACG-1,0.240937,0.690611,0.000024,0.065971,0.00241,0.000024,0.000024
ACCATATCCGCAATAA-1,0.011223,0.001409,0.000013,0.534071,0.453259,0.000013,0.000013
ACCATCCGCCAACTAG-1,0.019807,0.078363,0.011092,0.270835,0.619854,0.000025,0.000025
ACCATCGTATATGGTA-1,0.00001,0.005437,0.00001,0.021217,0.973306,0.00001,0.00001
ACCATTAAGGGTGTCA-1,0.730186,0.263798,0.005557,0.000092,0.000276,0.000046,0.000046
ACCCAACGCCCGTGGC-1,0.013926,0.000016,0.000016,0.535656,0.450355,0.000016,0.000016
ACCCACCTACATGCTC-1,0.498641,0.000023,0.011905,0.45981,0.029576,0.000023,0.000023
ACCCATCTTGAGGGTA-1,0.00048,0.026337,0.000015,0.391833,0.581303,0.000015,0.000015
ACCCATTTGTCCCTCT-1,0.840677,0.001423,0.012759,0.052017,0.093056,0.000034,0.000034
ACCCGAGCGAAATTAC-1,0.000174,0.225056,0.029137,0.304888,0.440396,0.000174,0.000174
ACCCGATTGGTTCCGA-1,0.293512,0.166233,0.000359,0.53702,0.002157,0.000359,0.000359
ACCCGGAAACTCCCAG-1,0.124936,0.314149,0.000196,0.559153,0.001174,0.000196,0.000196
ACCCGGAGCACCACAA-1,0.122188,0.803969,0.000014,0.073716,0.000085,0.000014,0.000014
ACCCGGATGACGCATC-1,0.286627,0.269738,0.000034,0.131923,0.31161,0.000034,0.000034
ACCCGGTTACACTTCC-1,0.000025,0.000025,0.000025,0.692097,0.307778,0.000025,0.000025
ACCCGTAGCAGAGAAT-1,0.161204,0.210446,0.000144,0.627056,0.000863,0.000144,0.000144
ACCCGTAGTCTAGTTG-1,0.212102,0.689747,0.000017,0.097995,0.000104,0.000017,0.000017
ACCCGTGTCATCAGTA-1,0.000261,0.242053,0.000261,0.283708,0.473195,0.000261,0.000261
ACCCTATAGGACTGAG-1,0.878833,0.000116,0.000116,0.120009,0.000695,0.000116,0.000116
ACCCTATGCCATATCG-1,0.000285,0.142198,0.010348,0.00057,0.84603,0.000285,0.000285
ACCCTCCCGTCAGGGC-1,0.4088,0.410708,0.000021,0.126639,0.053792,0.000021,0.000021
ACCCTCCCTTGCTATT-1,0.185318,0.121286,0.000162,0.160528,0.532383,0.000162,0.000162
ACCCTGGTAACGCCCT-1,0.007081,0.001424,0.000007,0.168146,0.823327,0.000007,0.000007
ACCCTTCATCTGCGAA-1,0.014986,0.043048,0.00001,0.116591,0.825346,0.00001,0.00001
ACCCTTGCCTGGGTCG-1,0.000232,0.00001,0.001426,0.411957,0.586355,0.00001,0.00001
ACCCTTTAGTTCTCCA-1,0.014602,0.010319,0.000012,0.180982,0.794061,0.000012,0.000012
ACCGAAAGGGCCCTGC-1,0.011304,0.00835,0.000006,0.196694,0.783634,0.000006,0.000006
ACCGAAGAGTCTGGTT-1,0.169142,0.237048,0.000373,0.590449,0.002241,0.000373,0.000373
ACCGACACATCTCCCA-1,0.205801,0.015053,0.107184,0.671103,0.000644,0.000107,0.000107
ACCGACTGAGTCCCAC-1,0.007001,0.004165,0.00001,0.156569,0.832236,0.00001,0.00001
ACCGAGTCTCCTTATT-1,0.031788,0.147633,0.000029,0.668413,0.152081,0.000029,0.000029
ACCGATAGGCATAACC-1,0.779562,0.01505,0.000029,0.205127,0.000174,0.000029,0.000029
ACCGATATTTAATCAT-1,0.334871,0.573903,0.000031,0.090947,0.000187,0.000031,0.000031
ACCGATGGTAGCATCG-1,0.012407,0.925153,0.00001,0.000021,0.062388,0.00001,0.00001
ACCGCAATAACTGCCT-1,0.051859,0.059195,0.063911,0.459317,0.365678,0.000021,0.000021
ACCGCGGTGGAAGTCG-1,0.755174,0.000026,0.00268,0.234546,0.007523,0.000026,0.000026
ACCGCTAGTCATTGGT-1,0.171851,0.208,0.000146,0.618836,0.000876,0.000146,0.000146
ACCGGGCCTTTGTTGA-1,0.688946,0.161305,0.000032,0.147731,0.001921,0.000032,0.000032
ACCGGTCAGGTACACC-1,0.183,0.052768,0.000073,0.763572,0.00044,0.000073,0.000073
ACCGTCCACTGGGCCC-1,0.037786,0.075074,0.006058,0.405064,0.475994,0.000013,0.000013
ACCGTGACCACGTGGG-1,0.000176,0.000176,0.000176,0.998059,0.001059,0.000176,0.000176
ACCGTTCCCGCTCTGA-1,0.000006,0.000635,0.000006,0.051156,0.948183,0.000006,0.000006
ACCTAAGTACCTTTCA-1,0.010176,0.099725,0.052189,0.716744,0.121079,0.000043,0.000043
ACCTAATCGACTTCCT-1,0.106246,0.042363,0.00004,0.851027,0.000243,0.00004,0.00004
ACCTACAGTATGTGGT-1,0.189304,0.763584,0.000029,0.028856,0.018169,0.000029,0.000029
ACCTACTATAAATCTA-1,0.067002,0.244894,0.00004,0.683931,0.004054,0.00004,0.00004
ACCTCAGCGAGGCGCA-1,0.131084,0.267424,0.001241,0.160679,0.43709,0.001241,0.001241
ACCTCCGCCCTCGCTG-1,0.91513,0.000053,0.000053,0.084336,0.000321,0.000053,0.000053
ACCTCCGTTATTCACC-1,0.000285,0.105649,0.000013,0.217858,0.67617,0.000013,0.000013
ACCTCGAACTTATGCT-1,0.130703,0.256358,0.000034,0.61261,0.000226,0.000034,0.000034
ACCTGCGTGTCATGTT-1,0.001611,0.102602,0.000065,0.375852,0.519742,0.000065,0.000065
ACGAAATGGGCGGCAC-1,0.161572,0.135626,0.000078,0.702103,0.000466,0.000078,0.000078
ACGACCCATGAGTTGC-1,0.144556,0.772449,0.000016,0.068771,0.014175,0.000016,0.000016
ACGACTCTAGGGCCGA-1,0.032699,0.259314,0.000023,0.559144,0.148775,0.000023,0.000023
ACGACTGGTCATACTC-1,0.105721,0.242155,0.000182,0.650483,0.001094,0.000182,0.000182
ACGAGAACCCATCACG-1,0.033979,0.015225,0.000012,0.349535,0.601224,0.000012,0.000012
ACGAGATATTTGCTTA-1,0.000014,0.000014,0.000014,0.303154,0.696777,0.000014,0.000014
ACGAGGATACCACTCT-1,0.000125,0.487869,0.024205,0.469449,0.018103,0.000125,0.000125
ACGAGGTTTACAACGT-1,0.000147,0.103267,0.000147,0.000294,0.895852,0.000147,0.000147
ACGAGTACGGATGCCC-1,0.001951,0.001383,0.000006,0.013686,0.982963,0.000006,0.000006
ACGATACATAGAACTA-1,0.038603,0.01493,0.000011,0.143995,0.80244,0.000011,0.000011
ACGATACCTATCCTGA-1,0.003077,0.237481,0.003077,0.006154,0.744057,0.003077,0.003077
ACGATCATACATAGAG-1,0.000015,0.000015,0.000015,0.559211,0.440712,0.000015,0.000015
ACGATCATCTTGTAAA-1,0.216329,0.564089,0.000066,0.176664,0.042719,0.000066,0.000066
ACGATGCATATGTTAT-1,0.000007,0.008537,0.00065,0.002094,0.988699,0.000007,0.000007
ACGATGGATCCGATGC-1,0.055617,0.000018,0.006915,0.177788,0.759626,0.000018,0.000018
ACGCAAACTAATAGAT-1,0.082268,0.000129,0.061364,0.855207,0.000774,0.000129,0.000129
ACGCAATCACTACAGC-1,0.000005,0.022202,0.000005,0.002358,0.975419,0.000005,0.000005
ACGCATAAATGACATG-1,0.001423,0.022999,0.000032,0.108047,0.867435,0.000032,0.000032
ACGCATACGTTTACTA-1,0.453716,0.44252,0.002398,0.101146,0.000165,0.000027,0.000027
ACGCATTCGTGAGTAC-1,0.000854,0.011194,0.000011,0.128412,0.859509,0.000011,0.000011
ACGCCACTCGAAACAG-1,0.044738,0.326657,0.000067,0.048917,0.579488,0.000067,0.000067
ACGCCAGATGATTTCT-1,0.030897,0.002495,0.000014,0.152876,0.813691,0.000014,0.000014
ACGCCAGTGCGTTTGC-1,0.493409,0.357126,0.000047,0.135835,0.013487,0.000047,0.000047
ACGCCGCTAGACGACC-1,0.008137,0.019448,0.003677,0.320304,0.648412,0.000011,0.000011
ACGCGAAGTCAGACGA-1,0.00485,0.000027,0.086541,0.778591,0.129936,0.000027,0.000027
ACGCGCTACACAGGGT-1,0.00032,0.138811,0.000014,0.090391,0.770437,0.000014,0.000014
ACGCGGGCCAAGGACA-1,0.000008,0.056556,0.000008,0.025421,0.917992,0.000008,0.000008
ACGCGTTTCTTAAGAG-1,0.468985,0.530717,0.000027,0.000054,0.000162,0.000027,0.000027
ACGCTACTGAATGGGC-1,0.236095,0.762541,0.000124,0.000248,0.000744,0.000124,0.000124
ACGCTAGTGATACACT-1,0.0085,0.008069,0.00001,0.177922,0.805481,0.00001,0.00001
ACGCTGTGAGGCGTAG-1,0.271778,0.387088,0.012382,0.302314,0.026381,0.000028,0.000028
ACGCTTAGTGTCTCTC-1,0.003193,0.000018,0.000666,0.080609,0.915479,0.000018,0.000018
ACGGAACACGAGTGCC-1,0.183521,0.142201,0.000025,0.587325,0.086877,0.000025,0.000025
ACGGAATTTAGCAAAT-1,0.157647,0.000053,0.000053,0.841821,0.000319,0.000053,0.000053
ACGGACGCAGCGACAA-1,0.044976,0.473202,0.00015,0.405258,0.076113,0.00015,0.00015
ACGGACTCTCAAAGCG-1,0.083358,0.143382,0.000037,0.67504,0.09811,0.000037,0.000037
ACGGAGCGCAAATTAC-1,0.002663,0.002086,0.000007,0.161936,0.833293,0.000007,0.000007
ACGGATGGTGCGGATA-1,0.029175,0.055515,0.00003,0.382405,0.532816,0.00003,0.00003
ACGGCACTTGCTTGGG-1,0.015031,0.240567,0.00592,0.603342,0.134954,0.000093,0.000093
ACGGCCAACATGGACT-1,0.113757,0.149691,0.017223,0.717651,0.001258,0.00021,0.00021
ACGGCGACGATGGGAA-1,0.030991,0.043566,0.082744,0.390586,0.452082,0.000016,0.000016
ACGGCGGGTTGCCCTG-1,0.175793,0.000048,0.000048,0.508234,0.31578,0.000048,0.000048
ACGGCTGGATGTAGAA-1,0.334418,0.067534,0.014059,0.568681,0.015252,0.000027,0.000027
ACGGGAGTGTCGGCCC-1,0.081552,0.062175,0.000076,0.370355,0.485689,0.000076,0.000076
ACGGGCGTATGCGACA-1,0.001001,0.028285,0.000004,0.000007,0.970697,0.000004,0.000004
ACGGGTCATGTGACTT-1,0.893363,0.000027,0.001838,0.004331,0.100386,0.000027,0.000027
ACGGGTTGTGACCTGT-1,0.258307,0.020339,0.000123,0.720245,0.00074,0.000123,0.000123
ACGGTACAGTTCAATG-1,0.094372,0.127234,0.000021,0.626983,0.151348,0.000021,0.000021
ACGGTCACCGAGAACA-1,0.245308,0.281117,0.000151,0.472217,0.000905,0.000151,0.000151
ACGTACAGATTTCTCT-1,0.020654,0.00001,0.00001,0.134429,0.844876,0.00001,0.00001
ACGTACTTTGGCACGG-1,0.000315,0.478082,0.000204,0.519771,0.001221,0.000204,0.000204
ACGTAGATTGCTGATG-1,0.006542,0.009737,0.000009,0.050982,0.932711,0.000009,0.000009
ACGTAGGAGAGTCGCT-1,0.006268,0.150719,0.008048,0.721863,0.113049,0.000027,0.000027
ACGTATTACTCCGATC-1,0.298431,0.532628,0.000021,0.041251,0.127628,0.000021,0.000021
ACGTCGGGCAACTCGG-1,0.101728,0.271363,0.000013,0.094941,0.531929,0.000013,0.000013
ACGTCTCGTTCCGGGA-1,0.115235,0.104099,0.305718,0.291486,0.18342,0.000021,0.000021
ACGTGACAAAGTAAGT-1,0.189619,0.000059,0.064828,0.745022,0.000354,0.000059,0.000059
ACGTGCGCCTCGTGCA-1,0.012225,0.023871,0.000014,0.217928,0.745933,0.000014,0.000014
ACGTTAATGTCGAAGA-1,0.007488,0.006439,0.000887,0.16678,0.818391,0.000008,0.000008
ACGTTAGATTTGCCCG-1,0.001407,0.048711,0.000015,0.273154,0.676684,0.000015,0.000015
ACGTTATTGGTCACTC-1,0.526159,0.408654,0.002671,0.048498,0.013906,0.000056,0.000056
ACGTTCACTATGCCGC-1,0.00003,0.443848,0.001787,0.00006,0.554215,0.00003,0.00003
ACGTTCCGCGCTCCGT-1,0.024441,0.000009,0.000009,0.257859,0.717662,0.000009,0.000009
ACGTTCGCAATCAATT-1,0.012103,0.007179,0.000012,0.275376,0.705306,0.000012,0.000012
ACGTTCGTTCAGGAAA-1,0.12135,0.011132,0.005941,0.634935,0.226373,0.000134,0.000134
ACGTTCTGTACAAGTC-1,0.123555,0.01821,0.000073,0.712548,0.14547,0.000073,0.000073
ACGTTGTCGTTGAAAG-1,0.275031,0.212519,0.000281,0.509923,0.001684,0.000281,0.000281
ACGTTTAGTTGTGATC-1,0.032655,0.035829,0.000016,0.168608,0.762861,0.000016,0.000016
ACGTTTCGGTGCACTT-1,0.787079,0.10284,0.000268,0.107668,0.001608,0.000268,0.000268
