Barcode,Topic 1,Topic 2,Topic 3to4,Topic 5,Topic 6to8,Topic 9,Topic 10,Topic 11,Topic 12
AAACAAGTATCTCCCA-1,0.000011,0.080544,0.040669,0.037538,0.80437,0.01181,0.01102,0.004384,0.009653
AAACAATCTACTAGCA-1,0.000033,0.000033,0.000065,0.000033,0.000098,0.641923,0.057065,0.281228,0.019523
AAACACCAATAACTGC-1,0.00001,0.087319,0.684391,0.008279,0.146595,0.00629,0.034379,0.004902,0.027835
AAACAGAGCGACTCCT-1,0.000108,0.000108,0.000217,0.000108,0.000325,0.000108,0.503326,0.468827,0.026872
AAACAGCTTTCAGAAG-1,0.000009,0.482743,0.341572,0.008538,0.077679,0.016128,0.042932,0.009205,0.021193
AAACAGGGTCTATATT-1,0.000011,0.45769,0.249938,0.020263,0.078534,0.013914,0.039452,0.064981,0.075218
AAACATTTCCCGGATT-1,0.000013,0.031739,0.163348,0.019345,0.661166,0.024943,0.019773,0.006427,0.073245
AAACCACTACACAGAT-1,0.000106,0.000106,0.29489,0.000106,0.028924,0.111862,0.070146,0.481135,0.012725
AAACCCGAACGAAATC-1,0.000011,0.03961,0.129625,0.037019,0.725023,0.024937,0.016509,0.003166,0.0241
AAACCGGAAATGTTAA-1,0.053194,0.074404,0.042368,0.087762,0.242997,0.030984,0.097759,0.085576,0.284957
AAACCGGGTAGGTACC-1,0.00002,0.223413,0.339422,0.00455,0.243165,0.015195,0.079004,0.029963,0.065268
AAACCGTTCGTCCAGG-1,0.000021,0.073065,0.166867,0.006893,0.272058,0.067564,0.098852,0.016264,0.298416
AAACCTAAGCAGCCGG-1,0.000016,0.012172,0.165094,0.026333,0.303724,0.026705,0.33892,0.023383,0.103652
AAACCTCATGAAGTTG-1,0.00001,0.360122,0.327136,0.013894,0.226719,0.015237,0.023397,0.009936,0.02355
AAACGAAGAACATACC-1,0.000011,0.003057,0.001188,0.000011,0.326261,0.66944,0.000011,0.000011,0.000011
AAACGACAGTCTTGCC-1,0.000163,0.000163,0.013265,0.000163,0.038529,0.000163,0.575728,0.091698,0.280126
AAACGAGACGGTTGAT-1,0.334898,0.091454,0.033988,0.226583,0.173877,0.008228,0.018303,0.071372,0.041297
AAACGCCCGAGATCGG-1,0.000185,0.000185,0.00037,0.000185,0.000554,0.000185,0.250361,0.747792,0.000185
AAACGGGTTGGTATCC-1,0.000074,0.000074,0.000148,0.000074,0.000222,0.861028,0.049944,0.037646,0.050789
AAACGTGTTCGCCCTA-1,0.019578,0.063239,0.000157,0.009128,0.368421,0.000078,0.021507,0.475335,0.042557
AAACTAACGTGGCGAC-1,0.000152,0.000152,0.000303,0.000152,0.477996,0.000152,0.337072,0.183872,0.000152
AAACTCGGTTCGCAAT-1,0.000017,0.033338,0.348498,0.009008,0.225716,0.026847,0.237409,0.054457,0.064709
AAACTCGTGATATAAG-1,0.03674,0.000074,0.000147,0.084003,0.44036,0.016036,0.109429,0.210462,0.10275
AAACTGCTGGCTCCAA-1,0.006403,0.001542,0.127534,0.049095,0.213627,0.009876,0.304482,0.057052,0.230389
AAACTTGCAAACGTAT-1,0.000007,0.78381,0.080118,0.005325,0.054157,0.014074,0.013616,0.012771,0.036122
AAAGACATGAAGTTTA-1,0.000017,0.008203,0.186773,0.000017,0.125414,0.617887,0.054268,0.006319,0.001101
AAAGACCCAAGTCGCG-1,0.000033,0.000033,0.018463,0.004709,0.001589,0.460466,0.29103,0.165102,0.058575
AAAGACTGGGCGCTTT-1,0.065221,0.072177,0.332843,0.075886,0.175004,0.0167,0.199722,0.019169,0.043278
AAAGCTTGCCTACATA-1,0.021913,0.000056,0.000113,0.000056,0.000169,0.073474,0.694752,0.197437,0.01203
AAAGGCTACGGACCAT-1,0.000015,0.083378,0.217143,0.001015,0.433707,0.042464,0.154511,0.025016,0.042751
AAAGGCTCTCGCGCCG-1,0.000015,0.016062,0.256732,0.000965,0.523167,0.046788,0.094417,0.0061,0.055755
AAAGGGATGTAGCAAG-1,0.000066,0.000066,0.000132,0.000066,0.000199,0.265781,0.59441,0.131733,0.007545
AAAGGGCAGCTTGAAT-1,0.000047,0.000047,0.141042,0.000047,0.000141,0.023261,0.81614,0.006928,0.012347
AAAGGTAAGCTGTACC-1,0.000075,0.039355,0.040632,0.000075,0.323082,0.000075,0.069318,0.34464,0.182747
AAAGGTCAACGACATG-1,0.000014,0.011952,0.022861,0.000014,0.5787,0.386416,0.000014,0.000014,0.000014
AAAGTAGCATTGCTCA-1,0.000022,0.02466,0.433876,0.000022,0.036067,0.008371,0.143522,0.022153,0.331306
AAAGTCACTGATGTAA-1,0.000038,0.019021,0.015973,0.000038,0.161358,0.333844,0.099919,0.366395,0.003413
AAAGTCGACCCTCAGT-1,0.002482,0.089534,0.534233,0.004016,0.323721,0.038478,0.001214,0.004813,0.001509
AAAGTGTGATTTATCT-1,0.000022,0.035505,0.00797,0.059613,0.666109,0.00176,0.139843,0.065554,0.023622
AAAGTTGACTCCCGTA-1,0.00003,0.002525,0.055662,0.071185,0.323029,0.032531,0.316369,0.108385,0.090283
AAATAACCATACGGGA-1,0.00006,0.00006,0.000121,0.00006,0.029225,0.00006,0.060599,0.900283,0.00953
AAATAAGGTAGTGCCC-1,0.014261,0.131112,0.023131,0.339994,0.140578,0.049888,0.106946,0.05613,0.137959
AAATACCTATAAGCAT-1,0.000021,0.087873,0.183767,0.017561,0.469527,0.009669,0.114485,0.036669,0.08043
AAATAGCTTAGACTTT-1,0.028387,0.020566,0.062706,0.171882,0.159389,0.037494,0.329349,0.071604,0.118623
AAATAGGGTGCTATTG-1,0.000023,0.03773,0.103143,0.043057,0.479408,0.013494,0.221615,0.01906,0.08247
AAATCACTCCTAAACG-1,0.000156,0.000156,0.000313,0.000156,0.284238,0.003389,0.36105,0.350385,0.000156
AAATCCGATACACGCC-1,0.000009,0.029378,0.025241,0.014316,0.614191,0.061937,0.033483,0.041151,0.180294
AAATCGTGTACCACAA-1,0.000028,0.026292,0.20224,0.003839,0.443932,0.035508,0.157095,0.061862,0.069204
AAATCTAGCCCTGCTA-1,0.000011,0.036161,0.102445,0.014777,0.744004,0.024933,0.021957,0.005199,0.050513
AAATGATTCGATCAGC-1,0.000138,0.03754,0.000275,0.000138,0.168138,0.000138,0.38174,0.411756,0.000138
AAATGCTCGTTACGTT-1,0.00005,0.00005,0.000101,0.00005,0.000151,0.759862,0.037955,0.10367,0.09811
AAATGGCATGTCTTGT-1,0.000035,0.006291,0.000078,0.023031,0.423849,0.15932,0.023381,0.31702,0.046995
AAATGGCCCGTGCCCT-1,0.025708,0.079386,0.628651,0.006551,0.057463,0.038472,0.044955,0.018949,0.099865
AAATGGTCAATGTGCC-1,0.000047,0.000047,0.000093,0.000047,0.00014,0.047365,0.864086,0.009513,0.078663
AAATGTATCTTATCCC-1,0.244111,0.000077,0.119433,0.000077,0.000231,0.000077,0.635841,0.000077,0.000077
AAATGTGGGTGCTCCT-1,0.000037,0.000037,0.000074,0.000037,0.00011,0.611403,0.039276,0.30996,0.039067
AAATTAACGGGTAGCT-1,0.000086,0.000086,0.000171,0.000086,0.000257,0.000086,0.999058,0.000086,0.000086
AAATTAATAAGCGCGA-1,0.010103,0.044309,0.334952,0.001033,0.019244,0.031575,0.462904,0.034359,0.061522
AAATTACACGACTCTG-1,0.00005,0.032728,0.044364,0.00005,0.054553,0.256831,0.033139,0.206588,0.371698
AAATTACCTATCGATG-1,0.048703,0.000046,0.000093,0.000046,0.050508,0.000046,0.810865,0.089645,0.000046
AAATTCCAGGTCCAAA-1,0.002857,0.084566,0.043406,0.268082,0.375447,0.046301,0.062784,0.036885,0.079673
AAATTGATAGTCCTTT-1,0.000021,0.07463,0.26559,0.001075,0.353403,0.031727,0.112048,0.039772,0.121735
AAATTGCGGCGGTTCT-1,0.000098,0.000098,0.000196,0.000098,0.000294,0.278286,0.175675,0.545156,0.000098
AAATTGGTGAGAAGCA-1,0.000027,0.059553,0.000055,0.000027,0.871175,0.000027,0.000027,0.041451,0.027656
AAATTTACCGAAATCC-1,0.000039,0.000039,0.082083,0.000039,0.01045,0.085665,0.807169,0.014474,0.000039
AAATTTGCGGGTGTGG-1,0.000024,0.013235,0.426481,0.010637,0.169869,0.002551,0.078911,0.184289,0.114004
AACAACTGGTAGTTGC-1,0.000082,0.000082,0.000165,0.000082,0.000247,0.080198,0.865772,0.000082,0.053287
AACAATACATTGTCGA-1,0.00001,0.045309,0.245702,0.007024,0.569592,0.023705,0.041985,0.007677,0.058996
AACAATTACTCTACGC-1,0.000045,0.000694,0.349235,0.000045,0.000364,0.017358,0.476452,0.007015,0.148791
AACACACGCTCGCCGC-1,0.000012,0.025023,0.070268,0.009435,0.824,0.011367,0.010687,0.006991,0.042218
AACACGACTGTACTGA-1,0.000022,0.009658,0.030661,0.000022,0.289143,0.510527,0.002214,0.154967,0.002784
AACACGAGACGCGGCC-1,0.00002,0.154117,0.29469,0.001626,0.094128,0.011028,0.190209,0.041473,0.212709
AACACGCGGCCGCGAA-1,0.000028,0.000028,0.000056,0.001309,0.000085,0.663189,0.000028,0.29038,0.044897
AACAGCTGTGTGGCAA-1,0.000014,0.012336,0.529108,0.002605,0.081411,0.02071,0.129574,0.021787,0.202455
AACAGGAAATCGAATA-1,0.000024,0.000024,0.000048,0.001822,0.231747,0.674976,0.08372,0.007615,0.000024
AACAGGATGGGCCGCG-1,0.000038,0.056988,0.326341,0.018447,0.042541,0.085127,0.267545,0.02512,0.177853
AACAGGTAGTATGGAT-1,0.000021,0.017287,0.025281,0.212766,0.441293,0.01106,0.145532,0.053105,0.093654
AACATATCAACTGGTG-1,0.100813,0.000044,0.000088,0.000044,0.000133,0.000044,0.889946,0.008842,0.000044
AACATCGATACGTCTA-1,0.000101,0.026756,0.000201,0.006982,0.295985,0.000101,0.094174,0.346771,0.228929
AACATTGTGACTCGAG-1,0.000007,0.236764,0.257634,0.003925,0.455492,0.022012,0.014296,0.003296,0.006574
AACCAAGACTTCTCTG-1,0.000024,0.032668,0.400485,0.000024,0.019079,0.008095,0.348048,0.016038,0.17554
AACCAGTATCACTCTT-1,0.000069,0.000069,0.23493,0.000069,0.000207,0.391562,0.13949,0.034102,0.199501
AACCATGGGATCGCTA-1,0.000056,0.000056,0.000111,0.000056,0.000167,0.743312,0.010541,0.124177,0.121524
AACCCAGAGACGGAGA-1,0.000032,0.000032,0.000065,0.000032,0.000097,0.789608,0.000032,0.122318,0.087782
AACCCATCCCATGATC-1,0.000011,0.09771,0.771166,0.001632,0.043404,0.003399,0.007623,0.055162,0.019893
AACCCGAGCAGAATCG-1,0.012536,0.03373,0.094611,0.037585,0.762416,0.01648,0.027947,0.003272,0.011422
AACCCGATAGGGCTTC-1,0.000041,0.000252,0.002799,0.000443,0.488733,0.021522,0.129824,0.260746,0.095641
AACCCTACTGTCAATA-1,0.000028,0.004516,0.052082,0.137811,0.3676,0.034944,0.139236,0.006762,0.257022
AACCCTGGTGGAACCA-1,0.000025,0.000025,0.035652,0.000025,0.000075,0.438829,0.142842,0.233573,0.148954
AACCGAGCTTGGTCAT-1,0.009528,0.002459,0.001548,0.00005,0.073061,0.290441,0.488978,0.094345,0.03959
AACCGCTAAGGGATGC-1,0.000018,0.015366,0.127506,0.003456,0.584576,0.002217,0.090569,0.023458,0.152835
AACCGTTGTGTTTGCT-1,0.000069,0.000069,0.000137,0.000069,0.000206,0.604666,0.254155,0.089789,0.050841
AACCTAAAGCCGTCCG-1,0.00002,0.008126,0.053649,0.003619,0.058458,0.644178,0.026416,0.161771,0.043763
AACCTCGCTTTAGCCC-1,0.000022,0.02601,0.257058,0.005897,0.318008,0.024784,0.082323,0.07184,0.214056
AACCTGTCACGGAATT-1,0.001791,0.076281,0.092444,0.107606,0.567198,0.031386,0.071834,0.009536,0.041924
AACCTTTAAATACGGT-1,0.000025,0.027782,0.227174,0.00391,0.258353,0.097356,0.229542,0.006843,0.149016
AACCTTTACGACGTCT-1,0.019814,0.000102,0.000205,0.000102,0.000307,0.000102,0.187849,0.58794,0.203579
AACGATAATGCCGTAG-1,0.00002,0.010221,0.215057,0.001807,0.444005,0.004223,0.09969,0.010851,0.214125
AACGATAGAAGGGCCG-1,0.000054,0.011812,0.055378,0.049528,0.0427,0.198244,0.134042,0.417755,0.090487
AACGATATGTCAACTG-1,0.019987,0.002291,0.000091,0.00156,0.401302,0.025957,0.223955,0.316342,0.008514
AACGCATGATCTGGGT-1,0.000055,0.026079,0.00011,0.001433,0.426086,0.000055,0.121173,0.415453,0.009555
AACGCGAACGGCAACA-1,0.000019,0.000019,0.000038,0.005265,0.138717,0.536701,0.000262,0.214649,0.104331
AACGCGGTCTCCAGCC-1,0.009428,0.000056,0.000111,0.000056,0.000167,0.362918,0.383449,0.090715,0.1531
AACGCTGTTGCTGAAA-1,0.000023,0.002424,0.067574,0.018363,0.527411,0.022567,0.038782,0.048096,0.274759
AACGGACGTACGTATA-1,0.000021,0.013333,0.082174,0.008867,0.450982,0.005253,0.055814,0.155592,0.227965
AACGGCCATCTCCGGT-1,0.000031,0.017857,0.195923,0.000031,0.025319,0.028673,0.281802,0.152924,0.297438
AACGTACTGTGGGTAC-1,0.000037,0.013737,0.273946,0.00558,0.128882,0.050986,0.248901,0.027076,0.250855
AACGTAGTCTACCCAT-1,0.000038,0.000038,0.000076,0.000038,0.000114,0.780664,0.000038,0.125355,0.093638
AACGTCAGACTAGTGG-1,0.000039,0.021067,0.064683,0.000039,0.175866,0.664308,0.073919,0.000039,0.000039
AACGTGATGAAGGACA-1,0.000051,0.000051,0.004141,0.001674,0.080663,0.248023,0.052612,0.321484,0.2913
AACGTGCGAAAGTCTC-1,0.082546,0.019771,0.044922,0.052619,0.436631,0.040146,0.216348,0.022483,0.084533
AACGTTATCAGCACCT-1,0.019007,0.00006,0.000121,0.00006,0.000181,0.024314,0.956135,0.00006,0.00006
AACTACCCGTTTGTCA-1,0.000026,0.018804,0.074043,0.05645,0.346717,0.041174,0.140389,0.096897,0.225498
AACTAGCGTATCGCAC-1,0.000047,0.006599,0.000094,0.000047,0.000142,0.432043,0.13802,0.240938,0.18207
AACTAGGCTTGGGTGT-1,0.000042,0.003204,0.255886,0.000042,0.022023,0.02206,0.43154,0.149429,0.115772
AACTCAAGTTAATTGC-1,0.000026,0.059655,0.334612,0.001281,0.102952,0.000268,0.206952,0.059377,0.234877
AACTCCAGAGCGTGTT-1,0.00001,0.061037,0.074531,0.00745,0.848578,0.00379,0.000032,0.00001,0.004561
AACTCCTAATCCCATG-1,0.000044,0.022837,0.016202,0.000298,0.131486,0.000044,0.143788,0.678423,0.006879
AACTCGATGGCGCAGT-1,0.000044,0.000044,0.000089,0.000044,0.000133,0.732542,0.001347,0.205419,0.060337
AACTCTCAATAGAGCG-1,0.073851,0.013776,0.112366,0.23204,0.090048,0.087206,0.157985,0.014771,0.217957
AACTCTCAGTGTGCTC-1,0.000021,0.047463,0.171044,0.003717,0.456147,0.034964,0.082698,0.026932,0.177014
AACTGAGGTCAGCGTC-1,0.000311,0.000311,0.284133,0.000311,0.000933,0.000311,0.358267,0.307874,0.047549
AACTGAGTTATACTGA-1,0.000009,0.069762,0.038082,0.008232,0.883074,0.000724,0.000009,0.000009,0.0001
AACTGATATTAGGCCT-1,0.000034,0.00511,0.017685,0.000034,0.098012,0.816466,0.011561,0.045361,0.005737
AACTGGGTCCCGACGT-1,0.004648,0.000016,0.010932,0.000016,0.365193,0.608299,0.010864,0.000016,0.000016
AACTGGGTTCGAGCCG-1,0.000018,0.001615,0.076536,0.000018,0.257665,0.658248,0.000018,0.005864,0.000018
AACTGGTGTGGGCCTT-1,0.000016,0.000016,0.000576,0.000016,0.605023,0.056429,0.093721,0.244186,0.000016
AACTTCTGCGTCTATC-1,0.000071,0.000071,0.000142,0.000071,0.000214,0.36099,0.618647,0.015139,0.004654
AACTTGCCCGTATGCA-1,0.002952,0.505583,0.093247,0.02193,0.093338,0.007493,0.19391,0.016499,0.065049
AACTTGCGTTCTCGCG-1,0.000024,0.004581,0.000048,0.000024,0.228051,0.764296,0.002928,0.000024,0.000024
AACTTTACGGGAGCTT-1,0.00722,0.004895,0.342616,0.000035,0.248804,0.027219,0.267148,0.000078,0.101986
AACTTTAGCTGCTGAG-1,0.000051,0.000051,0.000103,0.000051,0.000154,0.592714,0.133821,0.187393,0.085661
AACTTTCTCGATCATG-1,0.000113,0.000113,0.000226,0.000113,0.181584,0.000113,0.639211,0.167394,0.011134
AAGAAATCACCAGATT-1,0.000294,0.000294,0.000589,0.000294,0.54918,0.000294,0.409948,0.038811,0.000294
AAGAAGGATCAGTTAG-1,0.000041,0.000041,0.000081,0.000041,0.000122,0.891572,0.050001,0.053148,0.004953
AAGACCCAACTGAACA-1,0.000016,0.036711,0.320737,0.002713,0.184446,0.042924,0.159424,0.011458,0.24157
AAGACTAACCCGTTGT-1,0.000014,0.000014,0.000028,0.000014,0.009674,0.924304,0.000014,0.036728,0.029208
AAGACTCACGCCCACT-1,0.000031,0.029975,0.063996,0.000031,0.066205,0.459844,0.000031,0.357471,0.022418
AAGACTGCAAGCTACT-1,0.05509,0.109496,0.142906,0.01947,0.168096,0.024917,0.455214,0.015506,0.009306
AAGAGATGAATCGGTA-1,0.000042,0.08073,0.092504,0.000085,0.071071,0.063456,0.535758,0.012826,0.143528
AAGAGCTCTTTATCGG-1,0.38594,0.025005,0.076458,0.204207,0.032363,0.02984,0.060983,0.021324,0.16388
AAGAGGATGTACGCGA-1,0.000015,0.37506,0.189599,0.01316,0.282361,0.001464,0.113553,0.008037,0.016751
AAGAGGCATGGATCGC-1,0.053575,0.171051,0.047044,0.196177,0.476618,0.022015,0.000019,0.008956,0.024545
AAGAGGCCCTTTGGAA-1,0.016273,0.007743,0.10003,0.059615,0.543447,0.034559,0.107827,0.019137,0.111369
AAGATGGCACCGGACC-1,0.000015,0.033355,0.365274,0.00541,0.241735,0.058372,0.133613,0.026405,0.13582
AAGATTGGCGGAACGT-1,0.04206,0.000059,0.002608,0.000059,0.104482,0.081987,0.489378,0.256096,0.023272
AAGCACCCTGCGTATC-1,0.000021,0.013436,0.083795,0.005318,0.39431,0.062993,0.334659,0.03822,0.067247
AAGCATACTCTCCTGA-1,0.005249,0.003013,0.197735,0.000811,0.5511,0.034462,0.088714,0.000513,0.118404
AAGCCGAAGCGGTTTA-1,0.000012,0.009001,0.016342,0.019995,0.892649,0.04478,0.007202,0.001507,0.008511
AAGCCGCTTTACCTTG-1,0.000147,0.000147,0.000294,0.000147,0.709258,0.000147,0.000147,0.000147,0.289566
AAGCGGAGTGCGCGCA-1,0.007399,0.000057,0.000115,0.000057,0.758921,0.000057,0.034388,0.043514,0.15549
AAGCGGCGTCATGGGT-1,0.000076,0.000076,0.00103,0.000076,0.081391,0.055083,0.328284,0.178131,0.355852
AAGCGTCCCTCATCGA-1,0.00002,0.059065,0.37074,0.014308,0.302286,0.056083,0.11276,0.006608,0.078131
AAGCTAGATCGAGTAA-1,0.000014,0.720321,0.000028,0.000014,0.010891,0.048874,0.143839,0.000436,0.075584
AAGCTCGTGCCAAGTC-1,0.217386,0.030596,0.10665,0.047981,0.343557,0.048994,0.119489,0.019041,0.066306
AAGCTCTTTCATGGTG-1,0.000033,0.060491,0.12013,0.076463,0.314602,0.024032,0.171323,0.015879,0.217048
AAGGAGAACTTATAAG-1,0.000017,0.000017,0.000075,0.000017,0.200212,0.776448,0.022231,0.000967,0.000017
AAGGAGCGGTTGGTGC-1,0.000079,0.000079,0.000158,0.000079,0.000238,0.000079,0.999129,0.000079,0.000079
AAGGATCGATCGCTTG-1,0.003737,0.085868,0.030166,0.03913,0.705907,0.029805,0.00002,0.002088,0.103277
AAGGATGAGGGACCTC-1,0.048048,0.007308,0.00005,0.022565,0.632178,0.007546,0.165698,0.113631,0.002977
AAGGCAGGCTGTCTCC-1,0.00002,0.140707,0.03846,0.20343,0.378583,0.019489,0.00874,0.051235,0.159335
AAGGCGCGTAAAGCTT-1,0.000072,0.000072,0.003767,0.000072,0.015599,0.328866,0.288487,0.192564,0.170501
AAGGCTGTGCTCATCG-1,0.000051,0.000051,0.000103,0.000051,0.000154,0.025322,0.972279,0.001937,0.000051
AAGGGACAGATTCTGT-1,0.054536,0.000061,0.000122,0.000061,0.000182,0.074893,0.771989,0.007803,0.090354
AAGGGACTATGCATTC-1,0.000009,0.083579,0.45039,0.006136,0.228934,0.01245,0.050929,0.011519,0.156054
AAGGTATCCTAATATA-1,0.022924,0.043008,0.000145,0.118847,0.080632,0.000073,0.380229,0.315787,0.038356
AAGGTGATAAACCAGC-1,0.000014,0.028223,0.058356,0.280767,0.55685,0.025521,0.002704,0.006055,0.04151
AAGTAAGCTTCCAAAC-1,0.000027,0.000027,0.000053,0.000027,0.001197,0.689755,0.000027,0.17085,0.138038
AAGTAGAAGACCGGGT-1,0.000041,0.000041,0.000082,0.000041,0.001066,0.601128,0.078127,0.165291,0.154183
AAGTAGTGACGCGAGG-1,0.000046,0.005127,0.151192,0.000046,0.000139,0.036227,0.528862,0.041155,0.237205
AAGTCAATTGTCGTCA-1,0.000016,0.076628,0.023868,0.053997,0.732658,0.005365,0.065278,0.009023,0.033169
AAGTCTAGTAGCTGCC-1,0.052813,0.000132,0.000265,0.000132,0.375386,0.000132,0.293445,0.103891,0.173804
AAGTCTTCTGTGGCCT-1,0.000017,0.257613,0.492249,0.000017,0.001205,0.000017,0.241528,0.007278,0.000076
AAGTGACGACCGAATT-1,0.000021,0.341513,0.207267,0.01622,0.094436,0.006759,0.230979,0.039467,0.063338
AAGTGAGTCGGGTTTA-1,0.000014,0.058414,0.302936,0.003571,0.523333,0.030697,0.04286,0.010766,0.027408
AAGTGCAAAGGTAGAC-1,0.084887,0.061784,0.227242,0.015861,0.133606,0.000029,0.476533,0.000029,0.000029
AAGTGCCTTGACTGTA-1,0.000028,0.002152,0.127794,0.057396,0.440825,0.006761,0.170307,0.116435,0.078302
AAGTGCGTTAGAATCT-1,0.006426,0.191319,0.26606,0.037521,0.298979,0.016438,0.035654,0.007807,0.139796
AAGTGTTTGGAGACGG-1,0.000031,0.006467,0.186587,0.090253,0.321178,0.005354,0.205598,0.022267,0.162264
AAGTTCACTCCAAGCT-1,0.000019,0.072701,0.160613,0.003053,0.564635,0.002392,0.077753,0.000021,0.118814
AAGTTCAGTCTGCGTA-1,0.000028,0.015156,0.023852,0.000028,0.73467,0.000028,0.099456,0.126754,0.000028
AAGTTCGGCCAACAGG-1,0.002421,0.275121,0.307198,0.00002,0.06752,0.00002,0.084085,0.263595,0.00002
AAGTTTACTAATGGCA-1,0.000021,0.001787,0.024128,0.000021,0.114486,0.831337,0.004061,0.012495,0.011663
AAGTTTATGGGCCCAA-1,0.000038,0.022266,0.180188,0.009597,0.383602,0.034177,0.11317,0.142354,0.114608
AATAACAACGCTCGGC-1,0.000013,0.171879,0.302282,0.024701,0.278392,0.040786,0.098304,0.01927,0.064372
AATAACACTAGAACAA-1,0.000016,0.035052,0.146705,0.001378,0.389521,0.008395,0.301306,0.013485,0.104143
AATAAGTCCTCGAGAC-1,0.000016,0.007755,0.08807,0.000016,0.101579,0.750535,0.021387,0.021274,0.009368
AATAATCTTCGTATCG-1,0.010467,0.03636,0.077701,0.052184,0.540106,0.009286,0.075307,0.052153,0.146438
AATACAATGTTTCAGG-1,0.000067,0.000067,0.00559,0.000067,0.0002,0.037696,0.956182,0.000067,0.000067
AATAGAACAGAGTGGC-1,0.000025,0.002551,0.312121,0.000025,0.203927,0.052614,0.127219,0.006956,0.294562
AATAGAATCTGTTTCA-1,0.000024,0.015844,0.059659,0.064028,0.51858,0.017289,0.027399,0.032752,0.264425
AATAGCAAGCCTCCTG-1,0.000178,0.000178,0.000355,0.000178,0.000533,0.000178,0.498424,0.499799,0.000178
AATAGCTACCGCGTGC-1,0.005378,0.059875,0.000053,0.000027,0.906436,0.000027,0.009527,0.018652,0.000027
AATAGTCCGTCCCGAC-1,0.00002,0.006696,0.153101,0.053068,0.548557,0.062039,0.124803,0.006048,0.045667
AATAGTCGCGAGTCGG-1,0.225598,0.009518,0.223036,0.001279,0.001328,0.002643,0.536533,0.000033,0.000033
AATATCAAGGTCGGAT-1,0.000057,0.000057,0.000114,0.000057,0.00017,0.476024,0.028874,0.465117,0.029531
AATATCCTAGCAAACT-1,0.000007,0.895948,0.062076,0.000007,0.041933,0.000007,0.000007,0.000007,0.000007
AATATCGAATCAATGC-1,0.000013,0.015955,0.061845,0.017944,0.79085,0.006144,0.074344,0.001084,0.031822
AATATCGAGGGTTCTC-1,0.154323,0.000069,0.000138,0.000069,0.000207,0.000469,0.843176,0.000069,0.001479
AATATTGGAGTATTGA-1,0.000015,0.058552,0.407188,0.014446,0.45575,0.000626,0.036382,0.000015,0.027025
AATCAGACTGCAGGAC-1,0.000057,0.000057,0.000113,0.000057,0.00017,0.278349,0.019183,0.631507,0.070508
AATCATGTAAAGACTC-1,0.000019,0.008483,0.23109,0.002766,0.218789,0.040317,0.182006,0.053928,0.262602
AATCCAAGGGCCTGAG-1,0.000053,0.000053,0.000105,0.000053,0.000158,0.341653,0.080061,0.500627,0.077237
AATCCATGCAAGGGTG-1,0.000062,0.000062,0.000123,0.000062,0.000185,0.662587,0.02962,0.132596,0.174703
AATCGCCTCAGCGCCA-1,0.000043,0.000043,0.02544,0.270764,0.017009,0.007178,0.221366,0.046117,0.412039
AATCGCGCAGAGGACT-1,0.00002,0.056211,0.052224,0.096915,0.520141,0.039717,0.049192,0.02602,0.159561
AATCGGGACACTACGA-1,0.000016,0.010516,0.000032,0.000016,0.294,0.695373,0.000016,0.000016,0.000016
AATCTAGGTTTACTTG-1,0.008295,0.307159,0.424683,0.01876,0.073593,0.016906,0.028562,0.010845,0.111198
AATCTATGCCGGAGCC-1,0.053863,0.000052,0.000104,0.000052,0.000156,0.00672,0.938947,0.000052,0.000052
AATCTCTACTGTGGTT-1,0.000019,0.204139,0.479885,0.007898,0.052408,0.005875,0.101708,0.101174,0.046894
AATCTGCGTTGGGACG-1,0.229545,0.042038,0.113615,0.092377,0.310027,0.012386,0.07485,0.019883,0.105279
AATCTGGCTTTCTAGT-1,0.015747,0.569042,0.338537,0.002882,0.043445,0.006015,0.003301,0.003095,0.017937
AATCTGGGTAGACCCT-1,0.000029,0.013208,0.12625,0.000029,0.31007,0.445113,0.003062,0.10125,0.000989
AATGACAGCAATGTCT-1,0.005018,0.036968,0.438087,0.006131,0.246198,0.031803,0.085855,0.028348,0.12159
AATGACGTAGGATGTC-1,0.000038,0.000038,0.091085,0.003902,0.084682,0.006487,0.166953,0.231698,0.415117
AATGACTGTCAGCCGG-1,0.000033,0.000175,0.021316,0.007063,0.114492,0.690123,0.015155,0.069212,0.082431
AATGAGTTCGCATATG-1,0.000039,0.000039,0.000077,0.000039,0.000116,0.838621,0.020766,0.129231,0.011073
AATGATGATACGCTAT-1,0.000043,0.024019,0.000087,0.000043,0.331945,0.015365,0.272705,0.28722,0.068572
AATGATGCGACTCCTG-1,0.011745,0.000081,0.000162,0.000081,0.000243,0.006028,0.834717,0.146861,0.000081
AATGCAACCGGGTACC-1,0.000055,0.000055,0.003369,0.000055,0.000164,0.361753,0.438212,0.123256,0.073083
AATGCACCAAGCAATG-1,0.000081,0.063408,0.000163,0.000081,0.117761,0.000191,0.338518,0.158492,0.321306
AATGGCCGCCAATGCG-1,0.000022,0.00103,0.077056,0.000022,0.206393,0.572531,0.050565,0.040318,0.052063
AATGGTCCACCGTTCA-1,0.057116,0.057303,0.432215,0.017931,0.129717,0.039861,0.130655,0.040707,0.094495
AATGGTTCTCACAAGC-1,0.000064,0.000064,0.000129,0.000064,0.000193,0.725037,0.000064,0.126627,0.147757
AATGTGCCCGAGGTGT-1,0.000025,0.012037,0.444522,0.011042,0.078236,0.006222,0.143679,0.009914,0.294324
AATGTGCTAATCTGAG-1,0.000011,0.078878,0.376161,0.006827,0.396592,0.03588,0.046793,0.015894,0.042964
AATTAAAGGTCGGCGT-1,0.000051,0.013145,0.109794,0.000051,0.00394,0.043666,0.41415,0.106678,0.308525
AATTAACGGATTTCCA-1,0.000008,0.023703,0.083156,0.000868,0.887715,0.002193,0.000008,0.000008,0.002341
AATTAGCGCTGCAGCG-1,0.000015,0.063774,0.165659,0.007207,0.617751,0.038143,0.028032,0.012118,0.067301
AATTCATAAGGGATCT-1,0.010803,0.037549,0.001749,0.102382,0.53347,0.000103,0.209998,0.062035,0.041912
AATTCGATTCGAGGAT-1,0.000041,0.171448,0.043274,0.009265,0.362902,0.019781,0.200627,0.021866,0.170798
AATTCTAGAGTTAGGC-1,0.000021,0.04729,0.252522,0.00475,0.392575,0.048243,0.164934,0.03655,0.053115
AATTGAACGCTCTGGT-1,0.000044,0.000044,0.036071,0.250937,0.109087,0.027449,0.205944,0.033216,0.337209
AATTGCAGCAATCGAC-1,0.000025,0.000025,0.132532,0.011672,0.145032,0.021144,0.204404,0.004319,0.480847
AATTTGGGACATAGTA-1,0.00005,0.00005,0.000099,0.00005,0.620082,0.003328,0.334388,0.041904,0.00005
AATTTGGTTCCAAAGA-1,0.000037,0.005933,0.102561,0.000037,0.014714,0.252664,0.301529,0.256882,0.065643
ACAAACCGACAAGGCG-1,0.000028,0.000028,0.048971,0.000028,0.008899,0.594329,0.051822,0.252144,0.04375
ACAAAGAAGGTAGGCC-1,0.000004,0.884896,0.091341,0.00192,0.021824,0.000004,0.000004,0.000004,0.000004
ACAAAGCATGACCTAG-1,0.010046,0.005957,0.364347,0.027604,0.424639,0.009642,0.113132,0.002433,0.0422
ACAAATCGCACCGAAT-1,0.000019,0.010917,0.291341,0.030087,0.515199,0.005793,0.011827,0.109755,0.025061
ACAAATGGTAGTGTTT-1,0.000045,0.000045,0.026518,0.058744,0.26647,0.004762,0.215272,0.087841,0.340304
ACAAATTCAGATCTGA-1,0.000131,0.000131,0.000262,0.000131,0.000394,0.000131,0.864591,0.134097,0.000131
ACAACAGCATGAGCTA-1,0.907867,0.0045,0.001879,0.000202,0.007449,0.010482,0.011476,0.015923,0.040222
ACAACGGTCCCTGCGA-1,0.000062,0.000062,0.000123,0.000062,0.000185,0.46797,0.239807,0.082705,0.209024
ACAAGCAGTGCCTAGC-1,0.006599,0.106183,0.163951,0.006349,0.364504,0.019833,0.286111,0.006897,0.039573
ACAAGCTATATGGAAG-1,0.000023,0.527631,0.228285,0.000023,0.002196,0.000023,0.241771,0.000023,0.000023
ACAAGGAAATCCGCCC-1,0.00003,0.00713,0.125731,0.004171,0.050853,0.030801,0.176161,0.013827,0.591294
ACAAGGACAAGAGGTT-1,0.000026,0.054166,0.505712,0.024101,0.072997,0.000026,0.218879,0.093027,0.031066
ACAAGGATGCTTTAGG-1,0.00002,0.040696,0.104727,0.017049,0.353529,0.018938,0.149129,0.018713,0.297199
ACAAGGCCTACCAGCC-1,0.000109,0.000109,0.032094,0.000109,0.000328,0.000109,0.000109,0.795155,0.171876
ACAAGGGCAGGCTCTG-1,0.000012,0.027733,0.142254,0.010896,0.719542,0.017683,0.067987,0.000961,0.012933
ACAATAGTCGTACGTT-1,0.000027,0.055878,0.391123,0.012587,0.024872,0.05691,0.337734,0.022999,0.097869
ACAATCCATTTAAACC-1,0.004851,0.07147,0.16018,0.011278,0.036738,0.036441,0.307972,0.0679,0.303171
ACAATCGATCTTTATA-1,0.000017,0.000017,0.058755,0.000017,0.176233,0.709415,0.053897,0.001634,0.000017
ACAATGAATACGGAGA-1,0.000014,0.154925,0.290767,0.002123,0.423675,0.032526,0.028515,0.027495,0.03996
ACAATGATTCTTCTAC-1,0.000308,0.000308,0.000615,0.109945,0.014739,0.000308,0.155578,0.717893,0.000308
ACAATTGTGTCTCTTT-1,0.000024,0.006722,0.163898,0.094866,0.377157,0.030581,0.059238,0.116936,0.150579
ACAATTTAGGAGGCTC-1,0.000016,0.053267,0.270581,0.000141,0.404821,0.104066,0.114221,0.051074,0.001813
ACAATTTGAGCAGTGG-1,0.126363,0.00008,0.00016,0.00008,0.00024,0.036219,0.702361,0.131641,0.002856
ACAATTTGGCCATATT-1,0.005991,0.058363,0.062701,0.057266,0.421279,0.014003,0.036979,0.078256,0.26516
ACACAAAGACGGGTGG-1,0.000041,0.000041,0.000182,0.000041,0.010827,0.755368,0.047181,0.011624,0.174695
ACACAAATATTCCTAG-1,0.000077,0.026429,0.000154,0.000077,0.640899,0.029433,0.076648,0.176194,0.050088
ACACACCAGGACCAGT-1,0.000025,0.048837,0.024844,0.018165,0.465017,0.024616,0.177093,0.162931,0.078472
ACACACTTTCTACACG-1,0.000053,0.000053,0.011391,0.000053,0.0894,0.202922,0.060662,0.34528,0.290185
ACACCACATAATTAGC-1,0.01572,0.037634,0.083933,0.322926,0.282972,0.044928,0.021741,0.033415,0.156731
ACACCCAGCATGCAGC-1,0.000027,0.000027,0.011619,0.000027,0.251727,0.720818,0.013137,0.002565,0.000054
ACACCCGAGAAATCCG-1,0.000032,0.007314,0.000064,0.000032,0.000095,0.753992,0.044055,0.072166,0.122252
ACACCCGTAAATCTGT-1,0.001791,0.002506,0.23187,0.001426,0.138311,0.562262,0.05473,0.002135,0.004967
ACACCGAGCGCTCTTT-1,0.000096,0.000096,0.000192,0.000096,0.000289,0.245625,0.267356,0.276944,0.209305
ACACCTTAAGTAGGGC-1,0.000085,0.000085,0.000171,0.000085,0.074694,0.334803,0.451371,0.077023,0.061683
ACACCTTACTACTTGC-1,0.000035,0.006988,0.040775,0.252662,0.26026,0.044121,0.050082,0.159347,0.185729
ACACGAGACTCCTTCT-1,0.765863,0.023403,0.000021,0.000011,0.21066,0.000011,0.000011,0.000011,0.000011
ACACGGCACTATGCAT-1,0.000034,0.000034,0.000067,0.000034,0.000101,0.657546,0.098925,0.159092,0.084167
ACACGGGAACTTAGGG-1,0.069112,0.000091,0.000182,0.000091,0.000274,0.055234,0.686959,0.069939,0.118117
ACACGTAGGCCACAAG-1,0.004658,0.046924,0.076588,0.010225,0.85203,0.001758,0.001226,0.000019,0.00657
ACACTCCAATGTCACT-1,0.000061,0.000061,0.000122,0.000061,0.000183,0.457818,0.274284,0.259712,0.007698
ACACTGATCAAGGTGT-1,0.000024,0.026045,0.11648,0.000024,0.325864,0.053787,0.087134,0.031716,0.358927
ACACTGGGACAGTCGT-1,0.021267,0.101419,0.137296,0.014351,0.638851,0.016975,0.016635,0.011187,0.042019
ACAGAACTGAGAACAA-1,0.000018,0.12129,0.304747,0.02245,0.095883,0.010291,0.1742,0.023066,0.248054
ACAGATTAGGTTAGTG-1,0.000017,0.005687,0.001828,0.000017,0.301051,0.691351,0.000017,0.000017,0.000017
ACAGCATAGAGCCAGT-1,0.000025,0.000025,0.127537,0.000025,0.006437,0.672663,0.022638,0.019611,0.151039
ACAGCGACATTCTCAT-1,0.000032,0.008323,0.171201,0.019645,0.216409,0.024218,0.159246,0.03544,0.365486
ACAGCGCACCCGCAGC-1,0.000034,0.000034,0.104088,0.000688,0.000823,0.403997,0.15832,0.155024,0.176991
ACAGGCTTGCCCGACT-1,0.000017,0.00565,0.007639,0.010797,0.895558,0.056587,0.001004,0.001687,0.021061
ACAGGTGGAGGTGAGG-1,0.000016,0.163845,0.346541,0.004078,0.164204,0.008246,0.199793,0.041068,0.072209
ACAGGTGTGTTGTTGC-1,0.000427,0.000427,0.766447,0.000427,0.001282,0.000427,0.163102,0.000427,0.067032
ACAGTAATACAACTTG-1,0.000014,0.410218,0.269155,0.006914,0.142598,0.017399,0.056689,0.037086,0.059926
ACAGTATACCGTGGGA-1,0.000228,0.000228,0.000457,0.000228,0.08148,0.000228,0.310767,0.606155,0.000228
ACAGTGCAGCGCATTT-1,0.000066,0.000066,0.039857,0.000066,0.496039,0.446636,0.000066,0.002062,0.015143
ACATAATAAGGCGGTG-1,0.000042,0.000042,0.000084,0.000042,0.000127,0.657136,0.127287,0.115539,0.099701
ACATCAGCTGGGACGC-1,0.000025,0.132247,0.246548,0.088341,0.218715,0.016603,0.161191,0.043666,0.092663
ACATCCCGGCCATACG-1,0.000028,0.003083,0.123218,0.000028,0.373475,0.038657,0.164932,0.016865,0.279715
ACATCCTGGTAACTGT-1,0.000019,0.076468,0.007015,0.087645,0.764057,0.005629,0.000019,0.006194,0.052955
ACATCGATCGTTTACC-1,0.007736,0.072142,0.120721,0.012908,0.244793,0.001694,0.336703,0.185077,0.018226
ACATCGGTCAGCCGCG-1,0.000041,0.046491,0.248769,0.000041,0.000123,0.000041,0.197313,0.021903,0.485278
ACATCGTATGCAATGG-1,0.000033,0.02961,0.107894,0.015741,0.43047,0.03888,0.058803,0.058123,0.260445
ACATCGTTAACCTAGT-1,0.000018,0.000018,0.001923,0.000018,0.335594,0.602314,0.060081,0.000018,0.000018
ACATCTCAACGCGTAA-1,0.000017,0.040746,0.000198,0.000017,0.240655,0.717093,0.000017,0.00124,0.000017
ACATGGCGCCAAAGTA-1,0.000022,0.03712,0.085741,0.3471,0.22282,0.052201,0.104679,0.01269,0.137626
ACATTAGTTTATATCC-1,0.000036,0.000036,0.262143,0.003595,0.136197,0.043045,0.325284,0.034557,0.195107
ACCAAACACCCAGCGA-1,0.000111,0.000111,0.000221,0.000111,0.310285,0.000111,0.283112,0.405828,0.000111
ACCAAACTAGAAATCC-1,0.000014,0.006728,0.011032,0.000014,0.169168,0.805804,0.003015,0.004212,0.000014
ACCAACACCACACACT-1,0.000082,0.000082,0.000163,0.086696,0.184902,0.007092,0.275596,0.102137,0.343249
ACCAACGCTTATTTAT-1,0.000015,0.045179,0.216441,0.000015,0.492973,0.000482,0.211379,0.002423,0.031094
ACCAAGAACGCGTGTC-1,0.000034,0.000034,0.000069,0.004231,0.499216,0.120001,0.037097,0.273928,0.06539
ACCAATATGCAAGTTA-1,0.000016,0.006851,0.133049,0.000016,0.591495,0.043775,0.160711,0.038251,0.025835
ACCACAACTCAGAACA-1,0.00002,0.020022,0.023327,0.001992,0.104007,0.791624,0.004295,0.0366,0.018113
ACCACAAGTTTCTATC-1,0.000067,0.000067,0.000134,0.000067,0.141894,0.000067,0.823724,0.033913,0.000067
ACCACCAATGTAACAA-1,0.000018,0.030436,0.053327,0.268116,0.31052,0.049127,0.052869,0.035093,0.200494
ACCACCCTCTCTTCTA-1,0.014688,0.000092,0.000183,0.016155,0.241979,0.028573,0.290255,0.327321,0.080754
ACCACGTGCAGCTATA-1,0.000032,0.030197,0.158362,0.055487,0.325117,0.031937,0.132201,0.061335,0.205331
ACCAGACCATAACAAC-1,0.000008,0.455389,0.380127,0.002193,0.020616,0.000008,0.092467,0.048648,0.000544
ACCAGCCCGGTCTTTG-1,0.000038,0.000038,0.022077,0.000038,0.000115,0.67062,0.110856,0.087937,0.10828
ACCAGGAGTGTGATCT-1,0.000062,0.000062,0.010691,0.000062,0.000185,0.642743,0.021053,0.237685,0.087458
ACCAGTGCCCGGTCAA-1,0.000167,0.000167,0.000335,0.000167,0.000502,0.000167,0.255057,0.309192,0.434245
ACCAGTGCGGGAGACG-1,0.003824,0.031075,0.112585,0.027703,0.399391,0.038772,0.189004,0.04392,0.153725
ACCATATCCGCAATAA-1,0.013618,0.004214,0.033047,0.017285,0.135256,0.026974,0.692174,0.001913,0.075519
ACCATCCGCCAACTAG-1,0.000014,0.583548,0.166259,0.010014,0.144013,0.008031,0.011147,0.015066,0.061908
ACCATCGTATATGGTA-1,0.000048,0.05411,0.205133,0.030025,0.110232,0.079385,0.222944,0.120247,0.177877
ACCCAACGCCCGTGGC-1,0.657398,0.00287,0.069298,0.000402,0.002071,0.000019,0.252252,0.000019,0.01567
ACCCACCTACATGCTC-1,0.008804,0.000052,0.159734,0.000616,0.004068,0.035607,0.791014,0.000052,0.000052
ACCCATCTTGAGGGTA-1,0.00004,0.003785,0.16725,0.016139,0.00012,0.001791,0.139218,0.17986,0.491796
ACCCATTTGTCCCTCT-1,0.000024,0.004118,0.27117,0.115452,0.296274,0.015383,0.153721,0.009312,0.134546
ACCCGAGCGAAATTAC-1,0.000016,0.095488,0.401404,0.014546,0.292396,0.011942,0.094891,0.009286,0.080031
ACCCGGAAACTCCCAG-1,0.000019,0.016713,0.161918,0.001609,0.393213,0.042962,0.357769,0.002528,0.023268
ACCCGGAGCACCACAA-1,0.642129,0.017169,0.03916,0.057932,0.19782,0.011784,0.002053,0.012628,0.019325
ACCCGGATGACGCATC-1,0.004895,0.005915,0.062568,0.405564,0.217214,0.039943,0.131593,0.058725,0.073583
ACCCGGTTACACTTCC-1,0.004712,0.480932,0.002888,0.000023,0.039263,0.03813,0.107796,0.022975,0.303281
ACCCGTGTCATCAGTA-1,0.00002,0.064083,0.221173,0.000906,0.455052,0.062714,0.028433,0.010761,0.156858
ACCCTATAGGACTGAG-1,0.00004,0.00004,0.000081,0.00004,0.000121,0.748774,0.144998,0.092472,0.013432
ACCCTATGCCATATCG-1,0.000025,0.043804,0.342663,0.030395,0.319428,0.067342,0.070826,0.054385,0.071132
ACCCTCCCTTGCTATT-1,0.000011,0.060345,0.001192,0.004054,0.934168,0.000011,0.000011,0.000011,0.000196
ACCCTGGTAACGCCCT-1,0.000209,0.00691,0.000418,0.215609,0.000627,0.000209,0.623957,0.007471,0.14459
ACCCTTCATCTGCGAA-1,0.000052,0.000052,0.000103,0.000052,0.027544,0.185525,0.337291,0.415803,0.033579
ACCCTTGCCTGGGTCG-1,0.000146,0.190797,0.000292,0.000146,0.327243,0.000146,0.328143,0.000146,0.152939
ACCCTTTAGTTCTCCA-1,0.000028,0.004004,0.06173,0.000028,0.079377,0.657837,0.173399,0.013809,0.009789
ACCGAAAGGGCCCTGC-1,0.000016,0.01098,0.156772,0.000016,0.116562,0.64724,0.004045,0.023105,0.041265
ACCGAAGAGTCTGGTT-1,0.000013,0.485819,0.313651,0.015286,0.101472,0.024238,0.003267,0.012562,0.043691
ACCGACACATCTCCCA-1,0.00002,0.010241,0.392274,0.000892,0.10543,0.064554,0.163209,0.028241,0.235139
ACCGACTGAGTCCCAC-1,0.133722,0.000065,0.01229,0.000065,0.000195,0.040289,0.786054,0.027254,0.000065
ACCGATAGGCATAACC-1,0.128928,0.022549,0.148588,0.028223,0.462598,0.027165,0.091535,0.019044,0.071371
ACCGATATTTAATCAT-1,0.028695,0.015487,0.05907,0.081825,0.717128,0.004937,0.01908,0.005625,0.068153
ACCGATGGTAGCATCG-1,0.046393,0.080836,0.093407,0.368207,0.199768,0.001186,0.18079,0.009949,0.019465
ACCGCAATAACTGCCT-1,0.000024,0.009976,0.182783,0.2768,0.245305,0.044043,0.157958,0.009793,0.073318
ACCGCGGTGGAAGTCG-1,0.000015,0.06388,0.014157,0.039689,0.819574,0.006498,0.003546,0.014182,0.038459
ACCGGGCCTTTGTTGA-1,0.000024,0.026419,0.049287,0.074056,0.21483,0.019796,0.380792,0.171256,0.063541
ACCGGTCAGGTACACC-1,0.000015,0.163903,0.409565,0.011752,0.194581,0.013543,0.031971,0.025881,0.148789
ACCGGTCTGAGTACGG-1,0.00007,0.00007,0.272511,0.00007,0.000211,0.155977,0.096716,0.320745,0.153629
ACCGTGACCACGTGGG-1,0.000009,0.143557,0.269954,0.002574,0.52967,0.018383,0.015313,0.00482,0.015719
ACCGTTCCCGCTCTGA-1,0.002431,0.000024,0.150989,0.000024,0.012753,0.688041,0.014203,0.018501,0.113034
ACCTAAGTACCTTTCA-1,0.000015,0.220028,0.274525,0.014308,0.298356,0.010833,0.154294,0.00333,0.024312
ACCTAATCGACTTCCT-1,0.003518,0.046777,0.23115,0.078788,0.009247,0.021367,0.333125,0.016911,0.259118
ACCTACAGTATGTGGT-1,0.000016,0.204986,0.11051,0.105933,0.566659,0.009337,0.000016,0.002489,0.000053
ACCTCCGCCCTCGCTG-1,0.000018,0.020067,0.080247,0.028078,0.764407,0.019284,0.027488,0.005351,0.055059
ACCTCCGTTATTCACC-1,0.011085,0.179336,0.024085,0.142881,0.512495,0.013338,0.003913,0.002232,0.110635
ACCTGCGTGTCATGTT-1,0.001988,0.263194,0.377508,0.02036,0.125438,0.002589,0.185123,0.010549,0.013252
ACCTTTCCTTTAGAAG-1,0.000017,0.000017,0.000033,0.000017,0.178086,0.821442,0.000017,0.000355,0.000017
ACGACCCATGAGTTGC-1,0.718436,0.017005,0.155594,0.005175,0.087113,0.001507,0.000923,0.005883,0.008364
ACGACTGGTCATACTC-1,0.000005,0.036888,0.759122,0.001361,0.158683,0.014007,0.012545,0.001333,0.016056
ACGAGAACCCATCACG-1,0.000039,0.000039,0.000077,0.000039,0.000116,0.593292,0.000039,0.185031,0.221331
ACGAGATATTTGCTTA-1,0.000024,0.033609,0.025583,0.000024,0.416043,0.340438,0.160066,0.02419,0.000024
ACGAGGATACCACTCT-1,0.018352,0.797351,0.043376,0.005791,0.125153,0.005203,0.000006,0.000006,0.004761
ACGAGGTTTACAACGT-1,0.000018,0.126125,0.729389,0.005521,0.043547,0.003543,0.035513,0.020301,0.036044
ACGAGTACGGATGCCC-1,0.234252,0.00004,0.087408,0.001567,0.000119,0.00004,0.676497,0.00004,0.00004
ACGATACATAGAACTA-1,0.010365,0.01134,0.000033,0.001867,0.88966,0.012956,0.008266,0.057003,0.008511
ACGATACCTATCCTGA-1,0.009623,0.05182,0.346911,0.000037,0.011743,0.000037,0.579756,0.000037,0.000037
ACGATCATACATAGAG-1,0.018392,0.000092,0.000184,0.000092,0.000275,0.339695,0.565344,0.075057,0.000869
ACGATCATCTTGTAAA-1,0.010057,0.053819,0.017392,0.194417,0.686558,0.013914,0.002486,0.004376,0.016981
ACGATGCATATGTTAT-1,0.000028,0.063798,0.183028,0.033981,0.253694,0.011625,0.165419,0.080215,0.208212
ACGATGGATCCGATGC-1,0.000047,0.000047,0.007348,0.000047,0.00014,0.401935,0.455406,0.134421,0.00061
ACGCAAACTAATAGAT-1,0.000009,0.219759,0.153405,0.005904,0.588839,0.007616,0.000853,0.004957,0.018656
ACGCAATCACTACAGC-1,0.059719,0.000146,0.000293,0.006134,0.056782,0.000146,0.600048,0.227341,0.04939
ACGCATAAATGACATG-1,0.000063,0.000063,0.000126,0.000063,0.569036,0.002236,0.159407,0.259249,0.009757
ACGCATACGTTTACTA-1,0.000015,0.013654,0.020191,0.004584,0.921073,0.027435,0.000015,0.001223,0.01181
ACGCATTCGTGAGTAC-1,0.053208,0.000224,0.000448,0.000224,0.000672,0.040992,0.903784,0.000224,0.000224
ACGCCAGATGATTTCT-1,0.000062,0.000062,0.081245,0.000062,0.000185,0.241722,0.046887,0.570329,0.059447
ACGCCCAGCTGTCGAT-1,0.000028,0.000028,0.018206,0.000028,0.007084,0.620312,0.107305,0.168199,0.078811
ACGCCGCTAGACGACC-1,0.000028,0.01182,0.008493,0.034293,0.246995,0.002368,0.626657,0.065156,0.004191
ACGCGAAGTCAGACGA-1,0.003992,0.007493,0.043897,0.010623,0.267205,0.013324,0.352544,0.068757,0.232164
ACGCGCTACACAGGGT-1,0.000015,0.387755,0.130736,0.02322,0.383058,0.004543,0.005506,0.003915,0.061252
ACGCGGGCCAAGGACA-1,0.027818,0.003241,0.00362,0.000044,0.128535,0.000044,0.836609,0.000044,0.000044
ACGCGTTTCTTAAGAG-1,0.102409,0.007607,0.419936,0.02419,0.07467,0.008467,0.357548,0.000019,0.005154
ACGCTAGTATCAGTGC-1,0.002529,0.002252,0.1313,0.000023,0.246645,0.410308,0.154294,0.044849,0.007799
ACGCTAGTGATACACT-1,0.283175,0.000047,0.000095,0.000047,0.000142,0.040524,0.647701,0.028221,0.000047
ACGCTGTGAGGCGTAG-1,0.000007,0.662428,0.206,0.000948,0.107755,0.000007,0.022477,0.000007,0.000373
ACGCTTAGTGTCTCTC-1,0.000033,0.000712,0.018348,0.000033,0.126107,0.675302,0.003159,0.167755,0.008551
ACGGAATTTAGCAAAT-1,0.000041,0.000041,0.000081,0.000041,0.000122,0.854186,0.056152,0.042947,0.046389
ACGGACTCTCAAAGCG-1,0.000018,0.056214,0.121102,0.02406,0.343169,0.044253,0.116157,0.024434,0.270593
ACGGAGCGCAAATTAC-1,0.000135,0.000135,0.00027,0.000135,0.333314,0.012276,0.285148,0.356915,0.011671
ACGGATGGTGCGGATA-1,0.00003,0.035404,0.130488,0.004722,0.290682,0.051563,0.233637,0.01924,0.234234
ACGGCACTTGCTTGGG-1,0.000044,0.053795,0.060579,0.000044,0.009027,0.000044,0.361626,0.000044,0.514796
ACGGCCAACATGGACT-1,0.000018,0.000979,0.276126,0.001317,0.309565,0.069928,0.201043,0.001234,0.13979
ACGGCGACGATGGGAA-1,0.000027,0.009459,0.039154,0.110783,0.219012,0.029011,0.180881,0.136021,0.27565
ACGGCGGGTTGCCCTG-1,0.000032,0.000032,0.000064,0.000032,0.00188,0.866111,0.073945,0.034344,0.02356
ACGGGAGTGTCGGCCC-1,0.00001,0.577998,0.117155,0.001867,0.288449,0.00001,0.004883,0.000585,0.009042
ACGGGCGTATGCGACA-1,0.038432,0.000057,0.000115,0.007335,0.189451,0.000057,0.428654,0.102062,0.233837
ACGGGTCATGTGACTT-1,0.00006,0.00006,0.00012,0.00006,0.001529,0.54858,0.162116,0.060004,0.227472
ACGTACAGATTTCTCT-1,0.000053,0.031076,0.00129,0.000053,0.248335,0.407103,0.182286,0.129749,0.000053
