Barcode,Topic 1,Topic 2,Topic 3,Topic 4,Topic 5,Topic 6,Topic 7,Topic 8,Topic 9,Topic 10,Topic 11,Topic 12,Topic 13
AAACAAGTATCTCCCA-1,0.1847,0.723169,0.000013,0.016639,0.020965,0.000013,0.008394,0.000013,0.001648,0.020237,0.024182,0.000013,0.000013
AAACACCAATAACTGC-1,0.285839,0.000233,0.005557,0.000233,0.706273,0.000233,0.000233,0.000233,0.000233,0.000233,0.000233,0.000233,0.000233
AAACAGAGCGACTCCT-1,0.002881,0.000578,0.000006,0.005473,0.055709,0.182589,0.0718,0.082736,0.464578,0.109133,0.024508,0.000006,0.000006
AAACAGCTTTCAGAAG-1,0.192526,0.145237,0.075641,0.347204,0.049,0.010163,0.053566,0.000163,0.047774,0.055279,0.023373,0.000037,0.000037
AAACAGGGTCTATATT-1,0.08604,0.226617,0.008567,0.025986,0.635894,0.000047,0.016568,0.000047,0.000047,0.000047,0.000047,0.000047,0.000047
AAACAGTGTTCCTGGG-1,0.000093,0.573931,0.000093,0.155234,0.162021,0.029215,0.039606,0.000093,0.039342,0.000093,0.000093,0.000093,0.000093
AAACATGGTGAGAGGA-1,0.309878,0.000046,0.000046,0.066841,0.622821,0.000046,0.000046,0.000046,0.000046,0.000046,0.000046,0.000046,0.000046
AAACATTTCCCGGATT-1,0.490039,0.208228,0.000034,0.000034,0.127323,0.004726,0.10343,0.000034,0.022576,0.043476,0.000034,0.000034,0.000034
AAACCCGAACGAAATC-1,0.663797,0.077149,0.000028,0.125806,0.123929,0.000028,0.001236,0.000028,0.000028,0.007885,0.000028,0.000028,0.000028
AAACCGGAAATGTTAA-1,0.23209,0.586681,0.000017,0.017382,0.120036,0.000017,0.021207,0.015264,0.005396,0.001857,0.000017,0.000017,0.000017
AAACCGGGTAGGTACC-1,0.000022,0.229577,0.000022,0.010689,0.145003,0.029094,0.492406,0.00163,0.06619,0.023073,0.002252,0.000022,0.000022
AAACCGTTCGTCCAGG-1,0.000232,0.10804,0.053908,0.402933,0.433034,0.000232,0.000232,0.000232,0.000232,0.000232,0.000232,0.000232,0.000232
AAACCTAAGCAGCCGG-1,0.000014,0.066568,0.000014,0.00127,0.137203,0.136741,0.139077,0.030171,0.478409,0.01049,0.000014,0.000014,0.000014
AAACCTCATGAAGTTG-1,0.244531,0.399783,0.001662,0.008151,0.314515,0.001644,0.007799,0.000017,0.015358,0.006488,0.000017,0.000017,0.000017
AAACGAAGAACATACC-1,0.01072,0.000005,0.000005,0.096966,0.022173,0.380154,0.133905,0.048562,0.144151,0.058286,0.105064,0.000005,0.000005
AAACGAAGATGGAGTA-1,0.273866,0.000044,0.031338,0.084386,0.61001,0.000044,0.000044,0.000044,0.000044,0.000044,0.000044,0.000044,0.000044
AAACGAGACGGTTGAT-1,0.02998,0.060831,0.000014,0.021833,0.09037,0.283477,0.223445,0.027601,0.17182,0.040341,0.050258,0.000014,0.000014
AAACGCTGGGCACGAC-1,0.388194,0.564439,0.000074,0.000074,0.046623,0.000074,0.000074,0.000074,0.000074,0.000074,0.000074,0.000074,0.000074
AAACGGGCGTACGGGT-1,0.000029,0.187365,0.000029,0.259523,0.056593,0.027523,0.126534,0.003366,0.181717,0.045392,0.111872,0.000029,0.000029
AAACGGTTGCGAACTG-1,0.016467,0.0638,0.00003,0.373919,0.507631,0.003859,0.012727,0.010696,0.009261,0.001518,0.00003,0.00003,0.00003
AAACGTGTTCGCCCTA-1,0.000634,0.000007,0.000007,0.053143,0.097756,0.125212,0.214026,0.020698,0.099697,0.142013,0.246796,0.000007,0.000007
AAACTAACGTGGCGAC-1,0.000298,0.000006,0.000555,0.162178,0.013797,0.049581,0.042751,0.018911,0.039785,0.02697,0.645158,0.000006,0.000006
AAACTCGGTTCGCAAT-1,0.062901,0.065053,0.003505,0.072057,0.441084,0.048776,0.078219,0.008733,0.204952,0.01152,0.00316,0.000021,0.000021
AAACTCGTGATATAAG-1,0.004679,0.003013,0.000005,0.01379,0.031857,0.041348,0.016066,0.011746,0.379703,0.31959,0.178194,0.000005,0.000005
AAACTGCTGGCTCCAA-1,0.004164,0.053109,0.008174,0.17978,0.169478,0.141786,0.112076,0.012047,0.205791,0.060485,0.05309,0.00001,0.00001
AAACTTAATTGCACGC-1,0.235842,0.000041,0.000041,0.075103,0.688646,0.000041,0.000041,0.000041,0.000041,0.000041,0.000041,0.000041,0.000041
AAACTTGCAAACGTAT-1,0.118309,0.006027,0.000061,0.082811,0.661968,0.023181,0.082503,0.000061,0.016079,0.008814,0.000061,0.000061,0.000061
AAAGAATGACCTTAGA-1,0.246376,0.000018,0.004739,0.131834,0.616893,0.000018,0.000018,0.000018,0.000018,0.000018,0.000018,0.000018,0.000018
AAAGAATGTGGACTAA-1,0.431837,0.466615,0.000032,0.000032,0.101233,0.000032,0.000032,0.000032,0.000032,0.000032,0.000032,0.000032,0.000032
AAAGACCCAAGTCGCG-1,0.070557,0.067437,0.000007,0.011877,0.005196,0.271569,0.229681,0.036545,0.092846,0.070349,0.143921,0.000007,0.000007
AAAGACTGGGCGCTTT-1,0.483719,0.092915,0.000042,0.044347,0.007144,0.235855,0.026849,0.027263,0.0817,0.000042,0.000042,0.000042,0.000042
AAAGCTTGCCTACATA-1,0.000004,0.000004,0.000004,0.008245,0.091072,0.125153,0.018753,0.022069,0.41667,0.259782,0.058234,0.000004,0.000004
AAAGGCCCTATAATAC-1,0.185429,0.49344,0.000098,0.099435,0.220813,0.000098,0.000098,0.000098,0.000098,0.000098,0.000098,0.000098,0.000098
AAAGGCTACGGACCAT-1,0.23261,0.050669,0.004036,0.004379,0.466386,0.120509,0.000142,0.120558,0.000142,0.000142,0.000142,0.000142,0.000142
AAAGGCTCTCGCGCCG-1,0.000414,0.000414,0.000414,0.000414,0.805816,0.000414,0.189635,0.000414,0.000414,0.000414,0.000414,0.000414,0.000414
AAAGGGATGTAGCAAG-1,0.0464,0.000479,0.000016,0.109095,0.409849,0.047675,0.134905,0.130192,0.057411,0.040757,0.023188,0.000016,0.000016
AAAGGGCAGCTTGAAT-1,0.327249,0.000042,0.043736,0.430267,0.000042,0.06998,0.000042,0.000042,0.000042,0.000042,0.12843,0.000042,0.000042
AAAGGTAAGCTGTACC-1,0.000004,0.000527,0.000004,0.000004,0.000004,0.189457,0.001541,0.007815,0.675185,0.08568,0.03977,0.000004,0.000004
AAAGTAGCATTGCTCA-1,0.000223,0.275576,0.004809,0.168019,0.54959,0.000223,0.000223,0.000223,0.000223,0.000223,0.000223,0.000223,0.000223
AAAGTCACTGATGTAA-1,0.032643,0.015975,0.000008,0.085073,0.063758,0.419473,0.091332,0.088169,0.055395,0.023146,0.125013,0.000008,0.000008
AAAGTCGACCCTCAGT-1,0.121755,0.157915,0.000061,0.371059,0.19565,0.000061,0.008632,0.000061,0.043308,0.101313,0.000061,0.000061,0.000061
AAAGTGCCATCAATTA-1,0.782431,0.059303,0.000032,0.000798,0.157181,0.000032,0.000032,0.000032,0.000032,0.000032,0.000032,0.000032,0.000032
AAAGTGTGATTTATCT-1,0.357676,0.473783,0.003577,0.011712,0.153014,0.00003,0.00003,0.00003,0.00003,0.00003,0.00003,0.00003,0.00003
AAAGTTGACTCCCGTA-1,0.597666,0.176248,0.001869,0.023726,0.152848,0.000031,0.034762,0.010806,0.000031,0.000031,0.001921,0.000031,0.000031
AAATAACCATACGGGA-1,0.019504,0.00121,0.000011,0.100037,0.308037,0.053213,0.046421,0.03835,0.135465,0.11563,0.182102,0.000011,0.000011
AAATAAGGTAGTGCCC-1,0.006263,0.001543,0.000006,0.070562,0.152055,0.01134,0.044135,0.102092,0.239473,0.170785,0.201734,0.000006,0.000006
AAATACCTATAAGCAT-1,0.005902,0.036733,0.007198,0.064543,0.089564,0.115818,0.347736,0.012725,0.276873,0.023365,0.019525,0.000009,0.000009
AAATAGCTTAGACTTT-1,0.18326,0.057287,0.00003,0.38187,0.313198,0.00003,0.016455,0.00003,0.00003,0.015855,0.031894,0.00003,0.00003
AAATAGGGTGCTATTG-1,0.000008,0.019614,0.000008,0.000008,0.000008,0.87438,0.003633,0.003561,0.094156,0.004514,0.000092,0.000008,0.000008
AAATCCGATACACGCC-1,0.035923,0.067407,0.000045,0.207179,0.660496,0.000045,0.028636,0.000045,0.000045,0.000045,0.000045,0.000045,0.000045
AAATCGCGGAAGGAGT-1,0.184962,0.000031,0.017272,0.087744,0.709746,0.000031,0.000031,0.000031,0.000031,0.000031,0.000031,0.000031,0.000031
AAATCGTGTACCACAA-1,0.020759,0.000022,0.012643,0.108956,0.550858,0.144935,0.059965,0.000317,0.054661,0.037922,0.008917,0.000022,0.000022
AAATCTAGCCCTGCTA-1,0.821231,0.000039,0.000039,0.061762,0.116618,0.000039,0.000039,0.000039,0.000039,0.000039,0.000039,0.000039,0.000039
AAATCTGCCCGCGTCC-1,0.079891,0.589927,0.006353,0.084576,0.238666,0.000073,0.000073,0.000073,0.000073,0.000073,0.000073,0.000073,0.000073
AAATGACTGATCAAAC-1,0.000693,0.206365,0.043501,0.000693,0.000693,0.008586,0.000693,0.000693,0.735311,0.000693,0.000693,0.000693,0.000693
AAATGATTCGATCAGC-1,0.000004,0.001022,0.000004,0.000004,0.000004,0.158476,0.000899,0.002568,0.603492,0.130705,0.102817,0.000004,0.000004
AAATGCTCGTTACGTT-1,0.319465,0.000032,0.000032,0.539457,0.000032,0.000032,0.000032,0.000032,0.000032,0.000032,0.14076,0.000032,0.000032
AAATGGCATGTCTTGT-1,0.010383,0.013623,0.000011,0.125158,0.063048,0.290713,0.073064,0.029396,0.190704,0.044618,0.15926,0.000011,0.000011
AAATGGCCCGTGCCCT-1,0.037762,0.177003,0.012653,0.113283,0.606768,0.000097,0.000097,0.000097,0.051854,0.000097,0.000097,0.000097,0.000097
AAATGGTCAATGTGCC-1,0.000006,0.012959,0.000006,0.002292,0.002702,0.414341,0.09547,0.060183,0.352378,0.026301,0.033351,0.000006,0.000006
AAATGTATCTTATCCC-1,0.012821,0.012821,0.012821,0.012821,0.012821,0.012821,0.012821,0.012821,0.846152,0.012821,0.012821,0.012821,0.012821
AAATTAACGGGTAGCT-1,0.000384,0.000009,0.000009,0.081399,0.047755,0.321064,0.076588,0.022461,0.227677,0.082901,0.139733,0.000009,0.000009
AAATTAATAAGCGCGA-1,0.369689,0.629644,0.000061,0.000061,0.000061,0.000061,0.000061,0.000061,0.000061,0.000061,0.000061,0.000061,0.000061
AAATTACACGACTCTG-1,0.011009,0.000012,0.000012,0.204913,0.250759,0.054337,0.023999,0.024582,0.062311,0.19274,0.175302,0.000012,0.000012
AAATTACCTATCGATG-1,0.015805,0.000507,0.000011,0.116332,0.316555,0.009071,0.059562,0.009982,0.057364,0.140396,0.274392,0.000011,0.000011
AAATTCCAGGTCCAAA-1,0.028469,0.01957,0.001005,0.08677,0.164264,0.010002,0.020478,0.00121,0.146123,0.300771,0.221316,0.000011,0.000011
AAATTGATAGTCCTTT-1,0.000119,0.000119,0.344453,0.158719,0.30948,0.000119,0.18628,0.000119,0.000119,0.000119,0.000119,0.000119,0.000119
AAATTGGTGAGAAGCA-1,0.001327,0.001129,0.000006,0.191925,0.135713,0.021163,0.121117,0.009331,0.10204,0.081671,0.334565,0.000006,0.000006
AAATTTACCGAAATCC-1,0.001321,0.012149,0.000011,0.270512,0.141848,0.040277,0.058624,0.01479,0.023023,0.039139,0.398285,0.000011,0.000011
AAATTTGCGGGTGTGG-1,0.022967,0.021122,0.00004,0.08231,0.55699,0.023723,0.14223,0.00004,0.063221,0.081556,0.005721,0.00004,0.00004
AACAACTGGTAGTTGC-1,0.019133,0.000014,0.000014,0.238954,0.16705,0.326665,0.10107,0.050343,0.015774,0.021758,0.059197,0.000014,0.000014
AACAATACATTGTCGA-1,0.005254,0.07853,0.034245,0.207519,0.562953,0.000059,0.000059,0.000059,0.038319,0.001689,0.071196,0.000059,0.000059
AACAATTACTCTACGC-1,0.097318,0.141029,0.000035,0.541066,0.022801,0.183514,0.014025,0.000035,0.000035,0.000035,0.000035,0.000035,0.000035
AACACACGCTCGCCGC-1,0.426039,0.246331,0.000028,0.000337,0.299035,0.000028,0.028033,0.000028,0.000028,0.000028,0.000028,0.000028,0.000028
AACACGACTGTACTGA-1,0.025234,0.000012,0.000012,0.290431,0.101071,0.316249,0.082903,0.067649,0.021637,0.032031,0.062744,0.000012,0.000012
AACACGAGACGCGGCC-1,0.000027,0.031992,0.000027,0.002168,0.173595,0.216137,0.150317,0.026122,0.322987,0.076407,0.000168,0.000027,0.000027
AACACGCGGCCGCGAA-1,0.001755,0.000004,0.000004,0.068424,0.106263,0.811609,0.005197,0.005389,0.000004,0.001276,0.000064,0.000004,0.000004
AACAGCTGTGTGGCAA-1,0.199208,0.000093,0.13193,0.039591,0.616726,0.000093,0.011802,0.000093,0.000093,0.000093,0.000093,0.000093,0.000093
AACAGGAAATCGAATA-1,0.006588,0.033563,0.000012,0.128263,0.209235,0.194384,0.134869,0.056962,0.079536,0.077543,0.079021,0.000012,0.000012
AACAGGATGGGCCGCG-1,0.003525,0.00178,0.000006,0.051348,0.022386,0.920419,0.000499,0.000006,0.000006,0.000006,0.000006,0.000006,0.000006
AACAGGTAGTATGGAT-1,0.348875,0.513086,0.000018,0.028709,0.000018,0.000018,0.000018,0.000018,0.000018,0.000018,0.109171,0.000018,0.000018
AACATAGCGTGTATCG-1,0.00004,0.179395,0.015422,0.00004,0.00004,0.372224,0.012102,0.00004,0.375174,0.00004,0.045401,0.00004,0.00004
AACATATCAACTGGTG-1,0.019956,0.000009,0.000922,0.040073,0.142413,0.014267,0.019394,0.212285,0.154067,0.216962,0.179632,0.000009,0.000009
AACATCGATACGTCTA-1,0.000117,0.000007,0.000007,0.133997,0.175489,0.006368,0.036526,0.008635,0.091696,0.163129,0.384015,0.000007,0.000007
AACATTGAAGTTGATC-1,0.14721,0.000207,0.000207,0.012591,0.83813,0.000207,0.000207,0.000207,0.000207,0.000207,0.000207,0.000207,0.000207
AACATTGTGACTCGAG-1,0.000106,0.044795,0.000106,0.074199,0.868931,0.011123,0.000106,0.000106,0.000106,0.000106,0.000106,0.000106,0.000106
AACCAAGACTTCTCTG-1,0.36743,0.026698,0.000168,0.267412,0.336952,0.000168,0.000168,0.000168,0.000168,0.000168,0.000168,0.000168,0.000168
AACCAGTATCACTCTT-1,0.033428,0.002423,0.000015,0.260507,0.185839,0.032791,0.067402,0.016682,0.036924,0.066254,0.297706,0.000015,0.000015
AACCATAGGGTTGAAC-1,0.137775,0.070183,0.008957,0.180453,0.602432,0.000025,0.000025,0.000025,0.000025,0.000025,0.000025,0.000025,0.000025
AACCATGGGATCGCTA-1,0.049568,0.000029,0.000029,0.490072,0.06886,0.014456,0.044356,0.002663,0.253087,0.013278,0.063545,0.000029,0.000029
AACCCAGAGACGGAGA-1,0.000015,0.000015,0.000015,0.133199,0.560592,0.080675,0.011782,0.016221,0.154544,0.022308,0.020603,0.000015,0.000015
AACCCATCCCATGATC-1,0.182794,0.00014,0.032301,0.246089,0.537555,0.00014,0.00014,0.00014,0.00014,0.00014,0.00014,0.00014,0.00014
AACCCGACAACCCGTG-1,0.030977,0.205091,0.012072,0.050245,0.208572,0.000061,0.000061,0.492616,0.000061,0.000061,0.000061,0.000061,0.000061
AACCCGAGCAGAATCG-1,0.246479,0.688745,0.000014,0.017252,0.034956,0.000014,0.012226,0.000014,0.000014,0.000014,0.000242,0.000014,0.000014
AACCCGCTGTATTCCA-1,0.000103,0.340911,0.000103,0.000103,0.000103,0.207181,0.041133,0.000103,0.317364,0.029884,0.062804,0.000103,0.000103
AACCCTACTGTCAATA-1,0.155517,0.595907,0.000015,0.09866,0.000015,0.000015,0.000015,0.000015,0.000015,0.000015,0.149779,0.000015,0.000015
AACCCTGGTGGAACCA-1,0.015762,0.010151,0.000008,0.367133,0.007837,0.142892,0.070924,0.013966,0.025519,0.0194,0.326391,0.000008,0.000008
AACCGAGCTTGGTCAT-1,0.004586,0.094355,0.000009,0.006401,0.102813,0.230114,0.167009,0.018009,0.324975,0.037694,0.014018,0.000009,0.000009
AACCGCTAAGGGATGC-1,0.678649,0.100054,0.000027,0.093869,0.087549,0.004912,0.012896,0.000027,0.000027,0.000027,0.021907,0.000027,0.000027
AACCGTTGTGTTTGCT-1,0.007883,0.103185,0.000013,0.134717,0.034879,0.508214,0.046652,0.025689,0.009056,0.021952,0.107734,0.000013,0.000013
AACCTCGCTTTAGCCC-1,0.003779,0.064411,0.000028,0.043308,0.518896,0.094747,0.137359,0.02022,0.08871,0.024107,0.004377,0.000028,0.000028
AACCTGTCACGGAATT-1,0.034417,0.005477,0.000012,0.031201,0.143342,0.028463,0.04695,0.020724,0.111593,0.463302,0.114497,0.000012,0.000012
AACCTTTAAATACGGT-1,0.068201,0.061314,0.000053,0.055733,0.725816,0.083823,0.004738,0.000053,0.000053,0.000053,0.000053,0.000053,0.000053
AACCTTTACGACGTCT-1,0.000007,0.012272,0.000007,0.000007,0.001094,0.1463,0.006576,0.017075,0.465606,0.231897,0.119146,0.000007,0.000007
AACGAAAGTCGTCCCA-1,0.32503,0.163979,0.008611,0.130525,0.370861,0.000124,0.000124,0.000124,0.000124,0.000124,0.000124,0.000124,0.000124
AACGACCTCCTAGCCG-1,0.363251,0.583404,0.002862,0.000022,0.000022,0.000022,0.003927,0.000022,0.000022,0.000022,0.046381,0.000022,0.000022
AACGATAATGCCGTAG-1,0.000036,0.002988,0.000036,0.238468,0.465152,0.28408,0.009024,0.000036,0.000036,0.000036,0.000036,0.000036,0.000036
AACGATAGAAGGGCCG-1,0.028782,0.054973,0.000009,0.035784,0.023412,0.196835,0.085785,0.113477,0.25011,0.094247,0.116568,0.000009,0.000009
AACGATATGTCAACTG-1,0.043431,0.007269,0.000015,0.052093,0.153417,0.0484,0.054569,0.144658,0.084641,0.286353,0.125124,0.000015,0.000015
AACGCATGATCTGGGT-1,0.000945,0.103026,0.000007,0.046427,0.073559,0.059495,0.074732,0.006436,0.258983,0.121972,0.254403,0.000007,0.000007
AACGCGAACGGCAACA-1,0.474238,0.000064,0.406529,0.118597,0.000064,0.000064,0.000064,0.000064,0.000064,0.000064,0.000064,0.000064,0.000064
AACGCGACCTTGGGCG-1,0.000057,0.077211,0.056976,0.164709,0.240556,0.128257,0.036006,0.023363,0.259706,0.012987,0.000057,0.000057,0.000057
AACGCGGTCTCCAGCC-1,0.00759,0.092849,0.000014,0.11403,0.338905,0.197719,0.051927,0.085895,0.052756,0.035704,0.022585,0.000014,0.000014
AACGCTGTTGCTGAAA-1,0.246099,0.647552,0.000022,0.000023,0.101796,0.000022,0.000022,0.000022,0.000022,0.004352,0.000022,0.000022,0.000022
AACGGACGTACGTATA-1,0.344618,0.390161,0.000016,0.007245,0.235126,0.001733,0.012965,0.000016,0.000016,0.008058,0.000016,0.000016,0.000016
AACGGCCATCTCCGGT-1,0.056915,0.000046,0.036128,0.399164,0.278688,0.084689,0.043863,0.042824,0.005503,0.03333,0.018759,0.000046,0.000046
AACGTACTGTGGGTAC-1,0.009831,0.052266,0.000059,0.056838,0.487082,0.124166,0.125929,0.000059,0.140367,0.000059,0.003224,0.000059,0.000059
AACGTCAGACTAGTGG-1,0.009342,0.113514,0.005127,0.252395,0.153805,0.301597,0.069983,0.02017,0.013994,0.020367,0.039675,0.000015,0.000015
AACGTCATCCGGCTTG-1,0.005917,0.928993,0.005917,0.005917,0.005917,0.005917,0.005917,0.005917,0.005917,0.005917,0.005917,0.005917,0.005917
AACGTCGCTGCACTTC-1,0.685233,0.2787,0.000066,0.000066,0.000066,0.000066,0.000066,0.008503,0.000066,0.026972,0.000066,0.000066,0.000066
AACGTGATGAAGGACA-1,0.000006,0.007905,0.000237,0.001047,0.007763,0.211936,0.030845,0.014612,0.49569,0.131282,0.098664,0.000006,0.000006
AACGTGCGAAAGTCTC-1,0.034755,0.02545,0.00001,0.15051,0.16101,0.157551,0.145646,0.028566,0.158347,0.076879,0.061256,0.00001,0.00001
AACGTTATCAGCACCT-1,0.713246,0.132002,0.007362,0.141257,0.000062,0.000062,0.005639,0.000062,0.000062,0.000062,0.000062,0.000062,0.000062
AACGTTCTACCATTGT-1,0.413451,0.462677,0.000437,0.000437,0.000437,0.000437,0.000437,0.000437,0.119501,0.000437,0.000437,0.000437,0.000437
AACTACCCGTTTGTCA-1,0.003745,0.986952,0.000016,0.000016,0.000016,0.000016,0.000016,0.009138,0.000016,0.000016,0.000016,0.000016,0.000016
AACTAGCGTATCGCAC-1,0.012639,0.000038,0.000038,0.207723,0.003118,0.479736,0.047783,0.085028,0.007763,0.015031,0.141026,0.000038,0.000038
AACTAGGCTTGGGTGT-1,0.281558,0.203619,0.020342,0.076547,0.415827,0.000263,0.000263,0.000263,0.000263,0.000263,0.000263,0.000263,0.000263
AACTCAAGTTAATTGC-1,0.000008,0.000008,0.000008,0.000008,0.015225,0.268027,0.100734,0.025353,0.583347,0.006432,0.000833,0.000008,0.000008
AACTCCAGAGCGTGTT-1,0.654066,0.000343,0.000343,0.000343,0.342156,0.000343,0.000343,0.000343,0.000343,0.000343,0.000343,0.000343,0.000343
AACTCCTAATCCCATG-1,0.019112,0.000009,0.000009,0.072058,0.105609,0.030905,0.098639,0.01183,0.263368,0.206968,0.191473,0.000009,0.000009
AACTCGATGGCGCAGT-1,0.398465,0.000026,0.000026,0.552161,0.000026,0.000026,0.000026,0.000026,0.000026,0.000026,0.049113,0.000026,0.000026
AACTCTCAATAGAGCG-1,0.011965,0.907473,0.000023,0.000023,0.000023,0.032399,0.000023,0.000023,0.000023,0.000023,0.047953,0.000023,0.000023
AACTCTCAGTGTGCTC-1,0.061376,0.518484,0.042355,0.036982,0.097799,0.113092,0.000175,0.000175,0.104478,0.024557,0.000175,0.000175,0.000175
AACTGAGGTCAGCGTC-1,0.000856,0.000007,0.000007,0.026213,0.045495,0.110774,0.047514,0.035082,0.098328,0.345606,0.290103,0.000007,0.000007
AACTGAGTTATACTGA-1,0.231989,0.11928,0.000088,0.0639,0.540006,0.000088,0.034092,0.000088,0.000088,0.000088,0.010118,0.000088,0.000088
AACTGATATTAGGCCT-1,0.020152,0.004191,0.000011,0.305527,0.076669,0.271574,0.047713,0.060588,0.032289,0.049647,0.131617,0.000011,0.000011
AACTGGGTCCCGACGT-1,0.028079,0.018409,0.000015,0.124794,0.141342,0.153194,0.282386,0.077884,0.012817,0.022268,0.138782,0.000015,0.000015
AACTGGGTTCGAGCCG-1,0.01049,0.000728,0.000037,0.195034,0.126057,0.15013,0.122772,0.02983,0.025532,0.130551,0.208763,0.000037,0.000037
AACTGGTGTGGGCCTT-1,0.042619,0.085586,0.000012,0.206252,0.053319,0.429994,0.085174,0.022296,0.003996,0.013524,0.057204,0.000012,0.000012
AACTTCTGCGTCTATC-1,0.836127,0.000083,0.000083,0.119455,0.000083,0.000083,0.000083,0.043593,0.000083,0.000083,0.000083,0.000083,0.000083
AACTTGCCCGTATGCA-1,0.022286,0.113548,0.000018,0.158344,0.020679,0.638152,0.008746,0.012812,0.019309,0.005493,0.000576,0.000018,0.000018
AACTTGCGTTCTCGCG-1,0.687027,0.232901,0.00006,0.00006,0.00006,0.037215,0.00006,0.00006,0.00006,0.00006,0.042317,0.00006,0.00006
AACTTTACGGGAGCTT-1,0.474221,0.520859,0.000026,0.000026,0.000026,0.00466,0.000026,0.000026,0.000026,0.000026,0.000026,0.000026,0.000026
AACTTTAGCTGCTGAG-1,0.003262,0.00001,0.00001,0.391301,0.015411,0.280069,0.027671,0.011261,0.000707,0.007477,0.262801,0.00001,0.00001
AACTTTCTCGATCATG-1,0.000003,0.010638,0.000003,0.000003,0.000003,0.172286,0.00004,0.000567,0.740884,0.038511,0.037058,0.000003,0.000003
AAGAAAGTTTGATGGG-1,0.000127,0.490248,0.000127,0.000127,0.370818,0.000127,0.137667,0.000127,0.000127,0.000127,0.000127,0.000127,0.000127
AAGAAATCACCAGATT-1,0.007964,0.000006,0.000006,0.207346,0.111504,0.020358,0.075711,0.00819,0.049135,0.136392,0.383376,0.000006,0.000006
AAGAAGGATCAGTTAG-1,0.53603,0.000046,0.009501,0.380095,0.000046,0.000046,0.000046,0.000046,0.000046,0.000046,0.073956,0.000046,0.000046
AAGACATACGTGGTTT-1,0.343196,0.579852,0.00002,0.009977,0.021587,0.00479,0.02952,0.00002,0.00002,0.002318,0.008659,0.00002,0.00002
AAGACCAAATAACTCA-1,0.089991,0.155897,0.028752,0.074783,0.525571,0.032341,0.054626,0.005826,0.024284,0.007823,0.000082,0.000012,0.000012
AAGACCCAACTGAACA-1,0.006815,0.097788,0.014155,0.263298,0.422639,0.057971,0.084616,0.00011,0.052167,0.00011,0.00011,0.00011,0.00011
AAGACTGCAAGCTACT-1,0.017954,0.034915,0.000804,0.053926,0.170905,0.240747,0.167362,0.033425,0.143638,0.104535,0.031768,0.000011,0.000011
AAGAGATGAATCGGTA-1,0.042288,0.000037,0.000037,0.837386,0.079274,0.011997,0.017853,0.000037,0.010782,0.000196,0.000037,0.000037,0.000037
AAGAGCTCTTTATCGG-1,0.052995,0.047779,0.000015,0.117254,0.083517,0.151275,0.167447,0.027218,0.139815,0.123105,0.089552,0.000015,0.000015
AAGAGGATGTACGCGA-1,0.013439,0.162046,0.002014,0.046281,0.151845,0.02741,0.48174,0.000028,0.10529,0.00915,0.000701,0.000028,0.000028
AAGAGGCATGGATCGC-1,0.015937,0.082954,0.000011,0.018118,0.059364,0.583718,0.064756,0.038048,0.0628,0.05161,0.022663,0.000011,0.000011
AAGAGGCCCTTTGGAA-1,0.036218,0.946218,0.000008,0.000008,0.000008,0.014525,0.000297,0.000008,0.000008,0.00254,0.000146,0.000008,0.000008
AAGATGGCACCGGACC-1,0.05749,0.000239,0.037257,0.15581,0.704635,0.000239,0.042897,0.000239,0.000239,0.000239,0.000239,0.000239,0.000239
AAGATTGGCGGAACGT-1,0.027745,0.000032,0.000014,0.057155,0.416593,0.007177,0.047127,0.022215,0.125704,0.232304,0.063905,0.000014,0.000014
AAGCACCCTGCGTATC-1,0.198869,0.152955,0.0001,0.201761,0.313416,0.044814,0.0001,0.011807,0.075779,0.0001,0.0001,0.0001,0.0001
AAGCATACTCTCCTGA-1,0.065272,0.000079,0.005002,0.009382,0.911359,0.008356,0.000079,0.000079,0.000079,0.000079,0.000079,0.000079,0.000079
AAGCCACTTGCAGGTA-1,0.130845,0.24644,0.000053,0.049775,0.248984,0.002624,0.298005,0.000053,0.000053,0.000053,0.023007,0.000053,0.000053
AAGCCGAAGCGGTTTA-1,0.564093,0.31168,0.000025,0.078686,0.000025,0.000025,0.001593,0.000025,0.000025,0.000025,0.043744,0.000025,0.000025
AAGCCGCCGTGAAATC-1,0.10384,0.231437,0.000165,0.48135,0.18189,0.000165,0.000165,0.000165,0.000165,0.000165,0.000165,0.000165,0.000165
AAGCCGCTTTACCTTG-1,0.00395,0.001738,0.000005,0.039668,0.063161,0.075548,0.227174,0.015443,0.213474,0.142805,0.217024,0.000005,0.000005
AAGCCGGAGAGCAGGA-1,0.155376,0.742753,0.000016,0.007873,0.092654,0.000016,0.001218,0.000016,0.000016,0.000016,0.000016,0.000016,0.000016
AAGCGCAGGGCTTTGA-1,0.004662,0.349028,0.000105,0.238977,0.39613,0.000105,0.000105,0.010364,0.000105,0.000105,0.000105,0.000105,0.000105
AAGCGGAGTGCGCGCA-1,0.000003,0.000003,0.000003,0.002209,0.00133,0.166225,0.096848,0.024202,0.463858,0.079785,0.165525,0.000003,0.000003
AAGCGGCGTCATGGGT-1,0.003265,0.065206,0.005331,0.061983,0.193543,0.044399,0.065039,0.174743,0.200366,0.152392,0.033709,0.000011,0.000011
AAGCGTCCCTCATCGA-1,0.233857,0.000125,0.101454,0.018166,0.645393,0.000125,0.000125,0.000125,0.000125,0.000125,0.000125,0.000125,0.000125
AAGCTAGATCGAGTAA-1,0.008102,0.158441,0.000019,0.021148,0.320884,0.053709,0.114062,0.065284,0.162497,0.082923,0.012892,0.000019,0.000019
AAGCTATGGATTGACC-1,0.530868,0.000712,0.000712,0.000712,0.000712,0.000712,0.000712,0.000712,0.000712,0.000712,0.000712,0.461297,0.000712
AAGCTCGTGCCAAGTC-1,0.005451,0.22207,0.003013,0.151002,0.15907,0.131498,0.104796,0.008651,0.089274,0.036374,0.088771,0.000016,0.000016
AAGCTCTTTCATGGTG-1,0.000038,0.126327,0.000038,0.000038,0.031931,0.150065,0.109698,0.037668,0.481756,0.062325,0.000038,0.000038,0.000038
AAGGAGCGGTTGGTGC-1,0.028319,0.00049,0.000015,0.091783,0.257643,0.444655,0.05495,0.061557,0.01134,0.018591,0.030627,0.000015,0.000015
AAGGATCGATCGCTTG-1,0.214664,0.690644,0.00002,0.018085,0.05902,0.00002,0.017424,0.00002,0.00002,0.00002,0.00002,0.00002,0.00002
AAGGATGAGGGACCTC-1,0.000013,0.000013,0.000013,0.191876,0.297277,0.013979,0.042945,0.006913,0.150055,0.079697,0.217194,0.000013,0.000013
AAGGCAGGCTGTCTCC-1,0.04665,0.078437,0.000046,0.032713,0.200933,0.022916,0.068001,0.001951,0.295949,0.061829,0.190482,0.000046,0.000046
AAGGCGCGTAAAGCTT-1,0.001053,0.001847,0.010843,0.216185,0.024191,0.648076,0.030136,0.011683,0.002711,0.011314,0.041946,0.000008,0.000008
AAGGCTGTGCTCATCG-1,0.003057,0.029737,0.000009,0.014879,0.03819,0.356965,0.183408,0.06735,0.26434,0.024102,0.017944,0.000009,0.000009
AAGGGAACGACTGGCT-1,0.142979,0.150326,0.000236,0.469445,0.235126,0.000236,0.000236,0.000236,0.000236,0.000236,0.000236,0.000236,0.000236
AAGGGACAGATTCTGT-1,0.175149,0.000012,0.003796,0.083499,0.033081,0.028,0.114742,0.091757,0.036936,0.132841,0.300161,0.000012,0.000012
AAGGGACTATGCATTC-1,0.000188,0.248408,0.000188,0.296249,0.453467,0.000188,0.000188,0.000188,0.000188,0.000188,0.000188,0.000188,0.000188
AAGGGTTAGCCATGCG-1,0.249865,0.546248,0.000261,0.000261,0.000261,0.000261,0.000261,0.000261,0.000261,0.000261,0.201279,0.000261,0.000261
AAGGGTTTGATTTCAG-1,0.058637,0.061639,0.006222,0.006077,0.355913,0.048942,0.151782,0.000044,0.301018,0.009594,0.000044,0.000044,0.000044
AAGGTATCCTAATATA-1,0.006859,0.012053,0.000012,0.183187,0.057221,0.009622,0.034397,0.003133,0.041946,0.037598,0.613949,0.000012,0.000012
AAGGTGATAAACCAGC-1,0.569798,0.237734,0.000034,0.007346,0.184818,0.000034,0.000034,0.000034,0.000034,0.000034,0.000034,0.000034,0.000034
AAGTAGAAGACCGGGT-1,0.004462,0.000016,0.000016,0.349222,0.238069,0.00318,0.035669,0.135935,0.13581,0.028296,0.069293,0.000016,0.000016
AAGTAGTGACGCGAGG-1,0.070721,0.038339,0.00003,0.622168,0.078841,0.015655,0.134538,0.00003,0.00003,0.005677,0.033913,0.00003,0.00003
AAGTCAATTGTCGTCA-1,0.745692,0.158305,0.000041,0.051142,0.044493,0.000041,0.000041,0.000041,0.000041,0.000041,0.000041,0.000041,0.000041
AAGTCTAGTAGCTGCC-1,0.014122,0.034178,0.000005,0.038818,0.049753,0.078347,0.064676,0.010488,0.27524,0.254186,0.180178,0.000005,0.000005
AAGTCTTCTGTGGCCT-1,0.000009,0.045216,0.930513,0.000009,0.000009,0.007175,0.000009,0.000009,0.000009,0.000009,0.017016,0.000009,0.000009
AAGTGACGACCGAATT-1,0.237358,0.000129,0.000129,0.025334,0.569018,0.002987,0.033631,0.000129,0.052229,0.078667,0.000129,0.000129,0.000129
AAGTGAGTCGGGTTTA-1,0.113582,0.012559,0.004711,0.150355,0.00012,0.00935,0.036495,0.001775,0.667985,0.002707,0.00012,0.00012,0.00012
AAGTGCAAAGGTAGAC-1,0.636781,0.2235,0.000021,0.062844,0.000021,0.000021,0.00447,0.000021,0.000021,0.000021,0.072236,0.000021,0.000021
AAGTGCCTTGACTGTA-1,0.302234,0.664682,0.000026,0.02447,0.0049,0.000026,0.000026,0.000026,0.000026,0.000191,0.003342,0.000026,0.000026
AAGTGCGTTAGAATCT-1,0.000079,0.273344,0.000079,0.244301,0.133467,0.011008,0.201573,0.000079,0.116552,0.019282,0.000079,0.000079,0.000079
AAGTGCTTCTCTATTG-1,0.079644,0.198962,0.016639,0.175564,0.447333,0.044815,0.03649,0.000092,0.000092,0.000092,0.000092,0.000092,0.000092
AAGTGTTTGGAGACGG-1,0.100053,0.078632,0.000053,0.090645,0.4142,0.157649,0.03652,0.101261,0.003338,0.017491,0.000053,0.000053,0.000053
AAGTTCACTCCAAGCT-1,0.059387,0.000078,0.000078,0.132114,0.231892,0.02314,0.552843,0.000078,0.000078,0.000078,0.000078,0.000078,0.000078
AAGTTCAGTCTGCGTA-1,0.000353,0.012187,0.000006,0.006457,0.012711,0.114293,0.025503,0.011947,0.611802,0.093308,0.111422,0.000006,0.000006
AAGTTCGGCCAACAGG-1,0.020816,0.003901,0.000043,0.041572,0.632454,0.023574,0.197796,0.000043,0.073864,0.005806,0.000043,0.000043,0.000043
AAGTTGTGATGTTATA-1,0.346293,0.506924,0.000023,0.015392,0.116455,0.000023,0.014755,0.000023,0.000023,0.000023,0.000023,0.000023,0.000023
AAGTTTACTAATGGCA-1,0.000003,0.000003,0.000003,0.006722,0.024774,0.947291,0.006322,0.004906,0.003273,0.004947,0.001749,0.000003,0.000003
AAGTTTATGGGCCCAA-1,0.236421,0.032848,0.138482,0.063022,0.108139,0.045859,0.224553,0.023214,0.028634,0.053062,0.045741,0.000013,0.000013
AATAACAACGCTCGGC-1,0.029188,0.1506,0.000018,0.10593,0.220991,0.130385,0.183059,0.001065,0.15441,0.020516,0.003802,0.000018,0.000018
AATAACACTAGAACAA-1,0.043153,0.298064,0.169506,0.147249,0.309889,0.009014,0.022757,0.000061,0.000061,0.000061,0.000061,0.000061,0.000061
AATAACGTCGCGCCCA-1,0.000475,0.895428,0.000475,0.000475,0.000475,0.099348,0.000475,0.000475,0.000475,0.000475,0.000475,0.000475,0.000475
AATAAGTCCTCGAGAC-1,0.000005,0.004898,0.000005,0.004824,0.013783,0.308446,0.18797,0.03705,0.291572,0.067551,0.083889,0.000005,0.000005
AATAATCTTCGTATCG-1,0.579687,0.000044,0.000044,0.000044,0.419824,0.000044,0.000044,0.000044,0.000044,0.000044,0.000044,0.000044,0.000044
AATACAATGTTTCAGG-1,0.534729,0.355077,0.000098,0.109211,0.000098,0.000098,0.000098,0.000098,0.000098,0.000098,0.000098,0.000098,0.000098
AATACCGGAGGGCTGT-1,0.302036,0.055159,0.000234,0.203328,0.437372,0.000234,0.000234,0.000234,0.000234,0.000234,0.000234,0.000234,0.000234
AATACCTGATGTGAAC-1,0.126884,0.159162,0.000049,0.148029,0.416656,0.080118,0.06881,0.000049,0.000049,0.000049,0.000049,0.000049,0.000049
AATAGAACAGAGTGGC-1,0.14206,0.00023,0.118029,0.249905,0.463733,0.024437,0.00023,0.00023,0.00023,0.00023,0.00023,0.00023,0.00023
AATAGAATCTGTTTCA-1,0.151685,0.2943,0.000055,0.060631,0.429933,0.000055,0.00448,0.000055,0.000055,0.056345,0.002295,0.000055,0.000055
AATAGCAAGCCTCCTG-1,0.000006,0.000006,0.000006,0.009184,0.015345,0.089139,0.121086,0.105624,0.255333,0.172229,0.23203,0.000006,0.000006
AATAGCTACCGCGTGC-1,0.00235,0.011065,0.002444,0.007063,0.028515,0.077116,0.014765,0.012502,0.436526,0.161029,0.246615,0.000006,0.000006
AATAGGCACGACCCTT-1,0.00641,0.00641,0.00641,0.00641,0.00641,0.00641,0.00641,0.923076,0.00641,0.00641,0.00641,0.00641,0.00641
AATAGTCCGTCCCGAC-1,0.088028,0.084452,0.012821,0.000243,0.351692,0.001462,0.459841,0.000243,0.000243,0.000243,0.000243,0.000243,0.000243
AATAGTCGCGAGTCGG-1,0.277438,0.672641,0.000013,0.000013,0.000013,0.0197,0.000013,0.000013,0.000013,0.000013,0.030103,0.000013,0.000013
AATATCAAGGTCGGAT-1,0.010779,0.012435,0.000011,0.259319,0.041694,0.399951,0.029873,0.035496,0.014181,0.046567,0.149672,0.000011,0.000011
AATATCCTAGCAAACT-1,0.275014,0.021937,0.274838,0.018646,0.181134,0.085063,0.054183,0.000057,0.088901,0.000057,0.000057,0.000057,0.000057
AATATCGAATCAATGC-1,0.452791,0.465726,0.000029,0.000029,0.081192,0.000029,0.000029,0.000029,0.000029,0.000029,0.000029,0.000029,0.000029
AATATCGAGGGTTCTC-1,0.013421,0.026836,0.000012,0.070906,0.223088,0.012411,0.036456,0.054607,0.131994,0.250499,0.179747,0.000012,0.000012
AATATTGGAGTATTGA-1,0.473565,0.264967,0.000212,0.000212,0.259343,0.000212,0.000212,0.000212,0.000212,0.000212,0.000212,0.000212,0.000212
AATCAGGTTTCATTTA-1,0.000093,0.467218,0.013254,0.071156,0.447533,0.000093,0.000093,0.000093,0.000093,0.000093,0.000093,0.000093,0.000093
AATCATGTAAAGACTC-1,0.010313,0.989519,0.000015,0.000015,0.000022,0.000015,0.000015,0.000015,0.000015,0.000015,0.000015,0.000015,0.000015
AATCCAAGGGCCTGAG-1,0.008306,0.046446,0.000014,0.134546,0.128679,0.141676,0.183995,0.055352,0.145478,0.049937,0.105544,0.000014,0.000014
AATCCATGCAAGGGTG-1,0.486877,0.000023,0.000023,0.386247,0.000023,0.000023,0.000023,0.000023,0.000023,0.000023,0.126647,0.000023,0.000023
AATCCCGCTCAGAGCC-1,0.0005,0.264873,0.0005,0.0005,0.0005,0.124539,0.0005,0.0005,0.185366,0.0005,0.420727,0.0005,0.0005
AATCGAGGTCTCAAGG-1,0.741504,0.003846,0.003846,0.003846,0.216188,0.003846,0.003846,0.003846,0.003846,0.003846,0.003846,0.003846,0.003846
AATCGCCTCAGCGCCA-1,0.051346,0.033415,0.001959,0.13388,0.200532,0.196481,0.08348,0.085904,0.0388,0.095999,0.078157,0.000024,0.000024
AATCGCGCAGAGGACT-1,0.10149,0.828354,0.000028,0.000986,0.018125,0.000028,0.002696,0.000028,0.000422,0.047759,0.000028,0.000028,0.000028
AATCGGGACACTACGA-1,0.007794,0.006003,0.000007,0.062519,0.076229,0.514085,0.115337,0.033288,0.044564,0.062412,0.077747,0.000007,0.000007
AATCGGTATAGCCCTC-1,0.544798,0.314415,0.000027,0.002781,0.02139,0.000027,0.061367,0.000027,0.040462,0.004886,0.009769,0.000027,0.000027
AATCGTGAGCCGAGCA-1,0.001986,0.081356,0.004901,0.069118,0.176289,0.16514,0.055657,0.010918,0.308952,0.110958,0.014697,0.000014,0.000014
AATCTAGGTTTACTTG-1,0.099239,0.000037,0.271684,0.054355,0.457152,0.075808,0.026601,0.000037,0.008017,0.006957,0.000037,0.000037,0.000037
AATCTATGCCGGAGCC-1,0.002898,0.043335,0.000008,0.035436,0.080919,0.03699,0.041403,0.006546,0.180766,0.281859,0.289823,0.000008,0.000008
AATCTCTACTGTGGTT-1,0.367544,0.559565,0.008248,0.018316,0.046099,0.000028,0.000028,0.000028,0.000028,0.000028,0.000028,0.000028,0.000028
AATCTGCGTTGGGACG-1,0.091442,0.000025,0.000025,0.07456,0.398199,0.043368,0.062646,0.021415,0.087278,0.167952,0.053041,0.000025,0.000025
AATCTGGCTTTCTAGT-1,0.020286,0.008803,0.66954,0.01451,0.090445,0.041669,0.064199,0.010162,0.042276,0.020807,0.017272,0.000015,0.000015
AATGACAGCAATGTCT-1,0.022807,0.050099,0.000036,0.058294,0.363792,0.032438,0.163426,0.00097,0.260829,0.038487,0.008751,0.000036,0.000036
AATGACGTAGGATGTC-1,0.070967,0.050019,0.053338,0.121115,0.310096,0.196999,0.048419,0.097353,0.020759,0.019434,0.011466,0.000018,0.000018
AATGACTGTCAGCCGG-1,0.00002,0.00002,0.00002,0.466125,0.180722,0.114603,0.028458,0.093313,0.033742,0.014259,0.068679,0.00002,0.00002
AATGAGTTCGCATATG-1,0.69585,0.000025,0.000025,0.101844,0.000025,0.000025,0.000025,0.000025,0.000025,0.000025,0.202055,0.000025,0.000025
AATGATGATACGCTAT-1,0.000011,0.000011,0.000011,0.180322,0.176811,0.096164,0.04845,0.017309,0.119945,0.112379,0.248565,0.000011,0.000011
AATGATGCGACTCCTG-1,0.000007,0.006037,0.000007,0.000007,0.00012,0.041847,0.002375,0.014187,0.469846,0.235859,0.229696,0.000007,0.000007
AATGCAACCGGGTACC-1,0.001297,0.109972,0.00001,0.025278,0.282808,0.053916,0.123935,0.081091,0.297118,0.018054,0.0065,0.00001,0.00001
AATGCACCAAGCAATG-1,0.001623,0.028491,0.000009,0.110954,0.117019,0.023773,0.053774,0.00767,0.069054,0.189105,0.39851,0.000009,0.000009
AATGGTCCACCGTTCA-1,0.244456,0.701547,0.000057,0.000057,0.000057,0.026813,0.000057,0.000057,0.000057,0.000057,0.026675,0.000057,0.000057
AATGGTTCTCACAAGC-1,0.008431,0.000025,0.000025,0.494913,0.27576,0.000025,0.001371,0.024067,0.103392,0.011563,0.080382,0.000025,0.000025
AATGTATGGCACTGTA-1,0.018677,0.205477,0.019581,0.06411,0.690337,0.000042,0.001522,0.000042,0.000042,0.000042,0.000042,0.000042,0.000042
AATGTGCCCGAGGTGT-1,0.322022,0.000379,0.113429,0.270575,0.290563,0.000379,0.000379,0.000379,0.000379,0.000379,0.000379,0.000379,0.000379
AATGTGCTAATCTGAG-1,0.289714,0.345731,0.000263,0.308121,0.054072,0.000263,0.000263,0.000263,0.000263,0.000263,0.000263,0.000263,0.000263
AATGTTAAGACCCTGA-1,0.126509,0.207347,0.000085,0.064021,0.000085,0.252649,0.01597,0.000085,0.110991,0.000085,0.222002,0.000085,0.000085
AATGTTGTCGTGAGAC-1,0.519413,0.39876,0.000037,0.000037,0.081455,0.000037,0.000037,0.000037,0.000037,0.000037,0.000037,0.000037,0.000037
AATTAAAGGTCGGCGT-1,0.000008,0.030101,0.000008,0.004271,0.021782,0.312388,0.143846,0.023361,0.458199,0.00301,0.003011,0.000008,0.000008
AATTAACGGATTTCCA-1,0.000348,0.31081,0.000348,0.262023,0.423686,0.000348,0.000348,0.000348,0.000348,0.000348,0.000348,0.000348,0.000348
AATTACGAGACCCATC-1,0.129302,0.009107,0.014787,0.000037,0.843695,0.000037,0.000037,0.002815,0.000037,0.000037,0.000037,0.000037,0.000037
AATTACTCGTACGCTC-1,0.236111,0.70712,0.000019,0.005016,0.000019,0.001145,0.000019,0.000019,0.000019,0.000019,0.050458,0.000019,0.000019
AATTAGCGCTGCAGCG-1,0.03446,0.091966,0.016035,0.098382,0.606923,0.121318,0.019824,0.000057,0.000057,0.010807,0.000057,0.000057,0.000057
AATTATACCCAGCAAG-1,0.152397,0.00029,0.00029,0.494986,0.00029,0.055398,0.00029,0.00029,0.294607,0.00029,0.00029,0.00029,0.00029
AATTCATAAGGGATCT-1,0.000637,0.012105,0.000008,0.003578,0.038589,0.143002,0.015537,0.041707,0.198967,0.321565,0.224291,0.000008,0.000008
AATTCATTGTCATGCA-1,0.106467,0.124251,0.018191,0.183676,0.48273,0.000056,0.005794,0.000056,0.041681,0.036933,0.000056,0.000056,0.000056
AATTCCAAGCATGTAC-1,0.06591,0.008245,0.000054,0.083221,0.569246,0.051005,0.02571,0.196336,0.000054,0.000054,0.000054,0.000054,0.000054
AATTCGATTCGAGGAT-1,0.065547,0.014113,0.008559,0.009504,0.740956,0.04903,0.093295,0.012156,0.005916,0.000786,0.000046,0.000046,0.000046
AATTCTAGAGTTAGGC-1,0.076509,0.054546,0.012782,0.056191,0.666257,0.078811,0.047546,0.000057,0.007074,0.000057,0.000057,0.000057,0.000057
AATTGAACGCTCTGGT-1,0.023303,0.220857,0.000096,0.034625,0.270327,0.093533,0.049651,0.007181,0.124976,0.149034,0.026226,0.000096,0.000096
AATTGCAGCAATCGAC-1,0.496626,0.431068,0.000025,0.000025,0.072055,0.000025,0.000025,0.000025,0.000025,0.000025,0.000025,0.000025,0.000025
AATTGCGTGGATTACA-1,0.003202,0.610496,0.003142,0.049506,0.313616,0.000023,0.013606,0.000023,0.006293,0.000023,0.000023,0.000023,0.000023
AATTGTGGTTGCCAAA-1,0.304145,0.621735,0.000016,0.01607,0.057909,0.000016,0.000016,0.000016,0.000016,0.000016,0.000016,0.000016,0.000016
AATTTGGGACATAGTA-1,0.00393,0.019263,0.000012,0.057387,0.191573,0.068011,0.072466,0.036252,0.12033,0.179502,0.251249,0.000012,0.000012
AATTTGGTTCCAAAGA-1,0.000004,0.000004,0.000004,0.026294,0.067001,0.893245,0.005079,0.004173,0.000176,0.001996,0.002015,0.000004,0.000004
ACAAACCATGCGTCCT-1,0.21578,0.130969,0.00393,0.345466,0.303737,0.000015,0.000015,0.000015,0.000015,0.000015,0.000015,0.000015,0.000015
ACAAACTCCATCAGAG-1,0.095185,0.894104,0.000974,0.000974,0.000974,0.000974,0.000974,0.000974,0.000974,0.000974,0.000974,0.000974,0.000974
ACAAAGAAGGTAGGCC-1,0.129204,0.021363,0.449026,0.144811,0.198968,0.022801,0.014165,0.000013,0.003316,0.010312,0.005994,0.000013,0.000013
ACAAAGCATGACCTAG-1,0.280201,0.582638,0.000018,0.008728,0.099056,0.000782,0.014893,0.000018,0.006922,0.0062,0.000509,0.000018,0.000018
ACAAATCGCACCGAAT-1,0.062237,0.034025,0.000058,0.109026,0.466814,0.202953,0.023952,0.06094,0.007979,0.031842,0.000058,0.000058,0.000058
ACAAATGGTAGTGTTT-1,0.232309,0.207918,0.000189,0.031943,0.331613,0.194709,0.000189,0.000189,0.000189,0.000189,0.000189,0.000189,0.000189
ACAAATTCAGATCTGA-1,0.000005,0.000005,0.000005,0.000226,0.002022,0.483368,0.021623,0.040926,0.217022,0.134828,0.099962,0.000005,0.000005
ACAACAGCATGAGCTA-1,0.005136,0.029239,0.000011,0.018423,0.159289,0.21005,0.08101,0.252019,0.147914,0.076102,0.020786,0.000011,0.000011
ACAACGGTCCCTGCGA-1,0.2507,0.000019,0.090307,0.506515,0.000019,0.000019,0.000019,0.000019,0.000019,0.000019,0.15231,0.000019,0.000019
ACAAGCAGTGCCTAGC-1,0.166573,0.199524,0.001959,0.337356,0.035864,0.202799,0.055705,0.000037,0.000037,0.000037,0.000037,0.000037,0.000037
ACAAGCTATATGGAAG-1,0.002653,0.002653,0.146233,0.002653,0.002653,0.002653,0.002653,0.002653,0.002653,0.824589,0.002653,0.002653,0.002653
ACAAGGAAATCCGCCC-1,0.029988,0.147891,0.006573,0.143053,0.285492,0.219449,0.042313,0.043749,0.04704,0.020922,0.013492,0.000019,0.000019
ACAAGGACAAGAGGTT-1,0.006265,0.105544,0.00001,0.143994,0.231077,0.489592,0.017656,0.005075,0.00001,0.000749,0.00001,0.00001,0.00001
ACAAGGATGCTTTAGG-1,0.009923,0.035381,0.000069,0.074008,0.404297,0.000423,0.231671,0.005808,0.105296,0.057348,0.075638,0.000069,0.000069
ACAAGGGCAGGCTCTG-1,0.002663,0.023708,0.001427,0.052471,0.020259,0.197952,0.107871,0.030934,0.295659,0.023706,0.243336,0.000006,0.000006
ACAAGTAATTGTAAGG-1,0.36292,0.001789,0.001789,0.001789,0.001789,0.001789,0.001789,0.001789,0.617402,0.001789,0.001789,0.001789,0.001789
ACAATAGTCGTACGTT-1,0.030844,0.154971,0.000065,0.25516,0.348744,0.081766,0.057198,0.000065,0.013607,0.016839,0.040613,0.000065,0.000065
ACAATCCATTTAAACC-1,0.00778,0.061705,0.000016,0.506768,0.060506,0.030845,0.204701,0.000394,0.019525,0.006565,0.101162,0.000016,0.000016
ACAATGAATACGGAGA-1,0.152301,0.190733,0.101965,0.164516,0.388907,0.000197,0.000197,0.000197,0.000197,0.000197,0.000197,0.000197,0.000197
ACAATGATTCTTCTAC-1,0.001139,0.000005,0.000005,0.008939,0.000397,0.128459,0.109984,0.106617,0.198513,0.023502,0.422429,0.000005,0.000005
