Barcode,Topic 1to2,Topic 3,Topic 4to11,Topic 12,Topic 13
AAACAAGTATCTCCCA-1,0.907868,0.000013,0.092092,0.000013,0.000013
AAACACCAATAACTGC-1,0.286072,0.005557,0.707904,0.000233,0.000233
AAACAGAGCGACTCCT-1,0.003459,0.000006,0.996525,0.000006,0.000006
AAACAGCTTTCAGAAG-1,0.337763,0.075641,0.586522,0.000037,0.000037
AAACAGGGTCTATATT-1,0.312657,0.008567,0.678683,0.000047,0.000047
AAACAGTGTTCCTGGG-1,0.574024,0.000093,0.425697,0.000093,0.000093
AAACATGGTGAGAGGA-1,0.309924,0.000046,0.689938,0.000046,0.000046
AAACATTTCCCGGATT-1,0.698268,0.000034,0.301632,0.000034,0.000034
AAACCCGAACGAAATC-1,0.740946,0.000028,0.258969,0.000028,0.000028
AAACCGGAAATGTTAA-1,0.818771,0.000017,0.181177,0.000017,0.000017
AAACCGGGTAGGTACC-1,0.229598,0.000022,0.770337,0.000022,0.000022
AAACCGTTCGTCCAGG-1,0.108272,0.053908,0.837357,0.000232,0.000232
AAACCTAAGCAGCCGG-1,0.066583,0.000014,0.933375,0.000014,0.000014
AAACCTCATGAAGTTG-1,0.644314,0.001662,0.353989,0.000017,0.000017
AAACGAAGAACATACC-1,0.010725,0.000005,0.989259,0.000005,0.000005
AAACGAAGATGGAGTA-1,0.273911,0.031338,0.694662,0.000044,0.000044
AAACGAGACGGTTGAT-1,0.090811,0.000014,0.909146,0.000014,0.000014
AAACGCTGGGCACGAC-1,0.952633,0.000074,0.047143,0.000074,0.000074
AAACGGGCGTACGGGT-1,0.187393,0.000029,0.81252,0.000029,0.000029
AAACGGTTGCGAACTG-1,0.080267,0.00003,0.919642,0.00003,0.00003
AAACGTGTTCGCCCTA-1,0.000641,0.000007,0.999339,0.000007,0.000007
AAACTAACGTGGCGAC-1,0.000303,0.000555,0.999131,0.000006,0.000006
AAACTCGGTTCGCAAT-1,0.127954,0.003505,0.868501,0.000021,0.000021
AAACTCGTGATATAAG-1,0.007692,0.000005,0.992294,0.000005,0.000005
AAACTGCTGGCTCCAA-1,0.057273,0.008174,0.934532,0.00001,0.00001
AAACTTAATTGCACGC-1,0.235883,0.000041,0.763994,0.000041,0.000041
AAACTTGCAAACGTAT-1,0.124337,0.000061,0.875479,0.000061,0.000061
AAAGAATGACCTTAGA-1,0.246393,0.004739,0.748832,0.000018,0.000018
AAAGAATGTGGACTAA-1,0.898452,0.000032,0.101453,0.000032,0.000032
AAAGACCCAAGTCGCG-1,0.137993,0.000007,0.861986,0.000007,0.000007
AAAGACTGGGCGCTTT-1,0.576634,0.000042,0.423241,0.000042,0.000042
AAAGCTTGCCTACATA-1,0.000008,0.000004,0.999979,0.000004,0.000004
AAAGGCCCTATAATAC-1,0.67887,0.000098,0.320836,0.000098,0.000098
AAAGGCTACGGACCAT-1,0.283279,0.004036,0.712401,0.000142,0.000142
AAAGGCTCTCGCGCCG-1,0.000827,0.000414,0.997932,0.000414,0.000414
AAAGGGATGTAGCAAG-1,0.046879,0.000016,0.953072,0.000016,0.000016
AAAGGGCAGCTTGAAT-1,0.327292,0.043736,0.628888,0.000042,0.000042
AAAGGTAAGCTGTACC-1,0.000531,0.000004,0.999456,0.000004,0.000004
AAAGTAGCATTGCTCA-1,0.275799,0.004809,0.718946,0.000223,0.000223
AAAGTCACTGATGTAA-1,0.048618,0.000008,0.951359,0.000008,0.000008
AAAGTCGACCCTCAGT-1,0.279669,0.000061,0.720146,0.000061,0.000061
AAAGTGCCATCAATTA-1,0.841735,0.000032,0.15817,0.000032,0.000032
AAAGTGTGATTTATCT-1,0.831459,0.003577,0.164905,0.00003,0.00003
AAAGTTGACTCCCGTA-1,0.773914,0.001869,0.224156,0.000031,0.000031
AAATAACCATACGGGA-1,0.020714,0.000011,0.979254,0.000011,0.000011
AAATAAGGTAGTGCCC-1,0.007805,0.000006,0.992175,0.000006,0.000006
AAATACCTATAAGCAT-1,0.042635,0.007198,0.950149,0.000009,0.000009
AAATAGCTTAGACTTT-1,0.240547,0.00003,0.759363,0.00003,0.00003
AAATAGGGTGCTATTG-1,0.019622,0.000008,0.980353,0.000008,0.000008
AAATCCGATACACGCC-1,0.103331,0.000045,0.896535,0.000045,0.000045
AAATCGCGGAAGGAGT-1,0.184993,0.017272,0.797674,0.000031,0.000031
AAATCGTGTACCACAA-1,0.020781,0.012643,0.966531,0.000022,0.000022
AAATCTAGCCCTGCTA-1,0.82127,0.000039,0.178613,0.000039,0.000039
AAATCTGCCCGCGTCC-1,0.669818,0.006353,0.323682,0.000073,0.000073
AAATGACTGATCAAAC-1,0.207058,0.043501,0.748056,0.000693,0.000693
AAATGATTCGATCAGC-1,0.001026,0.000004,0.998964,0.000004,0.000004
AAATGCTCGTTACGTT-1,0.319497,0.000032,0.680408,0.000032,0.000032
AAATGGCATGTCTTGT-1,0.024006,0.000011,0.97596,0.000011,0.000011
AAATGGCCCGTGCCCT-1,0.214765,0.012653,0.772388,0.000097,0.000097
AAATGGTCAATGTGCC-1,0.012965,0.000006,0.987017,0.000006,0.000006
AAATGTATCTTATCCC-1,0.025641,0.012821,0.935897,0.012821,0.012821
AAATTAACGGGTAGCT-1,0.000394,0.000009,0.999579,0.000009,0.000009
AAATTAATAAGCGCGA-1,0.999334,0.000061,0.000485,0.000061,0.000061
AAATTACACGACTCTG-1,0.011021,0.000012,0.988942,0.000012,0.000012
AAATTACCTATCGATG-1,0.016312,0.000011,0.983654,0.000011,0.000011
AAATTCCAGGTCCAAA-1,0.048039,0.001005,0.950934,0.000011,0.000011
AAATTGATAGTCCTTT-1,0.000237,0.344453,0.655072,0.000119,0.000119
AAATTGGTGAGAAGCA-1,0.002456,0.000006,0.997525,0.000006,0.000006
AAATTTACCGAAATCC-1,0.01347,0.000011,0.986498,0.000011,0.000011
AAATTTGCGGGTGTGG-1,0.044089,0.00004,0.955791,0.00004,0.00004
AACAACTGGTAGTTGC-1,0.019147,0.000014,0.980811,0.000014,0.000014
AACAATACATTGTCGA-1,0.083784,0.034245,0.881853,0.000059,0.000059
AACAATTACTCTACGC-1,0.238347,0.000035,0.761547,0.000035,0.000035
AACACACGCTCGCCGC-1,0.67237,0.000028,0.327546,0.000028,0.000028
AACACGACTGTACTGA-1,0.025247,0.000012,0.974717,0.000012,0.000012
AACACGAGACGCGGCC-1,0.032018,0.000027,0.967902,0.000027,0.000027
AACACGCGGCCGCGAA-1,0.00176,0.000004,0.998227,0.000004,0.000004
AACAGCTGTGTGGCAA-1,0.199301,0.13193,0.668583,0.000093,0.000093
AACAGGAAATCGAATA-1,0.040152,0.000012,0.959813,0.000012,0.000012
AACAGGATGGGCCGCG-1,0.005306,0.000006,0.994677,0.000006,0.000006
AACAGGTAGTATGGAT-1,0.861961,0.000018,0.137986,0.000018,0.000018
AACATAGCGTGTATCG-1,0.179435,0.015422,0.805062,0.00004,0.00004
AACATATCAACTGGTG-1,0.019965,0.000922,0.979094,0.000009,0.000009
AACATCGATACGTCTA-1,0.000124,0.000007,0.999855,0.000007,0.000007
AACATTGAAGTTGATC-1,0.147417,0.000207,0.851962,0.000207,0.000207
AACATTGTGACTCGAG-1,0.0449,0.000106,0.954782,0.000106,0.000106
AACCAAGACTTCTCTG-1,0.394127,0.000168,0.60537,0.000168,0.000168
AACCAGTATCACTCTT-1,0.035851,0.000015,0.964104,0.000015,0.000015
AACCATAGGGTTGAAC-1,0.207958,0.008957,0.783035,0.000025,0.000025
AACCATGGGATCGCTA-1,0.049597,0.000029,0.950318,0.000029,0.000029
AACCCAGAGACGGAGA-1,0.00003,0.000015,0.999925,0.000015,0.000015
AACCCATCCCATGATC-1,0.182934,0.032301,0.784484,0.00014,0.00014
AACCCGACAACCCGTG-1,0.236068,0.012072,0.751738,0.000061,0.000061
AACCCGAGCAGAATCG-1,0.935224,0.000014,0.064733,0.000014,0.000014
AACCCGCTGTATTCCA-1,0.341015,0.000103,0.658676,0.000103,0.000103
AACCCTACTGTCAATA-1,0.751424,0.000015,0.24853,0.000015,0.000015
AACCCTGGTGGAACCA-1,0.025913,0.000008,0.974062,0.000008,0.000008
AACCGAGCTTGGTCAT-1,0.098941,0.000009,0.901032,0.000009,0.000009
AACCGCTAAGGGATGC-1,0.778702,0.000027,0.221215,0.000027,0.000027
AACCGTTGTGTTTGCT-1,0.111067,0.000013,0.888895,0.000013,0.000013
AACCTCGCTTTAGCCC-1,0.06819,0.000028,0.931725,0.000028,0.000028
AACCTGTCACGGAATT-1,0.039894,0.000012,0.960071,0.000012,0.000012
AACCTTTAAATACGGT-1,0.129515,0.000053,0.870324,0.000053,0.000053
AACCTTTACGACGTCT-1,0.012278,0.000007,0.987702,0.000007,0.000007
AACGAAAGTCGTCCCA-1,0.489009,0.008611,0.502131,0.000124,0.000124
AACGACCTCCTAGCCG-1,0.946655,0.002862,0.050439,0.000022,0.000022
AACGATAATGCCGTAG-1,0.003024,0.000036,0.996867,0.000036,0.000036
AACGATAGAAGGGCCG-1,0.083754,0.000009,0.916219,0.000009,0.000009
AACGATATGTCAACTG-1,0.0507,0.000015,0.949255,0.000015,0.000015
AACGCATGATCTGGGT-1,0.103971,0.000007,0.896007,0.000007,0.000007
AACGCGAACGGCAACA-1,0.474301,0.406529,0.119042,0.000064,0.000064
AACGCGACCTTGGGCG-1,0.077268,0.056976,0.865641,0.000057,0.000057
AACGCGGTCTCCAGCC-1,0.100438,0.000014,0.899521,0.000014,0.000014
AACGCTGTTGCTGAAA-1,0.893651,0.000022,0.106282,0.000022,0.000022
AACGGACGTACGTATA-1,0.734778,0.000016,0.265174,0.000016,0.000016
AACGGCCATCTCCGGT-1,0.056961,0.036128,0.906819,0.000046,0.000046
AACGTACTGTGGGTAC-1,0.062098,0.000059,0.937724,0.000059,0.000059
AACGTCAGACTAGTGG-1,0.122856,0.005127,0.871987,0.000015,0.000015
AACGTCATCCGGCTTG-1,0.93491,0.005917,0.047339,0.005917,0.005917
AACGTCGCTGCACTTC-1,0.963933,0.000066,0.03587,0.000066,0.000066
AACGTGATGAAGGACA-1,0.007911,0.000237,0.99184,0.000006,0.000006
AACGTGCGAAAGTCTC-1,0.060205,0.00001,0.939765,0.00001,0.00001
AACGTTATCAGCACCT-1,0.845248,0.007362,0.147267,0.000062,0.000062
AACGTTCTACCATTGT-1,0.876129,0.000437,0.12256,0.000437,0.000437
AACTACCCGTTTGTCA-1,0.990697,0.000016,0.009254,0.000016,0.000016
AACTAGCGTATCGCAC-1,0.012677,0.000038,0.98721,0.000038,0.000038
AACTAGGCTTGGGTGT-1,0.485176,0.020342,0.493955,0.000263,0.000263
AACTCAAGTTAATTGC-1,0.000016,0.000008,0.999959,0.000008,0.000008
AACTCCAGAGCGTGTT-1,0.65441,0.000343,0.34456,0.000343,0.000343
AACTCCTAATCCCATG-1,0.019121,0.000009,0.980851,0.000009,0.000009
AACTCGATGGCGCAGT-1,0.398491,0.000026,0.601431,0.000026,0.000026
AACTCTCAATAGAGCG-1,0.919438,0.000023,0.080492,0.000023,0.000023
AACTCTCAGTGTGCTC-1,0.57986,0.042355,0.377434,0.000175,0.000175
AACTGAGGTCAGCGTC-1,0.000863,0.000007,0.999116,0.000007,0.000007
AACTGAGTTATACTGA-1,0.351269,0.000088,0.648467,0.000088,0.000088
AACTGATATTAGGCCT-1,0.024343,0.000011,0.975624,0.000011,0.000011
AACTGGGTCCCGACGT-1,0.046488,0.000015,0.953466,0.000015,0.000015
AACTGGGTTCGAGCCG-1,0.011218,0.000037,0.98867,0.000037,0.000037
AACTGGTGTGGGCCTT-1,0.128205,0.000012,0.871758,0.000012,0.000012
AACTTCTGCGTCTATC-1,0.83621,0.000083,0.163543,0.000083,0.000083
AACTTGCCCGTATGCA-1,0.135834,0.000018,0.864112,0.000018,0.000018
AACTTGCGTTCTCGCG-1,0.919928,0.00006,0.079892,0.00006,0.00006
AACTTTACGGGAGCTT-1,0.99508,0.000026,0.004842,0.000026,0.000026
AACTTTAGCTGCTGAG-1,0.003272,0.00001,0.996697,0.00001,0.00001
AACTTTCTCGATCATG-1,0.010641,0.000003,0.989352,0.000003,0.000003
AAGAAAGTTTGATGGG-1,0.490374,0.000127,0.509245,0.000127,0.000127
AAGAAATCACCAGATT-1,0.00797,0.000006,0.992012,0.000006,0.000006
AAGAAGGATCAGTTAG-1,0.536077,0.009501,0.45433,0.000046,0.000046
AAGACATACGTGGTTT-1,0.923047,0.00002,0.076891,0.00002,0.00002
AAGACCAAATAACTCA-1,0.245888,0.028752,0.725336,0.000012,0.000012
AAGACCCAACTGAACA-1,0.104604,0.014155,0.881021,0.00011,0.00011
AAGACTGCAAGCTACT-1,0.052868,0.000804,0.946306,0.000011,0.000011
AAGAGATGAATCGGTA-1,0.042325,0.000037,0.957563,0.000037,0.000037
AAGAGCTCTTTATCGG-1,0.100773,0.000015,0.899183,0.000015,0.000015
AAGAGGATGTACGCGA-1,0.175485,0.002014,0.822445,0.000028,0.000028
AAGAGGCATGGATCGC-1,0.098891,0.000011,0.901076,0.000011,0.000011
AAGAGGCCCTTTGGAA-1,0.982436,0.000008,0.017541,0.000008,0.000008
AAGATGGCACCGGACC-1,0.057728,0.037257,0.904537,0.000239,0.000239
AAGATTGGCGGAACGT-1,0.027777,0.000014,0.972181,0.000014,0.000014
AAGCACCCTGCGTATC-1,0.351824,0.0001,0.647877,0.0001,0.0001
AAGCATACTCTCCTGA-1,0.06535,0.005002,0.929491,0.000079,0.000079
AAGCCACTTGCAGGTA-1,0.377285,0.000053,0.622555,0.000053,0.000053
AAGCCGAAGCGGTTTA-1,0.875773,0.000025,0.12415,0.000025,0.000025
AAGCCGCCGTGAAATC-1,0.335277,0.000165,0.664229,0.000165,0.000165
AAGCCGCTTTACCTTG-1,0.005688,0.000005,0.994296,0.000005,0.000005
AAGCCGGAGAGCAGGA-1,0.898129,0.000016,0.101824,0.000016,0.000016
AAGCGCAGGGCTTTGA-1,0.35369,0.000105,0.645995,0.000105,0.000105
AAGCGGAGTGCGCGCA-1,0.000007,0.000003,0.999983,0.000003,0.000003
AAGCGGCGTCATGGGT-1,0.068471,0.005331,0.926175,0.000011,0.000011
AAGCGTCCCTCATCGA-1,0.233983,0.101454,0.664313,0.000125,0.000125
AAGCTAGATCGAGTAA-1,0.166544,0.000019,0.833399,0.000019,0.000019
AAGCTATGGATTGACC-1,0.53158,0.000712,0.005698,0.461297,0.000712
AAGCTCGTGCCAAGTC-1,0.227521,0.003013,0.769434,0.000016,0.000016
AAGCTCTTTCATGGTG-1,0.126366,0.000038,0.873519,0.000038,0.000038
AAGGAGCGGTTGGTGC-1,0.02881,0.000015,0.971146,0.000015,0.000015
AAGGATCGATCGCTTG-1,0.905308,0.00002,0.094631,0.00002,0.00002
AAGGATGAGGGACCTC-1,0.000026,0.000013,0.999936,0.000013,0.000013
AAGGCAGGCTGTCTCC-1,0.125087,0.000046,0.874774,0.000046,0.000046
AAGGCGCGTAAAGCTT-1,0.0029,0.010843,0.986241,0.000008,0.000008
AAGGCTGTGCTCATCG-1,0.032794,0.000009,0.967178,0.000009,0.000009
AAGGGAACGACTGGCT-1,0.293305,0.000236,0.705987,0.000236,0.000236
AAGGGACAGATTCTGT-1,0.175161,0.003796,0.821018,0.000012,0.000012
AAGGGACTATGCATTC-1,0.248595,0.000188,0.750842,0.000188,0.000188
AAGGGTTAGCCATGCG-1,0.796113,0.000261,0.203105,0.000261,0.000261
AAGGGTTTGATTTCAG-1,0.120276,0.006222,0.873415,0.000044,0.000044
AAGGTATCCTAATATA-1,0.018912,0.000012,0.981052,0.000012,0.000012
AAGGTGATAAACCAGC-1,0.807532,0.000034,0.192367,0.000034,0.000034
AAGTAGAAGACCGGGT-1,0.004478,0.000016,0.995473,0.000016,0.000016
AAGTAGTGACGCGAGG-1,0.10906,0.00003,0.890851,0.00003,0.00003
AAGTCAATTGTCGTCA-1,0.903998,0.000041,0.09588,0.000041,0.000041
AAGTCTAGTAGCTGCC-1,0.0483,0.000005,0.951686,0.000005,0.000005
AAGTCTTCTGTGGCCT-1,0.045225,0.930513,0.024244,0.000009,0.000009
AAGTGACGACCGAATT-1,0.237488,0.000129,0.762125,0.000129,0.000129
AAGTGAGTCGGGTTTA-1,0.126141,0.004711,0.868907,0.00012,0.00012
AAGTGCAAAGGTAGAC-1,0.860281,0.000021,0.139656,0.000021,0.000021
AAGTGCCTTGACTGTA-1,0.966917,0.000026,0.033006,0.000026,0.000026
AAGTGCGTTAGAATCT-1,0.273423,0.000079,0.72634,0.000079,0.000079
AAGTGCTTCTCTATTG-1,0.278606,0.016639,0.704571,0.000092,0.000092
AAGTGTTTGGAGACGG-1,0.178685,0.000053,0.821157,0.000053,0.000053
AAGTTCACTCCAAGCT-1,0.059465,0.000078,0.940301,0.000078,0.000078
AAGTTCAGTCTGCGTA-1,0.01254,0.000006,0.987443,0.000006,0.000006
AAGTTCGGCCAACAGG-1,0.024717,0.000043,0.975153,0.000043,0.000043
AAGTTGTGATGTTATA-1,0.853216,0.000023,0.146715,0.000023,0.000023
AAGTTTACTAATGGCA-1,0.000006,0.000003,0.999985,0.000003,0.000003
AAGTTTATGGGCCCAA-1,0.269269,0.138482,0.592224,0.000013,0.000013
AATAACAACGCTCGGC-1,0.179789,0.000018,0.820158,0.000018,0.000018
AATAACACTAGAACAA-1,0.341217,0.169506,0.489154,0.000061,0.000061
AATAACGTCGCGCCCA-1,0.895903,0.000475,0.102672,0.000475,0.000475
AATAAGTCCTCGAGAC-1,0.004903,0.000005,0.995084,0.000005,0.000005
AATAATCTTCGTATCG-1,0.579731,0.000044,0.420135,0.000044,0.000044
AATACAATGTTTCAGG-1,0.889806,0.000098,0.109899,0.000098,0.000098
AATACCGGAGGGCTGT-1,0.357195,0.000234,0.642103,0.000234,0.000234
AATACCTGATGTGAAC-1,0.286046,0.000049,0.713808,0.000049,0.000049
AATAGAACAGAGTGGC-1,0.142289,0.118029,0.739223,0.00023,0.00023
AATAGAATCTGTTTCA-1,0.445984,0.000055,0.553849,0.000055,0.000055
AATAGCAAGCCTCCTG-1,0.000011,0.000006,0.999972,0.000006,0.000006
AATAGCTACCGCGTGC-1,0.013415,0.002444,0.98413,0.000006,0.000006
AATAGGCACGACCCTT-1,0.012821,0.00641,0.967948,0.00641,0.00641
AATAGTCCGTCCCGAC-1,0.17248,0.012821,0.814212,0.000243,0.000243
AATAGTCGCGAGTCGG-1,0.950079,0.000013,0.049881,0.000013,0.000013
AATATCAAGGTCGGAT-1,0.023214,0.000011,0.976752,0.000011,0.000011
AATATCCTAGCAAACT-1,0.296951,0.274838,0.428098,0.000057,0.000057
AATATCGAATCAATGC-1,0.918517,0.000029,0.081396,0.000029,0.000029
AATATCGAGGGTTCTC-1,0.040257,0.000012,0.959708,0.000012,0.000012
AATATTGGAGTATTGA-1,0.738532,0.000212,0.26083,0.000212,0.000212
AATCAGGTTTCATTTA-1,0.467311,0.013254,0.519248,0.000093,0.000093
AATCATGTAAAGACTC-1,0.999832,0.000015,0.000124,0.000015,0.000015
AATCCAAGGGCCTGAG-1,0.054752,0.000014,0.945206,0.000014,0.000014
AATCCATGCAAGGGTG-1,0.4869,0.000023,0.513031,0.000023,0.000023
AATCCCGCTCAGAGCC-1,0.265372,0.0005,0.733129,0.0005,0.0005
AATCGAGGTCTCAAGG-1,0.74535,0.003846,0.243111,0.003846,0.003846
AATCGCCTCAGCGCCA-1,0.084762,0.001959,0.913232,0.000024,0.000024
AATCGCGCAGAGGACT-1,0.929844,0.000028,0.070072,0.000028,0.000028
AATCGGGACACTACGA-1,0.013797,0.000007,0.986182,0.000007,0.000007
AATCGGTATAGCCCTC-1,0.859212,0.000027,0.140708,0.000027,0.000027
AATCGTGAGCCGAGCA-1,0.083342,0.004901,0.91173,0.000014,0.000014
AATCTAGGTTTACTTG-1,0.099276,0.271684,0.628966,0.000037,0.000037
AATCTATGCCGGAGCC-1,0.046233,0.000008,0.953742,0.000008,0.000008
AATCTCTACTGTGGTT-1,0.927109,0.008248,0.064587,0.000028,0.000028
AATCTGCGTTGGGACG-1,0.091467,0.000025,0.908458,0.000025,0.000025
AATCTGGCTTTCTAGT-1,0.02909,0.66954,0.301341,0.000015,0.000015
AATGACAGCAATGTCT-1,0.072906,0.000036,0.926987,0.000036,0.000036
AATGACGTAGGATGTC-1,0.120986,0.053338,0.825641,0.000018,0.000018
AATGACTGTCAGCCGG-1,0.00004,0.00002,0.9999,0.00002,0.00002
AATGAGTTCGCATATG-1,0.695875,0.000025,0.304049,0.000025,0.000025
AATGATGATACGCTAT-1,0.000022,0.000011,0.999944,0.000011,0.000011
AATGATGCGACTCCTG-1,0.006043,0.000007,0.993937,0.000007,0.000007
AATGCAACCGGGTACC-1,0.111269,0.00001,0.8887,0.00001,0.00001
AATGCACCAAGCAATG-1,0.030114,0.000009,0.969859,0.000009,0.000009
AATGGTCCACCGTTCA-1,0.946003,0.000057,0.053827,0.000057,0.000057
AATGGTTCTCACAAGC-1,0.008455,0.000025,0.991471,0.000025,0.000025
AATGTATGGCACTGTA-1,0.224154,0.019581,0.75618,0.000042,0.000042
AATGTGCCCGAGGTGT-1,0.322401,0.113429,0.563412,0.000379,0.000379
AATGTGCTAATCTGAG-1,0.635444,0.000263,0.363768,0.000263,0.000263
AATGTTAAGACCCTGA-1,0.333856,0.000085,0.665888,0.000085,0.000085
AATGTTGTCGTGAGAC-1,0.918174,0.000037,0.081715,0.000037,0.000037
AATTAAAGGTCGGCGT-1,0.030109,0.000008,0.969867,0.000008,0.000008
AATTAACGGATTTCCA-1,0.311158,0.000348,0.687798,0.000348,0.000348
AATTACGAGACCCATC-1,0.138409,0.014787,0.84673,0.000037,0.000037
AATTACTCGTACGCTC-1,0.943231,0.000019,0.056712,0.000019,0.000019
AATTAGCGCTGCAGCG-1,0.126426,0.016035,0.857426,0.000057,0.000057
AATTATACCCAGCAAG-1,0.152687,0.00029,0.846442,0.00029,0.00029
AATTCATAAGGGATCT-1,0.012742,0.000008,0.987235,0.000008,0.000008
AATTCATTGTCATGCA-1,0.230718,0.018191,0.75098,0.000056,0.000056
AATTCCAAGCATGTAC-1,0.074155,0.000054,0.925682,0.000054,0.000054
AATTCGATTCGAGGAT-1,0.07966,0.008559,0.911688,0.000046,0.000046
AATTCTAGAGTTAGGC-1,0.131056,0.012782,0.856049,0.000057,0.000057
AATTGAACGCTCTGGT-1,0.24416,0.000096,0.755553,0.000096,0.000096
AATTGCAGCAATCGAC-1,0.927694,0.000025,0.072231,0.000025,0.000025
AATTGCGTGGATTACA-1,0.613698,0.003142,0.383113,0.000023,0.000023
AATTGTGGTTGCCAAA-1,0.92588,0.000016,0.074073,0.000016,0.000016
AATTTGGGACATAGTA-1,0.023193,0.000012,0.97677,0.000012,0.000012
AATTTGGTTCCAAAGA-1,0.000009,0.000004,0.999978,0.000004,0.000004
ACAAACCATGCGTCCT-1,0.346748,0.00393,0.649292,0.000015,0.000015
ACAAACTCCATCAGAG-1,0.989289,0.000974,0.00779,0.000974,0.000974
ACAAAGAAGGTAGGCC-1,0.150567,0.449026,0.400381,0.000013,0.000013
ACAAAGCATGACCTAG-1,0.862839,0.000018,0.137108,0.000018,0.000018
ACAAATCGCACCGAAT-1,0.096262,0.000058,0.903564,0.000058,0.000058
ACAAATGGTAGTGTTT-1,0.440227,0.000189,0.559208,0.000189,0.000189
ACAAATTCAGATCTGA-1,0.00001,0.000005,0.999975,0.000005,0.000005
ACAACAGCATGAGCTA-1,0.034375,0.000011,0.965592,0.000011,0.000011
ACAACGGTCCCTGCGA-1,0.250719,0.090307,0.658937,0.000019,0.000019
ACAAGCAGTGCCTAGC-1,0.366097,0.001959,0.631871,0.000037,0.000037
ACAAGCTATATGGAAG-1,0.005305,0.146233,0.843157,0.002653,0.002653
ACAAGGAAATCCGCCC-1,0.177879,0.006573,0.81551,0.000019,0.000019
ACAAGGACAAGAGGTT-1,0.111809,0.00001,0.888162,0.00001,0.00001
ACAAGGATGCTTTAGG-1,0.045304,0.000069,0.954489,0.000069,0.000069
ACAAGGGCAGGCTCTG-1,0.026371,0.001427,0.97219,0.000006,0.000006
ACAAGTAATTGTAAGG-1,0.364709,0.001789,0.629924,0.001789,0.001789
ACAATAGTCGTACGTT-1,0.185816,0.000065,0.813991,0.000065,0.000065
ACAATCCATTTAAACC-1,0.069484,0.000016,0.930467,0.000016,0.000016
ACAATGAATACGGAGA-1,0.343034,0.101965,0.554607,0.000197,0.000197
ACAATGATTCTTCTAC-1,0.001144,0.000005,0.998841,0.000005,0.000005
ACAATTGTGTCTCTTT-1,0.766078,0.000027,0.23384,0.000027,0.000027
ACAATTTAGGAGGCTC-1,0.879642,0.000025,0.120282,0.000025,0.000025
ACAATTTGAGCAGTGG-1,0.028435,0.000017,0.971515,0.000017,0.000017
ACAATTTGGCCATATT-1,0.144566,0.000039,0.855318,0.000039,0.000039
ACACAAAGACGGGTGG-1,0.004098,0.000013,0.995864,0.000013,0.000013
ACACAAATATTCCTAG-1,0.002248,0.000005,0.997737,0.000005,0.000005
ACACACCAGGACCAGT-1,0.741637,0.000043,0.258233,0.000043,0.000043
ACACACTTTCTACACG-1,0.014611,0.000007,0.985367,0.000007,0.000007
ACACATGATCAAATCT-1,0.250149,0.106303,0.643439,0.000055,0.000055
ACACATTGACGCAACA-1,0.929788,0.000055,0.070047,0.000055,0.000055
ACACATTTCCGTAGAC-1,0.332149,0.000023,0.667781,0.000023,0.000023
ACACCACATAATTAGC-1,0.019833,0.000006,0.98015,0.000006,0.000006
ACACCCAGCATGCAGC-1,0.014358,0.000021,0.98558,0.000021,0.000021
ACACCCGAGAAATCCG-1,0.000023,0.000012,0.999942,0.000012,0.000012
ACACCGAGCGCTCTTT-1,0.988646,0.000023,0.011285,0.000023,0.000023
ACACCGGTCTGACCGC-1,0.380334,0.010078,0.609488,0.00005,0.00005
ACACCTTAAGTAGGGC-1,0.000017,0.001234,0.998733,0.000008,0.000008
ACACCTTACTACTTGC-1,0.908032,0.000028,0.091883,0.000028,0.000028
ACACGAGACTCCTTCT-1,0.049443,0.002477,0.948061,0.00001,0.00001
ACACGGCACTATGCAT-1,0.009087,0.009766,0.981121,0.000013,0.000013
ACACGGGAACTTAGGG-1,0.072546,0.000018,0.9274,0.000018,0.000018
ACACGTAGGCCACAAG-1,0.969156,0.000019,0.030787,0.000019,0.000019
ACACTCCAATGTCACT-1,0.893642,0.000086,0.106099,0.000086,0.000086
ACACTGATCAAGGTGT-1,0.247089,0.069357,0.683355,0.000099,0.000099
ACACTGGGACAGTCGT-1,0.775588,0.000032,0.224317,0.000032,0.000032
ACAGAACTGAGAACAA-1,0.439476,0.074933,0.484508,0.000542,0.000542
ACAGATTAGGTTAGTG-1,0.037322,0.000007,0.962657,0.000007,0.000007
ACAGCATAGAGCCAGT-1,0.034852,0.000011,0.965117,0.000011,0.000011
ACAGCGACATTCTCAT-1,0.82015,0.000028,0.179767,0.000028,0.000028
ACAGCGCACCCGCAGC-1,0.000304,0.000008,0.999674,0.000008,0.000008
ACAGGCACGGATCCTT-1,0.219575,0.000023,0.780356,0.000023,0.000023
ACAGGCTTGCCCGACT-1,0.094135,0.000087,0.905606,0.000087,0.000087
ACAGGTGGAGGTGAGG-1,0.087848,0.041278,0.870589,0.000142,0.000142
ACAGGTGTGTTGTTGC-1,0.439613,0.005917,0.542635,0.005917,0.005917
ACAGTAATACAACTTG-1,0.173689,0.009707,0.816516,0.000044,0.000044
ACAGTATACCGTGGGA-1,0.000016,0.000008,0.99996,0.000008,0.000008
ACATAAGTCGTGGTGA-1,0.355236,0.010745,0.63383,0.000095,0.000095
ACATAATAAGGCGGTG-1,0.108578,0.000014,0.89138,0.000014,0.000014
ACATACAATCAAGCGG-1,0.219761,0.001115,0.776894,0.001115,0.001115
ACATCAGCTGGGACGC-1,0.917605,0.002077,0.080274,0.000022,0.000022
ACATCCCGGCCATACG-1,0.248941,0.000116,0.75071,0.000116,0.000116
ACATCCTGGTAACTGT-1,0.94227,0.00002,0.057669,0.00002,0.00002
ACATCGATCGTTTACC-1,0.053017,0.009224,0.937723,0.000018,0.000018
ACATCGCAATATTCGG-1,0.420391,0.004049,0.567463,0.004049,0.004049
ACATCGGTCAGCCGCG-1,0.090889,0.000014,0.909071,0.000014,0.000014
ACATCGTATGCAATGG-1,0.250992,0.000029,0.748922,0.000029,0.000029
ACATCGTTAACCTAGT-1,0.00675,0.000015,0.993205,0.000015,0.000015
ACATCTCAACGCGTAA-1,0.042426,0.000013,0.957536,0.000013,0.000013
ACATGCTTACGGCAGC-1,0.596211,0.00005,0.40364,0.00005,0.00005
ACATGGCGCCAAAGTA-1,0.84598,0.000017,0.153969,0.000017,0.000017
ACATGGCTCAATTTAG-1,0.91114,0.004553,0.084172,0.000067,0.000067
ACATTAGTTTATATCC-1,0.050854,0.020337,0.928674,0.000068,0.000068
ACATTCGCGCGGAATA-1,0.585463,0.000062,0.414351,0.000062,0.000062
ACATTTGAAACCTAAC-1,0.218756,0.000724,0.780489,0.000016,0.000016
ACCAAACACCCAGCGA-1,0.00026,0.000006,0.999724,0.000006,0.000006
ACCAACACCACACACT-1,0.018189,0.000008,0.981789,0.000008,0.000008
ACCAACCGCACTCCAC-1,0.886833,0.000017,0.113116,0.000017,0.000017
ACCAACGCTTATTTAT-1,0.151949,0.072324,0.775228,0.000249,0.000249
ACCAAGAACGCGTGTC-1,0.025251,0.000014,0.974708,0.000014,0.000014
ACCAAGTCATCGGCAG-1,0.862195,0.001669,0.136101,0.000017,0.000017
ACCAATATGCAAGTTA-1,0.088274,0.000039,0.911609,0.000039,0.000039
ACCACAACTCAGAACA-1,0.000008,0.000004,0.99998,0.000004,0.000004
ACCACAAGTTTCTATC-1,0.009115,0.000013,0.990847,0.000013,0.000013
ACCACACGGTTGATGG-1,0.196928,0.039629,0.76323,0.000107,0.000107
ACCACCAATGTAACAA-1,0.867382,0.000014,0.132577,0.000014,0.000014
ACCACCCTCTCTTCTA-1,0.000009,0.000004,0.999978,0.000004,0.000004
ACCACGTGCAGCTATA-1,0.068338,0.021781,0.909842,0.000019,0.000019
ACCACTGTTCAAGAAG-1,0.998259,0.000025,0.001666,0.000025,0.000025
ACCAGACCATAACAAC-1,0.548192,0.390787,0.060995,0.000013,0.000013
ACCAGCCCGGTCTTTG-1,0.024944,0.000012,0.975018,0.000012,0.000012
ACCAGTGCCCGGTCAA-1,0.000008,0.000004,0.999979,0.000004,0.000004
ACCAGTGCGGGAGACG-1,0.931548,0.000024,0.068381,0.000024,0.000024
ACCATATCCGCAATAA-1,0.012632,0.000013,0.98733,0.000013,0.000013
ACCATCCGCCAACTAG-1,0.09817,0.011092,0.890688,0.000025,0.000025
ACCATCGTATATGGTA-1,0.005447,0.00001,0.994522,0.00001,0.00001
ACCATTAAGGGTGTCA-1,0.993983,0.005557,0.000368,0.000046,0.000046
ACCCAACGCCCGTGGC-1,0.013942,0.000016,0.986011,0.000016,0.000016
ACCCACCTACATGCTC-1,0.498663,0.011905,0.489387,0.000023,0.000023
ACCCATCTTGAGGGTA-1,0.026817,0.000015,0.973136,0.000015,0.000015
ACCCATTTGTCCCTCT-1,0.8421,0.012759,0.145073,0.000034,0.000034
ACCCGAGCGAAATTAC-1,0.22523,0.029137,0.745284,0.000174,0.000174
ACCCGATTGGTTCCGA-1,0.459745,0.000359,0.539177,0.000359,0.000359
ACCCGGAAACTCCCAG-1,0.439086,0.000196,0.560327,0.000196,0.000196
ACCCGGAGCACCACAA-1,0.926157,0.000014,0.073801,0.000014,0.000014
ACCCGGATGACGCATC-1,0.556365,0.000034,0.443533,0.000034,0.000034
ACCCGGTTACACTTCC-1,0.00005,0.000025,0.999875,0.000025,0.000025
ACCCGTAGCAGAGAAT-1,0.37165,0.000144,0.627919,0.000144,0.000144
ACCCGTAGTCTAGTTG-1,0.901849,0.000017,0.098099,0.000017,0.000017
ACCCGTGTCATCAGTA-1,0.242314,0.000261,0.756904,0.000261,0.000261
ACCCTATAGGACTGAG-1,0.878949,0.000116,0.120704,0.000116,0.000116
ACCCTATGCCATATCG-1,0.142483,0.010348,0.8466,0.000285,0.000285
ACCCTCCCGTCAGGGC-1,0.819508,0.000021,0.18043,0.000021,0.000021
ACCCTCCCTTGCTATT-1,0.306604,0.000162,0.692911,0.000162,0.000162
ACCCTGGTAACGCCCT-1,0.008506,0.000007,0.991473,0.000007,0.000007
ACCCTTCATCTGCGAA-1,0.058033,0.00001,0.941937,0.00001,0.00001
ACCCTTGCCTGGGTCG-1,0.000242,0.001426,0.998312,0.00001,0.00001
ACCCTTTAGTTCTCCA-1,0.024921,0.000012,0.975043,0.000012,0.000012
ACCGAAAGGGCCCTGC-1,0.019654,0.000006,0.980328,0.000006,0.000006
ACCGAAGAGTCTGGTT-1,0.40619,0.000373,0.592689,0.000373,0.000373
ACCGACACATCTCCCA-1,0.220854,0.107184,0.671747,0.000107,0.000107
ACCGACTGAGTCCCAC-1,0.011166,0.00001,0.988805,0.00001,0.00001
ACCGAGTCTCCTTATT-1,0.179421,0.000029,0.820493,0.000029,0.000029
ACCGATAGGCATAACC-1,0.794612,0.000029,0.205301,0.000029,0.000029
ACCGATATTTAATCAT-1,0.908773,0.000031,0.091134,0.000031,0.000031
ACCGATGGTAGCATCG-1,0.93756,0.00001,0.062409,0.00001,0.00001
ACCGCAATAACTGCCT-1,0.111054,0.063911,0.824995,0.000021,0.000021
ACCGCGGTGGAAGTCG-1,0.7552,0.00268,0.242068,0.000026,0.000026
ACCGCTAGTCATTGGT-1,0.379851,0.000146,0.619712,0.000146,0.000146
ACCGGGCCTTTGTTGA-1,0.850251,0.000032,0.149653,0.000032,0.000032
ACCGGTCAGGTACACC-1,0.235768,0.000073,0.764012,0.000073,0.000073
ACCGTCCACTGGGCCC-1,0.11286,0.006058,0.881057,0.000013,0.000013
ACCGTGACCACGTGGG-1,0.000353,0.000176,0.999118,0.000176,0.000176
ACCGTTCCCGCTCTGA-1,0.000642,0.000006,0.999339,0.000006,0.000006
ACCTAAGTACCTTTCA-1,0.109901,0.052189,0.837824,0.000043,0.000043
ACCTAATCGACTTCCT-1,0.148609,0.00004,0.85127,0.00004,0.00004
ACCTACAGTATGTGGT-1,0.952888,0.000029,0.047025,0.000029,0.000029
ACCTACTATAAATCTA-1,0.311895,0.00004,0.687985,0.00004,0.00004
ACCTCAGCGAGGCGCA-1,0.398509,0.001241,0.597769,0.001241,0.001241
ACCTCCGCCCTCGCTG-1,0.915183,0.000053,0.084657,0.000053,0.000053
ACCTCCGTTATTCACC-1,0.105934,0.000013,0.894028,0.000013,0.000013
ACCTCGAACTTATGCT-1,0.387061,0.000034,0.612836,0.000034,0.000034
ACCTGCGTGTCATGTT-1,0.104212,0.000065,0.895593,0.000065,0.000065
ACGAAATGGGCGGCAC-1,0.297198,0.000078,0.702569,0.000078,0.000078
ACGACCCATGAGTTGC-1,0.917005,0.000016,0.082947,0.000016,0.000016
ACGACTCTAGGGCCGA-1,0.292012,0.000023,0.707919,0.000023,0.000023
ACGACTGGTCATACTC-1,0.347876,0.000182,0.651577,0.000182,0.000182
ACGAGAACCCATCACG-1,0.049204,0.000012,0.950759,0.000012,0.000012
ACGAGATATTTGCTTA-1,0.000028,0.000014,0.999931,0.000014,0.000014
ACGAGGATACCACTCT-1,0.487994,0.024205,0.487552,0.000125,0.000125
ACGAGGTTTACAACGT-1,0.103414,0.000147,0.896145,0.000147,0.000147
ACGAGTACGGATGCCC-1,0.003333,0.000006,0.996649,0.000006,0.000006
ACGATACATAGAACTA-1,0.053532,0.000011,0.946435,0.000011,0.000011
ACGATACCTATCCTGA-1,0.240558,0.003077,0.750211,0.003077,0.003077
ACGATCATACATAGAG-1,0.000031,0.000015,0.999923,0.000015,0.000015
ACGATCATCTTGTAAA-1,0.780418,0.000066,0.219384,0.000066,0.000066
ACGATGCATATGTTAT-1,0.008544,0.00065,0.990793,0.000007,0.000007
ACGATGGATCCGATGC-1,0.055635,0.006915,0.937414,0.000018,0.000018
ACGCAAACTAATAGAT-1,0.082397,0.061364,0.855981,0.000129,0.000129
ACGCAATCACTACAGC-1,0.022207,0.000005,0.977777,0.000005,0.000005
ACGCATAAATGACATG-1,0.024422,0.000032,0.975482,0.000032,0.000032
ACGCATACGTTTACTA-1,0.896236,0.002398,0.101311,0.000027,0.000027
ACGCATTCGTGAGTAC-1,0.012047,0.000011,0.987921,0.000011,0.000011
ACGCCACTCGAAACAG-1,0.371395,0.000067,0.628404,0.000067,0.000067
ACGCCAGATGATTTCT-1,0.033391,0.000014,0.966566,0.000014,0.000014
ACGCCAGTGCGTTTGC-1,0.850536,0.000047,0.149322,0.000047,0.000047
ACGCCGCTAGACGACC-1,0.027585,0.003677,0.968716,0.000011,0.000011
ACGCGAAGTCAGACGA-1,0.004877,0.086541,0.908527,0.000027,0.000027
ACGCGCTACACAGGGT-1,0.139131,0.000014,0.860828,0.000014,0.000014
ACGCGGGCCAAGGACA-1,0.056564,0.000008,0.943413,0.000008,0.000008
ACGCGTTTCTTAAGAG-1,0.999703,0.000027,0.000216,0.000027,0.000027
ACGCTACTGAATGGGC-1,0.998635,0.000124,0.000993,0.000124,0.000124
ACGCTAGTGATACACT-1,0.016569,0.00001,0.983402,0.00001,0.00001
ACGCTGTGAGGCGTAG-1,0.658866,0.012382,0.328695,0.000028,0.000028
ACGCTTAGTGTCTCTC-1,0.00321,0.000666,0.996088,0.000018,0.000018
ACGGAACACGAGTGCC-1,0.325722,0.000025,0.674201,0.000025,0.000025
ACGGAATTTAGCAAAT-1,0.1577,0.000053,0.84214,0.000053,0.000053
ACGGACGCAGCGACAA-1,0.518178,0.00015,0.481371,0.00015,0.00015
ACGGACTCTCAAAGCG-1,0.22674,0.000037,0.77315,0.000037,0.000037
ACGGAGCGCAAATTAC-1,0.004749,0.000007,0.99523,0.000007,0.000007
ACGGATGGTGCGGATA-1,0.08469,0.00003,0.915221,0.00003,0.00003
ACGGCACTTGCTTGGG-1,0.255598,0.00592,0.738296,0.000093,0.000093
ACGGCCAACATGGACT-1,0.263448,0.017223,0.718909,0.00021,0.00021
ACGGCGACGATGGGAA-1,0.074556,0.082744,0.842667,0.000016,0.000016
ACGGCGGGTTGCCCTG-1,0.175841,0.000048,0.824015,0.000048,0.000048
ACGGCTGGATGTAGAA-1,0.401953,0.014059,0.583933,0.000027,0.000027
ACGGGAGTGTCGGCCC-1,0.143727,0.000076,0.856044,0.000076,0.000076
ACGGGCGTATGCGACA-1,0.029285,0.000004,0.970704,0.000004,0.000004
ACGGGTCATGTGACTT-1,0.89339,0.001838,0.104718,0.000027,0.000027
ACGGGTTGTGACCTGT-1,0.278645,0.000123,0.720985,0.000123,0.000123
ACGGTACAGTTCAATG-1,0.221606,0.000021,0.778331,0.000021,0.000021
ACGGTCACCGAGAACA-1,0.526425,0.000151,0.473122,0.000151,0.000151
ACGTACAGATTTCTCT-1,0.020664,0.00001,0.979305,0.00001,0.00001
ACGTACTTTGGCACGG-1,0.478397,0.000204,0.520992,0.000204,0.000204
ACGTAGATTGCTGATG-1,0.016279,0.000009,0.983693,0.000009,0.000009
ACGTAGGAGAGTCGCT-1,0.156987,0.008048,0.834911,0.000027,0.000027
ACGTATTACTCCGATC-1,0.831059,0.000021,0.168879,0.000021,0.000021
ACGTCGGGCAACTCGG-1,0.373091,0.000013,0.62687,0.000013,0.000013
ACGTCTCGTTCCGGGA-1,0.219334,0.305718,0.474906,0.000021,0.000021
ACGTGACAAAGTAAGT-1,0.189678,0.064828,0.745376,0.000059,0.000059
ACGTGCGCCTCGTGCA-1,0.036096,0.000014,0.963861,0.000014,0.000014
ACGTTAATGTCGAAGA-1,0.013927,0.000887,0.98517,0.000008,0.000008
ACGTTAGATTTGCCCG-1,0.050118,0.000015,0.949837,0.000015,0.000015
ACGTTATTGGTCACTC-1,0.934814,0.002671,0.062404,0.000056,0.000056
ACGTTCACTATGCCGC-1,0.443878,0.001787,0.554275,0.00003,0.00003
ACGTTCCGCGCTCCGT-1,0.02445,0.000009,0.975521,0.000009,0.000009
ACGTTCGCAATCAATT-1,0.019281,0.000012,0.980683,0.000012,0.000012
ACGTTCGTTCAGGAAA-1,0.132482,0.005941,0.861308,0.000134,0.000134
ACGTTCTGTACAAGTC-1,0.141765,0.000073,0.858018,0.000073,0.000073
ACGTTGTCGTTGAAAG-1,0.487551,0.000281,0.511607,0.000281,0.000281
ACGTTTAGTTGTGATC-1,0.068484,0.000016,0.931469,0.000016,0.000016
ACGTTTCGGTGCACTT-1,0.88992,0.000268,0.109276,0.000268,0.000268
ACTAAGGACGCACACC-1,0.01148,0.000004,0.988508,0.000004,0.000004
ACTAATACGTCAGGCG-1,0.031263,0.000013,0.968699,0.000013,0.000013
ACTACAAAGAGAGGTG-1,0.425809,0.00011,0.573861,0.00011,0.00011
ACTACATCCCGACAAG-1,0.208962,0.002425,0.788567,0.000023,0.000023
ACTACCAGCTCTCTGG-1,0.031763,0.00605,0.962158,0.000015,0.000015
ACTACCATCCGAGGGC-1,0.380629,0.000117,0.619019,0.000117,0.000117
ACTACGCGTTAGAATT-1,0.500303,0.000542,0.498072,0.000542,0.000542
ACTAGTTGCGATCGTC-1,0.791872,0.00003,0.208038,0.00003,0.00003
ACTATATGCTGTGTTC-1,0.012809,0.000526,0.986649,0.000008,0.000008
ACTATCCAGGGCATGG-1,0.886468,0.000024,0.113461,0.000024,0.000024
ACTATCGCCGGCTAAA-1,0.227844,0.003663,0.761167,0.003663,0.003663
ACTATCTGCCCGCGTA-1,0.741229,0.000014,0.25873,0.000014,0.000014
ACTATGTCCAGCTGCC-1,0.408039,0.00779,0.583623,0.000274,0.000274
ACTATTCGTCCGTGGT-1,0.037534,0.000015,0.962422,0.000015,0.000015
ACTATTTCCGGGCCCA-1,0.000143,0.000071,0.999643,0.000071,0.000071
ACTCAACGAATGTATT-1,0.060955,0.000014,0.939002,0.000014,0.000014
ACTCAAGTGCAAGGCT-1,0.184019,0.006661,0.809144,0.000087,0.000087
ACTCAATAAAGGCACG-1,0.023143,0.000011,0.976824,0.000011,0.000011
ACTCAGACCTGCTTCT-1,0.00001,0.000005,0.999974,0.000005,0.000005
ACTCATGGCAGCCTTC-1,0.539671,0.003003,0.45722,0.000053,0.000053
ACTCCAATATCATCAT-1,0.156106,0.029296,0.813818,0.00039,0.00039
ACTCCCATTCCTAAAG-1,0.392646,0.021902,0.585298,0.000077,0.000077
ACTCCCGAATTCGTTT-1,0.02152,0.000015,0.978434,0.000015,0.000015
ACTCCCGTAGACTAGG-1,0.000007,0.000003,0.999983,0.000003,0.000003
ACTCCCTAATGCTAAA-1,0.167787,0.000083,0.831963,0.000083,0.000083
ACTCCCTAGAATAGTA-1,0.05442,0.017962,0.927585,0.000016,0.000016
ACTCCGGCCGACCACT-1,0.068698,0.000011,0.931269,0.000011,0.000011
ACTCGATGTATTTCAT-1,0.933894,0.001996,0.064043,0.000033,0.000033
ACTCGCCGTTCGATAA-1,0.882665,0.000019,0.117277,0.000019,0.000019
ACTCGCGATCTGACGC-1,0.079809,0.000027,0.920112,0.000027,0.000027
ACTCGTAACCCGTCCT-1,0.23085,0.000083,0.768901,0.000083,0.000083
ACTCGTCAGTAATCCC-1,0.136962,0.00002,0.862977,0.00002,0.00002
ACTCTAAACCTGGGAT-1,0.229575,0.005917,0.752674,0.005917,0.005917
ACTCTCTGACTTAGGT-1,0.14457,0.00002,0.85537,0.00002,0.00002
ACTCTCTTATACACGA-1,0.011155,0.002107,0.986714,0.000012,0.000012
ACTCTGACCTAATAGA-1,0.173334,0.000021,0.826604,0.000021,0.000021
ACTCTTCAGCTCCCGC-1,0.008307,0.00001,0.991664,0.00001,0.00001
ACTCTTGTATAGTAAC-1,0.007607,0.000014,0.992351,0.000014,0.000014
ACTGAAACGCCGTTAG-1,0.869841,0.000038,0.130046,0.000038,0.000038
ACTGAATGGCGAAAGT-1,0.223751,0.000128,0.775866,0.000128,0.000128
ACTGATTTAGTGATTC-1,0.00863,0.000013,0.991331,0.000013,0.000013
ACTGCCCGCCATTCTC-1,0.391195,0.000081,0.608563,0.000081,0.000081
ACTGCCGTCGTAACTC-1,0.004356,0.000008,0.995621,0.000008,0.000008
ACTGCGGACACACCGT-1,0.034061,0.00001,0.965909,0.00001,0.00001
ACTGCTCGGAAGGATG-1,0.244457,0.074561,0.680567,0.000207,0.000207
ACTGGCGAACCTGCGT-1,0.004037,0.000005,0.995947,0.000005,0.000005
ACTGGGATGCCAGTGC-1,0.435262,0.000116,0.564391,0.000116,0.000116
ACTGTACGATACACAT-1,0.026482,0.003065,0.97043,0.000012,0.000012
ACTGTAGCACTTTGGA-1,0.0148,0.000012,0.985163,0.000012,0.000012
ACTGTATACGCGAGCA-1,0.046044,0.000023,0.953887,0.000023,0.000023
ACTGTCCAGGATTATA-1,0.016854,0.000014,0.983103,0.000014,0.000014
ACTGTCTTCTTTAGAA-1,0.015642,0.000017,0.984309,0.000017,0.000017
ACTGTGCTAGTAGATC-1,0.352066,0.000029,0.647846,0.000029,0.000029
ACTTACCGGGCGCGCA-1,0.004762,0.001939,0.993284,0.000007,0.000007
ACTTACGCATCCACGC-1,0.034739,0.000076,0.965033,0.000076,0.000076
ACTTAGTACGACAAGA-1,0.028399,0.000028,0.971517,0.000028,0.000028
ACTTATACTTACCCGG-1,0.997474,0.000026,0.002447,0.000026,0.000026
ACTTATTAGGATCGGT-1,0.002463,0.000014,0.997495,0.000014,0.000014
ACTTATTTATGTGCCA-1,0.950332,0.000052,0.049511,0.000052,0.000052
ACTTCAGGCTGATCCC-1,0.13444,0.015171,0.850341,0.000024,0.000024
ACTTCCAGTGGAAGCT-1,0.285897,0.016641,0.697376,0.000043,0.000043
ACTTCCATGCGGGACA-1,0.045471,0.000087,0.954267,0.000087,0.000087
ACTTCGCCATACGCAC-1,0.036168,0.004088,0.959696,0.000024,0.000024
ACTTCGCTAGCGAGTG-1,0.038814,0.000005,0.961171,0.000005,0.000005
ACTTGACTCCCTCTTT-1,0.041645,0.004412,0.95392,0.000012,0.000012
ACTTGCTCTATCTACC-1,0.54482,0.008234,0.446873,0.000037,0.000037
ACTTGGGACCCGGTGG-1,0.000023,0.000011,0.999944,0.000011,0.000011
ACTTGGGCTTTCGCCA-1,0.017094,0.008547,0.957264,0.008547,0.008547
ACTTGTAGTCCCTTCA-1,0.27033,0.046379,0.683193,0.000049,0.000049
ACTTGTGGATGGAACG-1,0.826605,0.00004,0.173276,0.00004,0.00004
ACTTGTTACCGGATCA-1,0.74629,0.001347,0.252193,0.000085,0.000085
ACTTTACCCTCATGAA-1,0.083969,0.000016,0.915983,0.000016,0.000016
ACTTTATACACCACTT-1,0.520667,0.000132,0.478937,0.000132,0.000132
ACTTTCCTATAGCTTC-1,0.051567,0.000017,0.948383,0.000017,0.000017
ACTTTGACTGCATCCT-1,0.869732,0.006645,0.123536,0.000043,0.000043
ACTTTGGTCGTGCTCC-1,0.294865,0.000048,0.704991,0.000048,0.000048
ACTTTGTCGACGCACT-1,0.985687,0.000021,0.014249,0.000021,0.000021
AGAAATTATGACTCGC-1,0.869005,0.000009,0.130968,0.000009,0.000009
AGAACACGGCGATGGT-1,0.346727,0.004619,0.648552,0.00005,0.00005
AGAACCCAGCGTGACA-1,0.148475,0.000031,0.851432,0.000031,0.000031
AGAACCCTCAATTGGG-1,0.292469,0.030343,0.677128,0.00003,0.00003
AGAACGTGGTACATTC-1,0.02043,0.003701,0.975841,0.000014,0.000014
AGAACTGTACTTTGTA-1,0.414185,0.000047,0.585675,0.000047,0.000047
AGAAGAGCGCCGTTCC-1,0.991093,0.00081,0.006478,0.00081,0.00081
AGAAGGTACACTTCAC-1,0.10329,0.478272,0.418305,0.000066,0.000066
AGAAGGTTGCCGAATT-1,0.00002,0.000631,0.999328,0.00001,0.00001
AGAAGGTTGTAGGTCG-1,0.029244,0.000033,0.970658,0.000033,0.000033
AGAAGTGATTCGTGAT-1,0.000208,0.000104,0.99948,0.000104,0.000104
AGAATAAATCTTCAGG-1,0.89941,0.010561,0.089987,0.000021,0.000021
AGAATACAGGCTATCC-1,0.408168,0.006139,0.585452,0.000121,0.000121
AGAATGCGGGTTCGGA-1,0.000007,0.000003,0.999983,0.000003,0.000003
AGAATTATGGATTCGA-1,0.043964,0.003213,0.952778,0.000023,0.000023
AGAATTGTTTGACATA-1,0.597555,0.002456,0.399914,0.000038,0.000038
AGACAGCTCAGAATCC-1,0.894354,0.000738,0.104834,0.000037,0.000037
AGACAGGCATCTCAGC-1,0.753601,0.000032,0.246304,0.000032,0.000032
AGACATAGATCCTTCC-1,0.010884,0.00001,0.989087,0.00001,0.00001
AGACCAAACCACACCT-1,0.098571,0.220111,0.681204,0.000057,0.000057
AGACCATGGGATACAA-1,0.100994,0.570346,0.328647,0.000007,0.000007
AGACCCACCGCTGATC-1,0.040214,0.016361,0.943397,0.000014,0.000014
AGACCCGCCCTCCTCG-1,0.000854,0.000014,0.999104,0.000014,0.000014
AGACCGCTCCGCGGTT-1,0.9221,0.008298,0.069553,0.000024,0.000024
AGACCGGGAAACCCTG-1,0.200996,0.000039,0.798886,0.000039,0.000039
AGACGAAGTGCCGGTC-1,0.826895,0.000058,0.172932,0.000058,0.000058
AGACGACGATGCCGCT-1,0.00001,0.848333,0.151648,0.000005,0.000005
AGACGCCCACTTCGCC-1,0.811677,0.000047,0.188181,0.000047,0.000047
AGACGGGCCGATTTAA-1,0.001664,0.000006,0.998318,0.000006,0.000006
AGACTAGCCTTCCAGA-1,0.011475,0.000922,0.987581,0.000011,0.000011
AGACTGTTACCGGGTC-1,0.201267,0.000179,0.798195,0.000179,0.000179
AGAGAAACACCAGAAA-1,0.569833,0.000131,0.429776,0.000131,0.000131
AGAGAACCGTCTAGGA-1,0.032658,0.000013,0.967303,0.000013,0.000013
AGAGAAGGAGTACAAT-1,0.270675,0.077009,0.651756,0.00028,0.00028
AGAGATCTCTAAAGCG-1,0.340004,0.008243,0.651703,0.000025,0.000025
AGAGCAGTTATGAGAC-1,0.7751,0.000055,0.224734,0.000055,0.000055
AGAGCCGCCGAGATTT-1,0.96157,0.000022,0.038363,0.000022,0.000022
AGAGCGCTTGTAACGG-1,0.000015,0.000006,0.999966,0.000006,0.000006
AGAGCGGGCTAATCAT-1,0.019942,0.000004,0.980046,0.000004,0.000004
AGAGCGTACAAGCTCG-1,0.332653,0.017461,0.649832,0.000027,0.000027
AGAGCTACGAAAGCAT-1,0.86238,0.000092,0.137345,0.000092,0.000092
AGAGGCTTCGGAAACC-1,0.683587,0.314279,0.002094,0.00002,0.00002
AGAGGGACAATTGTCC-1,0.054435,0.000038,0.94545,0.000038,0.000038
AGAGTAAACTTCACTA-1,0.837021,0.000026,0.162901,0.000026,0.000026
AGAGTATAGTGTTACG-1,0.016212,0.000005,0.983774,0.000005,0.000005
AGAGTCTTAATGAAAG-1,0.87731,0.001672,0.117673,0.001672,0.001672
AGAGTTAGAGACCGAT-1,0.030898,0.000013,0.969064,0.000013,0.000013
AGAGTTGCAGGCCTCC-1,0.00044,0.000004,0.99955,0.000004,0.000004
AGATAACTTCAGGGCC-1,0.000006,0.000003,0.999984,0.000003,0.000003
AGATAATCACACCTAT-1,0.950225,0.004525,0.0362,0.004525,0.004525
AGATACCAATAGAACC-1,0.877498,0.00001,0.122471,0.00001,0.00001
AGATACCAGCACTTCA-1,0.000008,0.000004,0.999979,0.000004,0.000004
AGATACCGGTGTTCAC-1,0.015526,0.000016,0.984425,0.000016,0.000016
AGATACGACTTCATAT-1,0.000039,0.000019,0.999903,0.000019,0.000019
AGATACTCAAGATCGA-1,0.190569,0.000048,0.809286,0.000048,0.000048
AGATATAATACGACTA-1,0.36235,0.000033,0.637552,0.000033,0.000033
AGATCGTGCATAAGAT-1,0.052481,0.000009,0.947492,0.000009,0.000009
AGATCTCAGGTGTGAT-1,0.033002,0.000013,0.966959,0.000013,0.000013
