Barcode,Topic 1,Topic 2,Topic 3,Topic 4to13
AAACAAGTATCTCCCA-1,0.000006,0.000006,0.000006,0.999981
AAACAATCTACTAGCA-1,0.00027,0.00027,0.00027,0.99919
AAACACCAATAACTGC-1,0.000005,0.077726,0.000005,0.922264
AAACAGAGCGACTCCT-1,0.044053,0.000024,0.026921,0.929002
AAACAGCTTTCAGAAG-1,0.000008,0.054984,0.000008,0.945
AAACAGGGTCTATATT-1,0.000009,0.039911,0.000009,0.960072
AAACATTTCCCGGATT-1,0.000017,0.069084,0.000017,0.930881
AAACCACTACACAGAT-1,0.000049,0.000049,0.062829,0.937072
AAACCCGAACGAAATC-1,0.000014,0.008511,0.000014,0.991461
AAACCGGAAATGTTAA-1,0.00001,0.008817,0.00001,0.991163
AAACCGGGTAGGTACC-1,0.036072,0.063211,0.000035,0.900682
AAACCGTTCGTCCAGG-1,0.011253,0.005603,0.000013,0.98313
AAACCTCATGAAGTTG-1,0.000016,0.005534,0.000016,0.994435
AAACGAAGAACATACC-1,0.003726,0.000014,0.000014,0.996246
AAACGAAGATGGAGTA-1,0.000006,0.375107,0.000006,0.624882
AAACGACAGTCTTGCC-1,0.000121,0.000121,0.139901,0.859857
AAACGAGACGGTTGAT-1,0.000021,0.049624,0.000021,0.950335
AAACGCCCGAGATCGG-1,0.273097,0.069347,0.090465,0.567091
AAACGGGCGTACGGGT-1,0.000058,0.000058,0.000058,0.999827
AAACGTGTTCGCCCTA-1,0.000021,0.000021,0.024062,0.975896
AAACTAACGTGGCGAC-1,0.136231,0.011775,0.506629,0.345364
AAACTCGTGATATAAG-1,0.000044,0.000044,0.000044,0.999869
AAACTGCTGGCTCCAA-1,0.00001,0.00001,0.003093,0.996887
AAACTTAATTGCACGC-1,0.0816,0.134785,0.006751,0.776864
AAACTTGCAAACGTAT-1,0.000006,0.00186,0.000006,0.998127
AAAGAATGACCTTAGA-1,0.034105,0.328111,0.000029,0.637755
AAAGACATGAAGTTTA-1,0.103392,0.137997,0.000392,0.758218
AAAGACCCAAGTCGCG-1,0.344047,0.017228,0.093776,0.544949
AAAGACTGGGCGCTTT-1,0.008407,0.02013,0.000038,0.971425
AAAGCTTGCCTACATA-1,0.000021,0.000021,0.000021,0.999937
AAAGGCTACGGACCAT-1,0.000016,0.017888,0.000016,0.982081
AAAGGCTCTCGCGCCG-1,0.000016,0.000725,0.001279,0.99798
AAAGGGATGTAGCAAG-1,0.070338,0.000037,0.012059,0.917567
AAAGGGCAGCTTGAAT-1,0.021051,0.000044,0.000044,0.97886
AAAGGTAAGCTGTACC-1,0.000007,0.000007,0.041779,0.958208
AAAGGTCAACGACATG-1,0.000137,0.000137,0.04673,0.952996
AAAGTAGCATTGCTCA-1,0.00001,0.009476,0.00001,0.990503
AAAGTCACTGATGTAA-1,0.102163,0.000035,0.010786,0.887016
AAAGTCGACCCTCAGT-1,0.000013,0.032617,0.000013,0.967358
AAAGTGCCATCAATTA-1,0.00001,0.015904,0.00001,0.984077
AAAGTGTGATTTATCT-1,0.000023,0.000023,0.000023,0.999932
AAAGTTGACTCCCGTA-1,0.000025,0.000025,0.000025,0.999926
AAATAACCATACGGGA-1,0.027334,0.000023,0.056701,0.915941
AAATAAGGTAGTGCCC-1,0.000025,0.007156,0.000025,0.992794
AAATACCTATAAGCAT-1,0.000023,0.009731,0.000023,0.990224
AAATAGCTTAGACTTT-1,0.000054,0.000054,0.000054,0.999837
AAATAGGGTGCTATTG-1,0.015701,0.043143,0.000023,0.941133
AAATCACTCCTAAACG-1,0.088207,0.00005,0.270585,0.641158
AAATCGCGGAAGGAGT-1,0.000012,0.43179,0.003694,0.564505
AAATCGTGTACCACAA-1,0.000027,0.044525,0.000027,0.955421
AAATCTAGCCCTGCTA-1,0.000007,0.000007,0.000007,0.99998
AAATGATTCGATCAGC-1,0.000027,0.000027,0.003953,0.995992
AAATGCTCGTTACGTT-1,0.421366,0.000025,0.000025,0.578585
AAATGGCATGTCTTGT-1,0.069515,0.000034,0.027902,0.902549
AAATGGCCCGTGCCCT-1,0.000005,0.019258,0.000005,0.980732
AAATGGTCAATGTGCC-1,0.016229,0.000023,0.000023,0.983725
AAATGTATCTTATCCC-1,0.000855,0.597342,0.000855,0.400948
AAATGTGGGTGCTCCT-1,0.008815,0.000089,0.000089,0.991008
AAATTAACGGGTAGCT-1,0.020966,0.000039,0.000039,0.978957
AAATTAATAAGCGCGA-1,0.092474,0.886234,0.00003,0.021263
AAATTACACGACTCTG-1,0.034433,0.000026,0.070526,0.895014
AAATTACCTATCGATG-1,0.020351,0.01973,0.000034,0.959885
AAATTCCAGGTCCAAA-1,0.0472,0.095542,0.00004,0.857219
AAATTGATAGTCCTTT-1,0.000013,0.025076,0.000013,0.974898
AAATTGGTGAGAAGCA-1,0.000049,0.000049,0.000049,0.999854
AAATTTACCGAAATCC-1,0.025112,0.000033,0.231704,0.743151
AAATTTGCGGGTGTGG-1,0.002254,0.057754,0.000012,0.93998
AACAACTGGTAGTTGC-1,0.000028,0.005691,0.000028,0.994254
AACAATACATTGTCGA-1,0.00001,0.003394,0.00001,0.996587
AACAATTACTCTACGC-1,0.000041,0.000041,0.000041,0.999876
AACACACGCTCGCCGC-1,0.000018,0.000018,0.000018,0.999947
AACACGACTGTACTGA-1,0.372132,0.000034,0.000034,0.6278
AACACGAGACGCGGCC-1,0.000011,0.00062,0.000011,0.999359
AACACGCGGCCGCGAA-1,0.413108,0.000031,0.003227,0.583634
AACAGCTGTGTGGCAA-1,0.00001,0.003716,0.00001,0.996265
AACAGGAAATCGAATA-1,0.075977,0.000551,0.022329,0.901143
AACAGGATGGGCCGCG-1,0.000056,0.020406,0.000056,0.979481
AACAGGTAGTATGGAT-1,0.029984,0.230007,0.000013,0.739995
AACATATCAACTGGTG-1,0.000043,0.000043,0.000043,0.999871
AACATCGATACGTCTA-1,0.015118,0.065209,0.000027,0.919645
AACATTGTGACTCGAG-1,0.029909,0.000044,0.000044,0.970003
AACCAAGACTTCTCTG-1,0.00001,0.004242,0.00001,0.995738
AACCAGTATCACTCTT-1,0.144969,0.00003,0.567973,0.287028
AACCATAGGGTTGAAC-1,0.069349,0.230303,0.000015,0.700333
AACCATGGGATCGCTA-1,0.471621,0.000012,0.269936,0.258432
AACCCAGAGACGGAGA-1,0.385601,0.000032,0.025515,0.588852
AACCCATCCCATGATC-1,0.00001,0.114086,0.00001,0.885894
AACCCGAGCAGAATCG-1,0.000023,0.000023,0.000023,0.999932
AACCCGATAGGGCTTC-1,0.000047,0.000047,0.067064,0.932842
AACCCTACTGTCAATA-1,0.000025,0.043296,0.000025,0.956653
AACCCTGGTGGAACCA-1,0.322606,0.004802,0.029257,0.643335
AACCGAGCTTGGTCAT-1,0.020524,0.000051,0.013098,0.966327
AACCGCTAAGGGATGC-1,0.00001,0.00001,0.00001,0.999971
AACCGTTGTGTTTGCT-1,0.349239,0.000043,0.135311,0.515407
AACCTAAAGCCGTCCG-1,0.135867,0.023988,0.000064,0.840081
AACCTCGCTTTAGCCC-1,0.00001,0.000384,0.00001,0.999596
AACCTGTCACGGAATT-1,0.013621,0.025808,0.000035,0.960536
AACCTTTAAATACGGT-1,0.01817,0.021674,0.000018,0.960139
AACCTTTACGACGTCT-1,0.008792,0.000024,0.030835,0.960349
AACGAAAGTCGTCCCA-1,0.000006,0.279645,0.000006,0.720344
AACGATAATGCCGTAG-1,0.020012,0.018492,0.000022,0.961474
AACGATAGAAGGGCCG-1,0.147033,0.000047,0.148811,0.704109
AACGATATGTCAACTG-1,0.024911,0.000033,0.017393,0.957663
AACGCATGATCTGGGT-1,0.000035,0.000035,0.000035,0.999894
AACGCGAACGGCAACA-1,0.531574,0.281346,0.000059,0.187022
AACGCGGTCTCCAGCC-1,0.000032,0.000032,0.007016,0.99292
AACGCTGTTGCTGAAA-1,0.000006,0.002508,0.000006,0.997479
AACGGACGTACGTATA-1,0.00001,0.00001,0.00001,0.999969
AACGGCCATCTCCGGT-1,0.00001,0.00604,0.00001,0.99394
AACGTACTGTGGGTAC-1,0.005115,0.008435,0.000022,0.986428
AACGTAGTCTACCCAT-1,0.000099,0.033553,0.023614,0.942734
AACGTCAGACTAGTGG-1,0.083314,0.000078,0.000078,0.91653
AACGTGATGAAGGACA-1,0.134482,0.005582,0.773875,0.086061
AACGTGCGAAAGTCTC-1,0.007729,0.00242,0.000026,0.989825
AACGTTATCAGCACCT-1,0.424919,0.410006,0.000037,0.165039
AACTACCCGTTTGTCA-1,0.00001,0.00001,0.00001,0.99997
AACTAGCGTATCGCAC-1,0.238483,0.000099,0.000099,0.761319
AACTAGGCTTGGGTGT-1,0.047146,0.432955,0.000036,0.519863
AACTCAAGTTAATTGC-1,0.000012,0.012436,0.000012,0.98754
AACTCCAGAGCGTGTT-1,0.000036,0.032217,0.000036,0.96771
AACTCCTAATCCCATG-1,0.001014,0.000012,0.036014,0.962959
AACTCGATGGCGCAGT-1,0.610361,0.000094,0.000094,0.389452
AACTCTCAATAGAGCG-1,0.000037,0.008128,0.000037,0.991799
AACTCTCAGTGTGCTC-1,0.00001,0.00001,0.00001,0.999971
AACTGAGGTCAGCGTC-1,0.005744,0.00003,0.109135,0.885091
AACTGAGTTATACTGA-1,0.000015,0.000015,0.000015,0.999954
AACTGATATTAGGCCT-1,0.096193,0.000052,0.000052,0.903703
AACTGGGTCCCGACGT-1,0.005319,0.000021,0.007267,0.987393
AACTGGGTTCGAGCCG-1,0.167288,0.000381,0.000381,0.83195
AACTGGTGTGGGCCTT-1,0.239475,0.00008,0.00008,0.760366
AACTTCTGCGTCTATC-1,0.551682,0.000066,0.000066,0.448187
AACTTGCCCGTATGCA-1,0.000035,0.007389,0.000035,0.992541
AACTTGCGTTCTCGCG-1,0.550573,0.399242,0.000046,0.050139
AACTTTACGGGAGCTT-1,0.266834,0.163551,0.000026,0.569588
AACTTTAGCTGCTGAG-1,0.000079,0.035994,0.000079,0.963848
AACTTTCTCGATCATG-1,0.000024,0.000024,0.000024,0.999928
AAGAAATCACCAGATT-1,0.000027,0.000027,0.000027,0.99992
AAGAAGGATCAGTTAG-1,0.476999,0.000087,0.000087,0.522826
AAGACCAAATAACTCA-1,0.000258,0.178751,0.002093,0.818899
AAGACCCAACTGAACA-1,0.00001,0.034332,0.00001,0.965648
AAGACTAACCCGTTGT-1,0.502408,0.000131,0.035256,0.462205
AAGACTCACGCCCACT-1,0.027562,0.000172,0.000172,0.972094
AAGACTGCAAGCTACT-1,0.000012,0.002139,0.000012,0.997836
AAGAGATGAATCGGTA-1,0.037684,0.025678,0.000041,0.936596
AAGAGCTCTTTATCGG-1,0.026233,0.000043,0.005747,0.967977
AAGAGGATGTACGCGA-1,0.000013,0.002664,0.000013,0.99731
AAGAGGCATGGATCGC-1,0.00003,0.00859,0.006286,0.985094
AAGAGGCCCTTTGGAA-1,0.001281,0.000012,0.000012,0.998694
AAGATGGCACCGGACC-1,0.000012,0.004911,0.000012,0.995065
AAGATTGGCGGAACGT-1,0.006445,0.000057,0.000057,0.993442
AAGCACCCTGCGTATC-1,0.000016,0.004888,0.000016,0.99508
AAGCATACTCTCCTGA-1,0.000023,0.000023,0.000023,0.999932
AAGCCGAAGCGGTTTA-1,0.000017,0.000017,0.000017,0.999949
AAGCCGCTTTACCTTG-1,0.000058,0.000058,0.000058,0.999827
AAGCCGGAGAGCAGGA-1,0.000009,0.002598,0.000009,0.997384
AAGCGGAGTGCGCGCA-1,0.000698,0.000031,0.019959,0.979311
AAGCGGCGTCATGGGT-1,0.110062,0.023689,0.138102,0.728147
AAGCGTCCCTCATCGA-1,0.000013,0.027003,0.000013,0.97297
AAGCTAGATCGAGTAA-1,0.000009,0.002468,0.000009,0.997514
AAGCTCGTGCCAAGTC-1,0.00002,0.006784,0.006012,0.987184
AAGCTCTTTCATGGTG-1,0.012435,0.010201,0.000017,0.977347
AAGGAGAACTTATAAG-1,0.169079,0.000082,0.000082,0.830757
AAGGAGCGGTTGGTGC-1,0.031874,0.000042,0.000042,0.968041
AAGGATCGATCGCTTG-1,0.00002,0.00002,0.00002,0.999939
AAGGATGAGGGACCTC-1,0.000054,0.000054,0.000054,0.999837
AAGGCAGGCTGTCTCC-1,0.000017,0.015905,0.000017,0.98406
AAGGCGCGTAAAGCTT-1,0.033869,0.000037,0.000037,0.966058
AAGGCTGTGCTCATCG-1,0.017429,0.000067,0.000067,0.982438
AAGGGAACGACTGGCT-1,0.000005,0.142805,0.000005,0.857185
AAGGGACAGATTCTGT-1,0.021696,0.000076,0.000076,0.978151
AAGGGACTATGCATTC-1,0.000013,0.014869,0.000013,0.985106
AAGGGTTTGATTTCAG-1,0.002024,0.002024,0.29715,0.698801
AAGGTATCCTAATATA-1,0.00003,0.00003,0.003912,0.996027
AAGGTGATAAACCAGC-1,0.000013,0.033616,0.000013,0.966357
AAGTAGAAGACCGGGT-1,0.032109,0.000036,0.012702,0.955154
AAGTAGTGACGCGAGG-1,0.000034,0.000034,0.000034,0.999898
AAGTCAATTGTCGTCA-1,0.000016,0.009445,0.000016,0.990523
AAGTCTAGTAGCTGCC-1,0.000097,0.000097,0.000097,0.999708
AAGTCTTCTGTGGCCT-1,0.114985,0.814793,0.000088,0.070134
AAGTGACGACCGAATT-1,0.000015,0.0312,0.000015,0.968771
AAGTGAGTCGGGTTTA-1,0.002316,0.003757,0.000015,0.993913
AAGTGCAAAGGTAGAC-1,0.244429,0.085191,0.000017,0.670363
AAGTGCCTTGACTGTA-1,0.000011,0.000011,0.000011,0.999966
AAGTGCGTTAGAATCT-1,0.000007,0.011525,0.000007,0.988461
AAGTGTTTGGAGACGG-1,0.000012,0.006571,0.000012,0.993405
AAGTTCACTCCAAGCT-1,0.000035,0.070306,0.000035,0.929624
AAGTTCAGTCTGCGTA-1,0.00002,0.00002,0.002472,0.997487
AAGTTCGGCCAACAGG-1,0.000011,0.016547,0.000011,0.983431
AAGTTTACTAATGGCA-1,0.284352,0.00012,0.00012,0.715408
AATAACAACGCTCGGC-1,0.000023,0.000023,0.000023,0.99993
AATAACACTAGAACAA-1,0.001313,0.00342,0.000006,0.995261
AATAAGTCCTCGAGAC-1,0.015632,0.000018,0.000018,0.984332
AATAATCTTCGTATCG-1,0.000015,0.000015,0.000015,0.999954
AATACAATGTTTCAGG-1,0.162163,0.021591,0.000043,0.816203
AATACCGGAGGGCTGT-1,0.125355,0.043767,0.032722,0.798157
AATAGAACAGAGTGGC-1,0.000014,0.000014,0.000014,0.999958
AATAGAATCTGTTTCA-1,0.000015,0.000015,0.000015,0.999956
AATAGCAAGCCTCCTG-1,0.003912,0.000028,0.602216,0.393843
AATAGCTACCGCGTGC-1,0.000013,0.000013,0.000013,0.99996
AATAGTCCGTCCCGAC-1,0.000025,0.000025,0.000025,0.999926
AATAGTCGCGAGTCGG-1,0.265685,0.659771,0.000035,0.074509
AATATCAAGGTCGGAT-1,0.040078,0.00006,0.00006,0.959802
AATATCCTAGCAAACT-1,0.00115,0.780844,0.000041,0.217964
AATATCGAATCAATGC-1,0.00001,0.00001,0.00001,0.999971
AATATCGAGGGTTCTC-1,0.000059,0.000059,0.000059,0.999823
AATATTGGAGTATTGA-1,0.001742,0.000807,0.004891,0.99256
AATCATGTAAAGACTC-1,0.000014,0.008298,0.000014,0.991675
AATCCAAGGGCCTGAG-1,0.57357,0.00003,0.116098,0.310302
AATCGCCTCAGCGCCA-1,0.000025,0.006322,0.000025,0.993627
AATCGCGCAGAGGACT-1,0.000027,0.000027,0.000027,0.999918
AATCGGGACACTACGA-1,0.049072,0.000049,0.000049,0.95083
AATCTAGGTTTACTTG-1,0.000012,0.046792,0.002516,0.95068
AATCTATGCCGGAGCC-1,0.00008,0.00008,0.00008,0.99976
AATCTCTACTGTGGTT-1,0.006248,0.010707,0.000029,0.983016
AATCTGCGTTGGGACG-1,0.000043,0.000043,0.000043,0.99987
AATCTGGCTTTCTAGT-1,0.000014,0.063805,0.000014,0.936167
AATCTGGGTAGACCCT-1,0.11761,0.000177,0.115194,0.767018
AATGACAGCAATGTCT-1,0.000008,0.009783,0.000008,0.9902
AATGACGTAGGATGTC-1,0.012311,0.000029,0.000029,0.987632
AATGACTGTCAGCCGG-1,0.031005,0.000037,0.000037,0.968922
AATGAGTTCGCATATG-1,0.720919,0.062649,0.000074,0.216358
AATGATGATACGCTAT-1,0.000017,0.000017,0.002278,0.997688
AATGATGCGACTCCTG-1,0.000053,0.000053,0.000053,0.99984
AATGCAACCGGGTACC-1,0.071396,0.000026,0.005257,0.923321
AATGCACCAAGCAATG-1,0.003118,0.000026,0.005439,0.991417
AATGGCCGCCAATGCG-1,0.000036,0.000036,0.278298,0.72163
AATGGTCCACCGTTCA-1,0.000034,0.056343,0.000034,0.943588
AATGGTTCTCACAAGC-1,0.069378,0.00006,0.00006,0.930503
AATGTATGGCACTGTA-1,0.010241,0.207248,0.004184,0.778327
AATGTGCCCGAGGTGT-1,0.000011,0.000011,0.000011,0.999967
AATTAAAGGTCGGCGT-1,0.011017,0.009956,0.000021,0.979007
AATTAACGGATTTCCA-1,0.000023,0.000023,0.000023,0.999931
AATTACGAGACCCATC-1,0.000007,0.188472,0.001107,0.810414
AATTACTCGTACGCTC-1,0.503688,0.486988,0.000059,0.009264
AATTAGCGCTGCAGCG-1,0.008375,0.002722,0.000022,0.988881
AATTCATAAGGGATCT-1,0.000017,0.000017,0.005367,0.994599
AATTCATTGTCATGCA-1,0.005149,0.167322,0.000008,0.82752
AATTCCAAGCATGTAC-1,0.037196,0.023433,0.000042,0.939329
AATTCTAGAGTTAGGC-1,0.010162,0.021849,0.000025,0.967964
AATTGAACGCTCTGGT-1,0.007284,0.000021,0.000021,0.992673
AATTGCAGCAATCGAC-1,0.001675,0.011871,0.000021,0.986433
AATTGTGGTTGCCAAA-1,0.000014,0.000014,0.000014,0.999959
AATTTGGGACATAGTA-1,0.012235,0.000033,0.069005,0.918727
AATTTGGTTCCAAAGA-1,0.424473,0.010971,0.000027,0.564529
ACAAACCATGCGTCCT-1,0.004021,0.162022,0.000006,0.833951
ACAAACCGACAAGGCG-1,0.240264,0.000062,0.000062,0.759613
ACAAAGAAGGTAGGCC-1,0.00001,0.449639,0.003486,0.546865
ACAAAGCATGACCTAG-1,0.00002,0.001066,0.00002,0.998893
ACAAATCGCACCGAAT-1,0.00001,0.009159,0.00001,0.990822
ACAAATGGTAGTGTTT-1,0.000012,0.034386,0.000012,0.96559
ACAAATTCAGATCTGA-1,0.040821,0.011515,0.548182,0.399481
ACAACAGCATGAGCTA-1,0.047754,0.000041,0.000041,0.952164
ACAACGGTCCCTGCGA-1,0.014229,0.000023,0.000023,0.985725
ACAAGCAGTGCCTAGC-1,0.000032,0.000368,0.000032,0.999569
ACAAGCTATATGGAAG-1,0.001202,0.36748,0.001202,0.630116
ACAAGGAAATCCGCCC-1,0.006768,0.008507,0.00669,0.978035
ACAAGGACAAGAGGTT-1,0.000863,0.000032,0.000032,0.999073
ACAAGGATGCTTTAGG-1,0.000026,0.009013,0.000026,0.990935
ACAAGGCCTACCAGCC-1,0.000101,0.000101,0.150711,0.849087
ACAAGGGCAGGCTCTG-1,0.000015,0.000482,0.000015,0.999489
ACAATAGTCGTACGTT-1,0.000016,0.004785,0.000016,0.995184
ACAATCCATTTAAACC-1,0.000015,0.000015,0.000015,0.999954
ACAATCGATCTTTATA-1,0.147146,0.000077,0.000077,0.852699
ACAATGAATACGGAGA-1,0.000007,0.003502,0.000007,0.996484
ACAATGATTCTTCTAC-1,0.116545,0.000035,0.317864,0.565556
ACAATTGTGTCTCTTT-1,0.00756,0.031403,0.000016,0.961021
ACAATTTAGGAGGCTC-1,0.127039,0.050598,0.000034,0.822329
ACAATTTGAGCAGTGG-1,0.01563,0.000044,0.000044,0.984282
ACAATTTGGCCATATT-1,0.000013,0.000013,0.000013,0.99996
ACACAAAGACGGGTGG-1,0.000023,0.000023,0.006142,0.993812
ACACAAATATTCCTAG-1,0.000022,0.000022,0.009295,0.99066
ACACACCAGGACCAGT-1,0.000032,0.006314,0.000032,0.993622
ACACACTTTCTACACG-1,0.179478,0.015798,0.000051,0.804674
ACACATGATCAAATCT-1,0.000009,0.20351,0.000009,0.796472
ACACATTGACGCAACA-1,0.471028,0.361454,0.065686,0.101832
ACACCACATAATTAGC-1,0.000041,0.000041,0.000041,0.999878
ACACCCAGCATGCAGC-1,0.016913,0.000035,0.000035,0.983017
ACACCCGAGAAATCCG-1,0.115905,0.000047,0.000047,0.884001
ACACCCGTAAATCTGT-1,0.000085,0.000085,0.108521,0.89131
ACACCGAGCGCTCTTT-1,0.002248,0.974481,0.000016,0.023256
ACACCGGTCTGACCGC-1,0.062851,0.261085,0.000018,0.676046
ACACCTTAAGTAGGGC-1,0.058379,0.000058,0.000058,0.941504
ACACCTTACTACTTGC-1,0.000022,0.000022,0.000022,0.999934
ACACGAGACTCCTTCT-1,0.000022,0.000022,0.003431,0.996526
ACACGGCACTATGCAT-1,0.126141,0.000047,0.000047,0.873764
ACACGGGAACTTAGGG-1,0.006252,0.000062,0.000062,0.993624
ACACGTAGGCCACAAG-1,0.000007,0.001109,0.000007,0.998877
ACACTCCAATGTCACT-1,0.449036,0.075392,0.000075,0.475497
ACACTGATCAAGGTGT-1,0.000018,0.000018,0.000018,0.999945
ACACTGGGACAGTCGT-1,0.000023,0.00316,0.000023,0.996794
ACAGAACTGAGAACAA-1,0.000006,0.042355,0.000006,0.957633
ACAGATTAGGTTAGTG-1,0.192648,0.000095,0.000095,0.807162
ACAGCATAGAGCCAGT-1,0.119547,0.126383,0.00003,0.75404
ACAGCGACATTCTCAT-1,0.017869,0.027245,0.000032,0.954854
ACAGCGCACCCGCAGC-1,0.050317,0.000037,0.368117,0.58153
ACAGGCTTGCCCGACT-1,0.001362,0.094008,0.000025,0.904604
ACAGGTGGAGGTGAGG-1,0.000015,0.00005,0.000015,0.99992
ACAGGTGTGTTGTTGC-1,0.003077,0.003077,0.003077,0.990769
ACAGTAATACAACTTG-1,0.000011,0.018811,0.000011,0.981168
ACAGTATACCGTGGGA-1,0.002262,0.000026,0.000026,0.997687
ACAGTGCAGCGCATTT-1,0.041418,0.000226,0.000226,0.95813
ACATAAGTCGTGGTGA-1,0.000009,0.299881,0.000009,0.700101
ACATAATAAGGCGGTG-1,0.019073,0.00003,0.009409,0.971489
ACATCAGCTGGGACGC-1,0.000035,0.056157,0.000035,0.943773
ACATCCCGGCCATACG-1,0.000023,0.000023,0.000023,0.999932
ACATCCTGGTAACTGT-1,0.00977,0.000229,0.000026,0.989975
ACATCGATCGTTTACC-1,0.036631,0.000049,0.000049,0.963271
ACATCGGTCAGCCGCG-1,0.01507,0.000785,0.000035,0.98411
ACATCGTATGCAATGG-1,0.00811,0.000019,0.000019,0.991852
ACATCGTTAACCTAGT-1,0.403164,0.59653,0.000028,0.000279
ACATCTCAACGCGTAA-1,0.158699,0.000049,0.000049,0.841203
ACATGGCGCCAAAGTA-1,0.00001,0.006905,0.00001,0.993075
ACATGGCTCAATTTAG-1,0.56122,0.32668,0.015265,0.096836
ACATTAGTTTATATCC-1,0.00003,0.009107,0.00003,0.990832
ACCAAACACCCAGCGA-1,0.000042,0.000042,0.000042,0.999875
ACCAAACTAGAAATCC-1,0.009322,0.016858,0.000035,0.973785
ACCAACACCACACACT-1,0.000011,0.000011,0.000011,0.999967
ACCAACGCTTATTTAT-1,0.000026,0.003149,0.005254,0.991571
ACCAAGAACGCGTGTC-1,0.084582,0.000038,0.060157,0.855224
ACCAATATGCAAGTTA-1,0.000016,0.005613,0.000016,0.994355
ACCACAACTCAGAACA-1,0.114445,0.000045,0.205882,0.679628
ACCACAAGTTTCTATC-1,0.000022,0.000022,0.000022,0.999934
ACCACCAATGTAACAA-1,0.003899,0.000025,0.000025,0.99605
ACCACCCTCTCTTCTA-1,0.000025,0.002651,0.000025,0.997298
ACCACGTGCAGCTATA-1,0.013402,0.008575,0.00002,0.978003
ACCACTGTTCAAGAAG-1,0.29896,0.562148,0.000047,0.138845
ACCAGACCATAACAAC-1,0.044489,0.70331,0.000027,0.252174
ACCAGCCCGGTCTTTG-1,0.056826,0.000067,0.000067,0.94304
ACCAGGAGTGTGATCT-1,0.155991,0.000146,0.000146,0.843717
ACCAGTGCCCGGTCAA-1,0.057158,0.000262,0.125287,0.817293
ACCAGTGCGGGAGACG-1,0.004817,0.002775,0.000024,0.992384
ACCATATCCGCAATAA-1,0.054147,0.000044,0.000044,0.945764
ACCATCCGCCAACTAG-1,0.000009,0.019712,0.000009,0.980269
ACCATCGTATATGGTA-1,0.000039,0.07749,0.000039,0.922431
ACCATTAAGGGTGTCA-1,0.011393,0.987327,0.000014,0.001266
ACCCAACGCCCGTGGC-1,0.000068,0.000068,0.000068,0.999796
ACCCACCTACATGCTC-1,0.003366,0.000034,0.000034,0.996566
ACCCATCTTGAGGGTA-1,0.031273,0.014926,0.000044,0.953758
ACCCATTTGTCCCTCT-1,0.000044,0.033525,0.000044,0.966387
ACCCGAGCGAAATTAC-1,0.00001,0.002816,0.00001,0.997165
ACCCGGAAACTCCCAG-1,0.000016,0.000207,0.000016,0.999761
ACCCGGAGCACCACAA-1,0.000005,0.001941,0.000005,0.998048
ACCCGGATGACGCATC-1,0.000031,0.000031,0.000031,0.999906
ACCCGGTTACACTTCC-1,0.0372,0.105474,0.000032,0.857295
ACCCGTGTCATCAGTA-1,0.000628,0.000023,0.000023,0.999326
ACCCTATAGGACTGAG-1,0.398154,0.601412,0.000038,0.000396
ACCCTATGCCATATCG-1,0.000025,0.006693,0.000025,0.993257
ACCCTCCCTTGCTATT-1,0.000024,0.000024,0.000024,0.999929
ACCCTGGTAACGCCCT-1,0.000031,0.000031,0.000031,0.999906
ACCCTTCATCTGCGAA-1,0.184294,0.000054,0.048521,0.767132
ACCCTTGCCTGGGTCG-1,0.000013,0.000013,0.000013,0.999961
ACCCTTTAGTTCTCCA-1,0.226426,0.00011,0.03695,0.736514
ACCGAAAGGGCCCTGC-1,0.262502,0.000243,0.000243,0.737013
ACCGAAGAGTCTGGTT-1,0.000015,0.237214,0.000015,0.762756
ACCGACACATCTCCCA-1,0.006056,0.000012,0.000012,0.99392
ACCGACTGAGTCCCAC-1,0.015852,0.010097,0.000025,0.974026
ACCGATAGGCATAACC-1,0.00001,0.013189,0.00001,0.98679
ACCGATATTTAATCAT-1,0.000019,0.000019,0.000019,0.999943
ACCGATGGTAGCATCG-1,0.00002,0.00002,0.00002,0.999941
ACCGCAATAACTGCCT-1,0.000012,0.014835,0.000012,0.98514
ACCGCGGTGGAAGTCG-1,0.000026,0.000026,0.000026,0.999922
ACCGGGCCTTTGTTGA-1,0.018395,0.009216,0.000037,0.972352
ACCGGTCAGGTACACC-1,0.000005,0.465408,0.000005,0.534582
ACCGGTCTGAGTACGG-1,0.000059,0.000059,0.032829,0.967053
ACCGTCCACTGGGCCC-1,0.016985,0.214956,0.000016,0.768043
ACCGTGACCACGTGGG-1,0.000013,0.05353,0.000013,0.946444
ACCGTTCCCGCTCTGA-1,0.086938,0.030193,0.000036,0.882832
ACCTAAGTACCTTTCA-1,0.000007,0.000007,0.000007,0.999979
ACCTAATCGACTTCCT-1,0.000072,0.000072,0.000072,0.999783
ACCTACAGTATGTGGT-1,0.000017,0.001457,0.000017,0.99851
ACCTCCGCCCTCGCTG-1,0.000024,0.000024,0.000024,0.999929
ACCTCCGTTATTCACC-1,0.00005,0.004608,0.00005,0.995291
ACCTCGAACTTATGCT-1,0.019583,0.23647,0.000016,0.74393
ACCTGCGTGTCATGTT-1,0.000011,0.000051,0.001295,0.998643
ACCTTTCCTTTAGAAG-1,0.063743,0.000109,0.000109,0.936039
ACGAAATGGGCGGCAC-1,0.00002,0.00151,0.00002,0.99845
ACGACCCATGAGTTGC-1,0.001158,0.00085,0.00134,0.996652
ACGACTGGTCATACTC-1,0.000021,0.0185,0.000021,0.981459
ACGAGAACCCATCACG-1,0.594148,0.000069,0.000069,0.405714
ACGAGATATTTGCTTA-1,0.057485,0.000038,0.424714,0.517764
ACGAGGATACCACTCT-1,0.000009,0.0764,0.000009,0.923582
ACGAGGTTTACAACGT-1,0.00001,0.127171,0.00001,0.872809
ACGAGTACGGATGCCC-1,0.000138,0.000138,0.000138,0.999586
ACGATACATAGAACTA-1,0.025548,0.000021,0.006404,0.968027
ACGATACCTATCCTGA-1,0.001571,0.488863,0.001508,0.508058
ACGATCATACATAGAG-1,0.014395,0.000047,0.018849,0.96671
ACGATCATCTTGTAAA-1,0.00002,0.00002,0.00002,0.99994
ACGATGCATATGTTAT-1,0.00005,0.00005,0.00005,0.999849
ACGATGGATCCGATGC-1,0.297668,0.000035,0.072585,0.629712
ACGCAAACTAATAGAT-1,0.005965,0.033555,0.000012,0.960468
ACGCAATCACTACAGC-1,0.000031,0.000031,0.000031,0.999906
ACGCATAAATGACATG-1,0.037642,0.000051,0.179221,0.783087
ACGCATACGTTTACTA-1,0.000015,0.000015,0.000015,0.999956
ACGCATTCGTGAGTAC-1,0.000221,0.011055,0.000042,0.988682
ACGCCAGATGATTTCT-1,0.058032,0.000036,0.00855,0.933383
ACGCCCAGCTGTCGAT-1,0.008851,0.010513,0.000041,0.980595
ACGCCGCTAGACGACC-1,0.015383,0.000025,0.000025,0.984567
ACGCGAAGTCAGACGA-1,0.019369,0.01274,0.000021,0.96787
ACGCGCTACACAGGGT-1,0.000039,0.028158,0.000039,0.971764
ACGCGGGCCAAGGACA-1,0.000019,0.005548,0.000019,0.994414
ACGCGTTTCTTAAGAG-1,0.134808,0.864572,0.000056,0.000564
ACGCTAGTATCAGTGC-1,0.000075,0.000075,0.02803,0.971821
ACGCTAGTGATACACT-1,0.013258,0.000052,0.000052,0.986638
ACGCTGTGAGGCGTAG-1,0.000027,0.03737,0.000027,0.962575
ACGCTTAGTGTCTCTC-1,0.035,0.000074,0.000074,0.964853
ACGGAATTTAGCAAAT-1,0.498996,0.000026,0.000026,0.500951
ACGGACTCTCAAAGCG-1,0.000023,0.008812,0.000023,0.991141
ACGGAGCGCAAATTAC-1,0.000016,0.000016,0.002355,0.997614
ACGGATGGTGCGGATA-1,0.000013,0.000013,0.000013,0.999962
ACGGCACTTGCTTGGG-1,0.000025,0.048623,0.005622,0.94573
ACGGCCAACATGGACT-1,0.000009,0.005001,0.000009,0.994981
ACGGCGACGATGGGAA-1,0.000017,0.001716,0.000017,0.99825
ACGGCGGGTTGCCCTG-1,0.447785,0.018137,0.000084,0.533994
ACGGCTGGATGTAGAA-1,0.00001,0.134753,0.00001,0.865227
ACGGGAGTGTCGGCCC-1,0.000015,0.000015,0.000015,0.999954
ACGGGCGTATGCGACA-1,0.000027,0.000027,0.000027,0.99992
ACGGGTCATGTGACTT-1,0.247109,0.752511,0.000035,0.000346
ACGTACAGATTTCTCT-1,0.254239,0.000036,0.008705,0.73702
ACGTAGATTGCTGATG-1,0.011951,0.000049,0.000049,0.987951
ACGTATTACTCCGATC-1,0.000034,0.024398,0.000034,0.975534
ACGTCCTAAACGAGAT-1,0.00909,0.000059,0.000059,0.990792
ACGTCTCGTTCCGGGA-1,0.000013,0.112041,0.000013,0.887934
ACGTGACAAAGTAAGT-1,0.000005,0.467088,0.000005,0.532902
ACGTGCGCCTCGTGCA-1,0.031627,0.012923,0.012585,0.942865
ACGTGGTCGAATGTGC-1,0.172075,0.256142,0.000044,0.571738
ACGTTAATGTCGAAGA-1,0.022921,0.011691,0.000032,0.965357
ACGTTAGATTTGCCCG-1,0.000024,0.004345,0.000024,0.995608
ACGTTATTGGTCACTC-1,0.43661,0.416603,0.000036,0.146751
ACGTTCCGCGCTCCGT-1,0.303922,0.000073,0.000073,0.695933
ACGTTCGCAATCAATT-1,0.000023,0.000023,0.000023,0.99993
ACGTTCGTTCAGGAAA-1,0.000019,0.006188,0.000019,0.993774
ACGTTTAGTTGTGATC-1,0.126388,0.000063,0.011866,0.861683
ACTAAGGACGCACACC-1,0.000028,0.000028,0.012853,0.98709
ACTAATACGTCAGGCG-1,0.095284,0.004506,0.193625,0.706584
ACTACATCCCGACAAG-1,0.000009,0.109079,0.000009,0.890903
ACTACCAGCTCTCTGG-1,0.040031,0.000077,0.000077,0.959815
ACTACGCGTTAGAATT-1,0.000035,0.017766,0.000035,0.982164
ACTAGTTGCGATCGTC-1,0.000023,0.000023,0.000023,0.999932
ACTATATGCTGTGTTC-1,0.000063,0.000063,0.018028,0.981847
ACTATCCAGGGCATGG-1,0.00005,0.00005,0.00005,0.999851
ACTATCTGCCCGCGTA-1,0.000012,0.003399,0.000012,0.996578
ACTATGTCCAGCTGCC-1,0.013869,0.22682,0.00002,0.759291
ACTATTCGTCCGTGGT-1,0.098533,0.000044,0.116709,0.784714
ACTATTTCCGGGCCCA-1,0.000013,0.020361,0.000013,0.979613
ACTCAACGAATGTATT-1,0.713132,0.000066,0.000066,0.286737
ACTCAAGTGCAAGGCT-1,0.000013,0.002597,0.000013,0.997378
ACTCAATAAAGGCACG-1,0.007275,0.009804,0.000024,0.982897
ACTCAGACCTGCTTCT-1,0.691506,0.000065,0.000065,0.308365
ACTCATGGCAGCCTTC-1,0.000044,0.089525,0.000044,0.910388
ACTCCAATATCATCAT-1,0.000013,0.018649,0.000013,0.981324
ACTCCCATTCCTAAAG-1,0.000007,0.010372,0.000007,0.989613
ACTCCCGAATTCGTTT-1,0.000067,0.005196,0.000067,0.99467
ACTCCCGTAGACTAGG-1,0.00003,0.00003,0.00003,0.99991
ACTCCCTAATGCTAAA-1,0.000102,0.028625,0.000027,0.971245
ACTCCCTAGAATAGTA-1,0.012223,0.000023,0.000023,0.987731
ACTCGATGTATTTCAT-1,0.464608,0.478996,0.000044,0.056352
ACTCGCGATCTGACGC-1,0.000019,0.000019,0.000019,0.999942
ACTCGTAACCCGTCCT-1,0.00001,0.011436,0.00001,0.988543
ACTCGTCAGTAATCCC-1,0.000017,0.000017,0.000017,0.999948
ACTCTAAACCTGGGAT-1,0.000078,0.999063,0.000078,0.000781
ACTCTCTGACTTAGGT-1,0.000016,0.024422,0.000016,0.975545
ACTCTCTTATACACGA-1,0.090721,0.000037,0.439063,0.470179
ACTCTTCAGCTCCCGC-1,0.000042,0.000042,0.004322,0.995594
ACTCTTGTATAGTAAC-1,0.017079,0.000039,0.000039,0.982844
ACTGAAACGCCGTTAG-1,0.000012,0.000012,0.000012,0.999963
ACTGAATGGCGAAAGT-1,0.017177,0.030079,0.00088,0.951864
ACTGATTTAGTGATTC-1,0.198112,0.000131,0.000131,0.801626
ACTGCCGTCGTAACTC-1,0.048056,0.000026,0.010419,0.941499
ACTGCGGACACACCGT-1,0.000046,0.000046,0.000046,0.999861
ACTGCTCGGAAGGATG-1,0.00001,0.120939,0.00001,0.87904
ACTGGCGAACCTGCGT-1,0.000025,0.000025,0.048609,0.951341
ACTGTACGATACACAT-1,0.0175,0.000042,0.000042,0.982416
ACTGTAGCACTTTGGA-1,0.01063,0.000059,0.000059,0.989252
ACTGTATACGCGAGCA-1,0.670755,0.000044,0.000044,0.329156
ACTGTCCAGGATTATA-1,0.016469,0.021816,0.000023,0.961692
ACTGTCTTCTTTAGAA-1,0.000034,0.000034,0.000034,0.999899
ACTGTGCTAGTAGATC-1,0.415552,0.002079,0.000035,0.582335
ACTGTTTAGTGTAGGC-1,0.000067,0.000067,0.000067,0.999798
ACTTACCGGGCGCGCA-1,0.030905,0.000024,0.128159,0.840912
ACTTACGCATCCACGC-1,0.021307,0.032445,0.000035,0.946213
ACTTAGTACGACAAGA-1,0.544564,0.000022,0.00805,0.447364
ACTTATACTTACCCGG-1,0.003263,0.000037,0.000037,0.996663
ACTTATTAGGATCGGT-1,0.000028,0.017366,0.000028,0.982577
ACTTATTTATGTGCCA-1,0.000011,0.006148,0.000011,0.99383
ACTTCAGGCTGATCCC-1,0.000022,0.016193,0.000022,0.983763
ACTTCCAGTGGAAGCT-1,0.000012,0.520508,0.000012,0.479469
ACTTCCATGCGGGACA-1,0.000026,0.000026,0.000026,0.999922
ACTTCCTGTCGTGCGA-1,0.122183,0.000171,0.280725,0.596921
ACTTCGCCATACGCAC-1,0.000074,0.000074,0.018033,0.981819
ACTTCGCTAGCGAGTG-1,0.008665,0.054955,0.000077,0.936303
ACTTGACTCCCTCTTT-1,0.008638,0.012757,0.000025,0.97858
ACTTGCCATATTGTAC-1,0.325748,0.036618,0.000055,0.637579
ACTTGGGACCCGGTGG-1,0.000035,0.017034,0.000035,0.982895
ACTTGTAGTCCCTTCA-1,0.000015,0.058156,0.000015,0.941814
ACTTGTGGATGGAACG-1,0.000009,0.00001,0.000009,0.999972
ACTTTACCCTCATGAA-1,0.000084,0.000084,0.000084,0.999747
ACTTTCCTATAGCTTC-1,0.000028,0.000028,0.000028,0.999916
ACTTTGACTGCATCCT-1,0.000035,0.021191,0.000035,0.97874
ACTTTGGTCGTGCTCC-1,0.000012,0.103588,0.000012,0.896389
ACTTTGTCGACGCACT-1,0.00002,0.00002,0.00002,0.999939
AGAAATTATGACTCGC-1,0.000013,0.000143,0.000013,0.999832
AGAACCCAGCGTGACA-1,0.000016,0.000016,0.000016,0.999952
AGAACCCTCAATTGGG-1,0.000006,0.09677,0.001314,0.90191
AGAACGTGGTACATTC-1,0.000033,0.000033,0.010335,0.989599
AGAAGAGCGCCGTTCC-1,0.000566,0.000566,0.000566,0.998303
AGAAGGTACACTTCAC-1,0.000008,0.089799,0.000008,0.910186
AGAAGGTTGCCGAATT-1,0.00002,0.001648,0.00002,0.998312
AGAAGTGATTCGTGAT-1,0.000011,0.002367,0.000011,0.997612
AGAATAAATCTTCAGG-1,0.00427,0.059168,0.000016,0.936546
AGAATGCGGGTTCGGA-1,0.000013,0.01455,0.053753,0.931684
AGAATTATGGATTCGA-1,0.000033,0.000033,0.000033,0.9999
AGAATTGTTTGACATA-1,0.530668,0.000015,0.149807,0.31951
AGACAGCTCAGAATCC-1,0.353392,0.306313,0.000041,0.340254
AGACAGGCATCTCAGC-1,0.000011,0.000011,0.000011,0.999966
AGACATAGATCCTTCC-1,0.444368,0.00014,0.00014,0.555351
AGACCAAACCACACCT-1,0.000009,0.121219,0.000009,0.878764
AGACCATGGGATACAA-1,0.128322,0.000029,0.000029,0.871619
AGACCCACCGCTGATC-1,0.000018,0.020259,0.000018,0.979705
AGACCCGCCCTCCTCG-1,0.000039,0.000039,0.006481,0.993441
AGACCGCTCCGCGGTT-1,0.000017,0.000017,0.000017,0.999948
AGACCGGGAAACCCTG-1,0.000012,0.011241,0.000012,0.988735
AGACGAAGTGCCGGTC-1,0.000016,0.000016,0.000016,0.999952
AGACGACGATGCCGCT-1,0.000009,0.009339,0.000009,0.990643
AGACGCCCACTTCGCC-1,0.000011,0.004472,0.000011,0.995506
AGACGGGATTGGTATA-1,0.015335,0.000062,0.000062,0.98454
AGACGGGCCGATTTAA-1,0.13069,0.000024,0.294981,0.574305
AGACTAGCCTTCCAGA-1,0.000071,0.000071,0.000071,0.999788
AGAGAACCGTCTAGGA-1,0.002776,0.000062,0.000062,0.9971
AGAGAAGGAGTACAAT-1,0.000011,0.002165,0.000011,0.997812
AGAGATCTCTAAAGCG-1,0.000016,0.006032,0.000016,0.993936
AGAGCAGTTATGAGAC-1,0.000016,0.003688,0.000016,0.99628
AGAGCCGCCGAGATTT-1,0.0159,0.000024,0.000024,0.984051
AGAGCGCTTGTAACGG-1,0.000018,0.000018,0.000018,0.999945
AGAGCGGGCTAATCAT-1,0.08842,0.000042,0.007563,0.903976
AGAGCGTACAAGCTCG-1,0.133803,0.00007,0.00007,0.866057
AGAGCTACGAAAGCAT-1,0.452569,0.396122,0.000053,0.151255
AGAGGCTTCGGAAACC-1,0.000008,0.000008,0.000008,0.999975
AGAGGGACAATTGTCC-1,0.000019,0.045227,0.187381,0.767372
AGAGGTATCTCGGTCC-1,0.169215,0.000067,0.000067,0.830651
AGAGTAAACTTCACTA-1,0.000027,0.010293,0.005916,0.983764
AGAGTATAGTGTTACG-1,0.000051,0.009239,0.000051,0.990659
AGAGTGAACAGACACC-1,0.000036,0.000036,0.05267,0.947257
AGAGTTAGAGACCGAT-1,0.190048,0.072814,0.101826,0.635312
AGAGTTGCAGGCCTCC-1,0.000038,0.065102,0.006255,0.928605
AGATAACTTCAGGGCC-1,0.000046,0.000046,0.000046,0.999861
AGATACCAATAGAACC-1,0.000014,0.003956,0.000014,0.996016
AGATACCAGCACTTCA-1,0.000031,0.033434,0.005459,0.961076
AGATACCGGTGTTCAC-1,0.000031,0.000031,0.000031,0.999906
AGATACGACTTCATAT-1,0.628997,0.253888,0.000037,0.117078
AGATACTCAAGATCGA-1,0.007788,0.004962,0.000014,0.987236
AGATATAATACGACTA-1,0.023093,0.14013,0.000017,0.83676
AGATCGTGCATAAGAT-1,0.00001,0.014395,0.002034,0.983561
AGATCTCAGGTGTGAT-1,0.00823,0.000036,0.000036,0.991699
AGATGACTCGCCCACG-1,0.023792,0.00005,0.011733,0.964425
AGATGAGGGTTGCGAT-1,0.000026,0.000026,0.057755,0.942193
AGATGATGGAGTCTGG-1,0.000088,0.000088,0.000088,0.999737
AGATGCAAGACGTGCA-1,0.000007,0.020652,0.000007,0.979334
AGATGCATCCTGTGTC-1,0.00001,0.212075,0.00001,0.787906
AGATGCTATAACGAGC-1,0.339082,0.660422,0.000045,0.000451
AGATTATAGGACGTTT-1,0.026628,0.000046,0.000046,0.97328
AGATTCAAGCGGGTCG-1,0.00026,0.00026,0.208125,0.791355
AGATTCACAACCGATA-1,0.000009,0.065801,0.000009,0.934181
AGCAAAGGCCGCTAGT-1,0.000012,0.017435,0.000012,0.98254
AGCAACATATCTTATT-1,0.000016,0.000016,0.000016,0.999952
AGCAACCGAAAGTAAT-1,0.000005,0.046203,0.000005,0.953787
AGCACCAGTACTCACG-1,0.000045,0.005363,0.015779,0.978812
AGCACTACCGGCCTGT-1,0.017858,0.000035,0.000035,0.982073
AGCACTACCTCACCAG-1,0.000023,0.000023,0.000023,0.99993
AGCACTTAAGGACGCC-1,0.058232,0.025735,0.00006,0.915974
AGCAGAAGGAGAAAGA-1,0.011236,0.158253,0.000006,0.830504
AGCAGCCAGATGAATA-1,0.000018,0.026598,0.002696,0.970688
AGCATATCAATATGCT-1,0.000018,0.000018,0.000018,0.999947
AGCATCATTTCGAAAG-1,0.00001,0.051269,0.00001,0.948712
AGCATCGTCGATAATT-1,0.000035,0.000035,0.124409,0.875521
AGCCAAGCTTTGTGTC-1,0.026699,0.040553,0.000017,0.932731
AGCCACAGGTTACCCG-1,0.000039,0.000039,0.000039,0.999884
AGCCACTCCCGTGCTT-1,0.000029,0.000029,0.014037,0.985904
AGCCCATACATGTAAG-1,0.011524,0.000062,0.000029,0.988385
AGCCCGGTAGCCTGTA-1,0.000022,0.035108,0.000022,0.964849
AGCCCTAAGCGAAGTT-1,0.081689,0.000039,0.006939,0.911333
AGCCCTGTCGCACCGT-1,0.000027,0.000027,0.000027,0.999919
AGCCCTTCTAATCCGA-1,0.000038,0.000038,0.011141,0.988782
AGCCCTTGGACATCCC-1,0.000014,0.002479,0.000014,0.997493
AGCCGCAAATTCAAAT-1,0.029862,0.969526,0.000056,0.000556
AGCCGTGGCTAAATGT-1,0.000009,0.017382,0.000009,0.9826
AGCCTAATACCCACGT-1,0.000008,0.054207,0.000008,0.945777
AGCCTTAAAGCGGAAG-1,0.59688,0.020221,0.000052,0.382847
AGCGACAGGAACGGTC-1,0.000011,0.015939,0.000011,0.984039
AGCGACATCCCATTCA-1,0.040084,0.004479,0.048128,0.907308
AGCGACCAACGATATT-1,0.000024,0.006004,0.006239,0.987732
AGCGATGCGCCTAATA-1,0.000015,0.000015,0.00153,0.99844
AGCGCATAATGAATCG-1,0.000018,0.000247,0.000018,0.999717
AGCGCGGGTGCCAATG-1,0.015368,0.000045,0.000045,0.984542
AGCGCTAGAGCGATGT-1,0.000039,0.000039,0.000039,0.999883
AGCGCTTATGGGCAAG-1,0.247251,0.025989,0.298799,0.42796
AGCGGACACTTCGTAG-1,0.000019,0.000019,0.000019,0.999944
AGCGGCGGTTAGCGGT-1,0.000008,0.086752,0.000008,0.913233
AGCGGGAAGGGTCCAT-1,0.480354,0.000047,0.177975,0.341623
AGCGGTTGAGATGTAC-1,0.211281,0.000385,0.000385,0.78795
AGCGGTTGCCGCTCTG-1,0.000028,0.016179,0.005962,0.97783
AGCGTACGAGAGCTAG-1,0.395491,0.21071,0.000038,0.393761
AGCGTCTGAACCCGCA-1,0.45651,0.057514,0.000131,0.485844
AGCGTGGTATTCTACT-1,0.000015,0.002435,0.000015,0.997535
AGCGTTCCGATTTAAA-1,0.298095,0.000152,0.032129,0.669624
AGCTAACAAGCAATGT-1,0.000009,0.011175,0.000009,0.988807
AGCTAGAAGCAGAAGT-1,0.000042,0.000042,0.000042,0.999873
AGCTATTTAATCCAAC-1,0.092856,0.000028,0.011086,0.896029
AGCTCCATATATGTTC-1,0.016394,0.005448,0.000018,0.97814
AGCTCCTTCGCACATC-1,0.000732,0.008719,0.000024,0.990526
AGCTCGTTGATGGAAA-1,0.004596,0.000027,0.000027,0.99535
AGCTCTAGACGTTCCA-1,0.000015,0.001883,0.000015,0.998087
AGCTCTTCCCAGTGCA-1,0.000027,0.000027,0.017002,0.982944
AGCTCTTCGTAACCTT-1,0.000027,0.000027,0.005753,0.994193
AGCTCTTTACTCAGTT-1,0.00004,0.011166,0.000038,0.988755
AGCTGAAGTAAACCAA-1,0.031696,0.000024,0.01831,0.94997
AGCTGCATTTGAGGTG-1,0.249237,0.000372,0.000372,0.75002
AGCTGCTGTGCCGAAT-1,0.040652,0.000154,0.052988,0.906206
AGCTGTAACCTCAATC-1,0.000006,0.009659,0.000006,0.990328
AGCTTATAGAGACCTG-1,0.282532,0.000057,0.000057,0.717354
AGCTTCAATACTTTGA-1,0.147744,0.00009,0.00009,0.852075
AGCTTGATCTTAACTT-1,0.000032,0.007031,0.000032,0.992906
AGGAACGAACGACTTC-1,0.000016,0.000016,0.000016,0.999953
AGGAAGCTGTCCGCCG-1,0.000018,0.000018,0.000018,0.999945
AGGACAGTCGAATCCC-1,0.014435,0.023925,0.000039,0.961602
AGGACATCGCACGTCG-1,0.231994,0.000038,0.000346,0.767622
AGGACGACCCATTAGA-1,0.000017,0.000017,0.000017,0.99995
AGGACGCTCGATGTTG-1,0.000045,0.000045,0.023766,0.976144
AGGACTTATAGGAGAA-1,0.030853,0.940828,0.000024,0.028296
AGGAGACATCCACAGT-1,0.003497,0.197624,0.000031,0.798849
AGGAGAGTCTGGCTAC-1,0.000065,0.000065,0.000065,0.999805
AGGAGGCCTTCGCGCG-1,0.000013,0.000013,0.003841,0.996133
AGGATAAAGTCGGGAT-1,0.000017,0.020437,0.004975,0.97457
AGGATATAGGGATTTA-1,0.000025,0.030954,0.007377,0.961644
AGGATCACGCGATCTG-1,0.000008,0.017184,0.000008,0.9828
AGGATTGCTTACGACA-1,0.000031,0.000031,0.000031,0.999907
AGGCACGTGACTGTCC-1,0.000012,0.016582,0.000012,0.983393
AGGCAGATGCGTAAAC-1,0.070835,0.03239,0.006834,0.88994
AGGCAGGGAGCGTACT-1,0.000016,0.002721,0.000016,0.997248
AGGCATTGTCGTAGGG-1,0.000007,0.000007,0.000007,0.99998
AGGCCACATTGGTTAC-1,0.000018,0.000018,0.000018,0.999947
AGGCCACCCGTTATGA-1,0.000038,0.000038,0.000038,0.999886
AGGCCCAGTGACTGGT-1,0.516716,0.322171,0.000075,0.161038
AGGCCCATTGTACAGG-1,0.191937,0.000063,0.097439,0.710561
AGGCCCTAGAACGCCA-1,0.000007,0.005032,0.000007,0.994954
AGGCCTGAGAATCTCG-1,0.000012,0.002518,0.000012,0.997459
AGGCGATAACTGGCGT-1,0.000014,0.000014,0.000014,0.999957
AGGCGGTTTGTCCCGC-1,0.000009,0.149538,0.000009,0.850445
AGGCGTCTATGGACGG-1,0.000073,0.000073,0.013766,0.986087
AGGCTATGGTTAGCTT-1,0.040733,0.000086,0.000086,0.959095
AGGCTTCCCGAAGAAG-1,0.000015,0.00456,0.000015,0.995411
AGGCTTGCTAGACACC-1,0.152075,0.0378,0.000045,0.81008
AGGGAAACGAGGTACT-1,0.002591,0.000025,0.055541,0.941843
AGGGACAGCACGGCGG-1,0.086113,0.000086,0.000086,0.913714
AGGGACCGGCTGCGTT-1,0.00007,0.052847,0.00007,0.947013
AGGGACTCTACGCGAC-1,0.000023,0.009927,0.000023,0.990028
AGGGAGACATACTTCG-1,0.000051,0.000051,0.000051,0.999848
AGGGCAGCGGCGTGGT-1,0.424199,0.000026,0.049368,0.526407
AGGGCCCTAATGTTCT-1,0.000014,0.011734,0.000014,0.988237
AGGGCGAGCAGCTGAT-1,0.000012,0.005424,0.000012,0.994552
AGGGCGTGATCGGCTA-1,0.194882,0.000065,0.000065,0.804988
AGGGCTGCAGTTACAG-1,0.02015,0.000027,0.006399,0.973424
AGGGTCAGAGCACTCG-1,0.064887,0.065322,0.01814,0.85165
AGGGTCAGTAACCCTA-1,0.014717,0.000022,0.000022,0.98524
AGGGTCGATGCGAACT-1,0.000022,0.00547,0.000022,0.994486
AGGGTGCTCTCGAGGG-1,0.000028,0.021256,0.000028,0.978688
AGGGTGGATAGTGCAT-1,0.106244,0.011716,0.000039,0.882001
AGGGTGTGCTACACGC-1,0.114903,0.000074,0.07769,0.807333
AGGGTTCCCTTTGGTT-1,0.00008,0.00008,0.00008,0.99976
AGGGTTTAGTTCGGGA-1,0.000045,0.008008,0.000045,0.991902
AGGTAACCTCCTATTC-1,0.494157,0.027097,0.000095,0.478651
AGGTACGATATTGCCA-1,0.031402,0.000032,0.254063,0.714503
AGGTAGATCGAGATAT-1,0.000007,0.001416,0.000007,0.998571
AGGTAGGTACAAAGCT-1,0.000021,0.027686,0.000021,0.972272
AGGTATAATTGATAGT-1,0.000025,0.000025,0.000025,0.999924
AGGTATGCGGACATTA-1,0.000058,0.000058,0.000058,0.999826
AGGTCAGGTGAGAGTG-1,0.000007,0.000007,0.000007,0.99998
AGGTCGCCTCCCAACA-1,0.000015,0.009103,0.000015,0.990868
AGGTCGCGGAGTTACT-1,0.000034,0.000034,0.000034,0.999899
AGGTGGTGACCTTCGC-1,0.00009,0.080316,0.00009,0.919503
AGGTGTATCGCCATGA-1,0.000023,0.002453,0.000023,0.997501
AGGTGTTGCCGACCAC-1,0.00001,0.009112,0.00001,0.990868
AGGTTACACCATGCCG-1,0.00003,0.00003,0.003605,0.996336
AGGTTGAGGCACGCTT-1,0.028141,0.00004,0.00004,0.971779
AGGTTTCACACACCTT-1,0.007173,0.000218,0.000045,0.992565
AGTAACGTTCATCCTG-1,0.060633,0.000079,0.184942,0.754346
AGTAATGTCTTGCCGC-1,0.109719,0.018808,0.082015,0.789458
AGTACATCATTTATCA-1,0.000055,0.000055,0.000055,0.999835
AGTACCTTCGAGTGCT-1,0.000025,0.000025,0.068983,0.930966
AGTACGGCCCGTATCG-1,0.002333,0.072433,0.00003,0.925205
AGTACGGGCACCTGGC-1,0.000045,0.060337,0.009534,0.930083
AGTACGTGGCCTGTCT-1,0.051214,0.073795,0.151725,0.723266
AGTACTCTTATGCCCA-1,0.000031,0.000031,0.000031,0.999907
AGTAGCGTGAACGAAC-1,0.075881,0.00007,0.00007,0.923979
AGTAGCTAGACGCCGA-1,0.000135,0.000135,0.113378,0.886352
AGTAGGAAGGAAGTTG-1,0.000024,0.000024,0.006999,0.992954
AGTAGGTAACATACAT-1,0.36319,0.012899,0.473039,0.150872
AGTATAATACTAGGCA-1,0.022621,0.000065,0.000065,0.977249
AGTATGCTGGAGACCA-1,0.000012,0.011089,0.000012,0.988887
AGTATTTGGCACGACC-1,0.000017,0.017482,0.000017,0.982483
AGTCAAATGATGTGAT-1,0.05429,0.077958,0.000017,0.867734
AGTCAACACCACCATC-1,0.000038,0.000038,0.000038,0.999886
AGTCAAGATGACACTT-1,0.000023,0.020415,0.000023,0.979538
AGTCACTAGCTCTCGA-1,0.000013,0.000013,0.000013,0.999962
AGTCACTCCGCCTCAT-1,0.73354,0.032997,0.000091,0.233371
AGTCAGCCACCGCCTG-1,0.580132,0.000031,0.000031,0.419807
AGTCCATTGGCTGATG-1,0.003403,0.000028,0.000028,0.99654
AGTCCCGCCTTTAATT-1,0.021513,0.000032,0.02095,0.957506
AGTCCCTCGCAGAAAG-1,0.001438,0.000025,0.000025,0.998512
AGTCGACGGTCTCAAG-1,0.01238,0.000027,0.000027,0.987566
AGTCGGCCCAAACGAC-1,0.049741,0.050131,0.000049,0.90008
AGTCGGCTCAACTTTA-1,0.00001,0.00001,0.00001,0.999971
AGTCGGTTGCGTGAGA-1,0.000018,0.000018,0.000018,0.999946
AGTCGTCGACCACCAA-1,0.000013,0.000013,0.000013,0.999962
AGTCGTGGGCATTACG-1,0.00001,0.007041,0.00001,0.992939
AGTCTAAAGTATACTC-1,0.000049,0.000049,0.000049,0.999854
AGTCTCACAAGACTAC-1,0.000017,0.004362,0.000017,0.995605
AGTCTGGACATCCTTG-1,0.352481,0.010672,0.000024,0.636823
AGTCTTCTCCTCAAAT-1,0.001921,0.001052,0.023984,0.973043
AGTGAACAAACTTCTC-1,0.000011,0.008208,0.000011,0.991769
